Full_(co)spectra
----------------
natural_frequency_[Hz]_->_from_[1/_averaging_interval]_to_[acquisition_frequency_/_2]
normalized_frequency_[#]->_natural_frequency_*_measuring_height_/_wind_speed
y-axis_->_natural_frequency_*_(co)spectrum_/_(co)variance
acquisition_frequency_[Hz]_=_ 10.000
measuring_height_(z-d)_[m]_=_  3.990
wind_speed_[m+1s-1]_=_  0.080
averaging_interval_[min]_=_     30
tapering_window_=_SQUARED_(no_tapering_forced_by_EddyPro._Tapering_is_only_applied_for_binned_(co)spectra)
,,cov(w_ts)
,,1.1345450366287142E-003
natural_frequency,normalized_frequency,f_nat*cospec(w_ts)
0.610352E-03,0.304623E-01,-0.301717
0.122070E-02,0.609245E-01,0.301634
0.183105E-02,0.913868E-01,0.958017E-01
0.244141E-02,0.121849,0.277371
0.305176E-02,0.152311,0.189389
0.366211E-02,0.182774,-0.589835E-01
0.427246E-02,0.213236,0.257459E-02
0.488281E-02,0.243698,0.376077
0.549316E-02,0.274160,-0.241742
0.610352E-02,0.304623,0.131935
0.671387E-02,0.335085,-0.169930
0.732422E-02,0.365547,0.310309
0.793457E-02,0.396009,0.796559E-01
0.854492E-02,0.426472,-0.401891E-01
0.915527E-02,0.456934,0.153067E-01
0.976562E-02,0.487396,0.622175E-01
0.103760E-01,0.517859,-0.132945E-01
0.109863E-01,0.548321,0.196505
0.115967E-01,0.578783,-0.129416
0.122070E-01,0.609245,-0.120601
0.128174E-01,0.639708,0.483455E-01
0.134277E-01,0.670170,-0.117715
0.140381E-01,0.700632,0.417586E-01
0.146484E-01,0.731094,-0.883698E-01
0.152588E-01,0.761557,0.446512
0.158691E-01,0.792019,0.646419E-01
0.164795E-01,0.822481,0.636511E-02
0.170898E-01,0.852943,0.413983E-01
0.177002E-01,0.883406,-0.309162
0.183105E-01,0.913868,0.161363
0.189209E-01,0.944330,-0.157640
0.195312E-01,0.974793,-0.202643
0.201416E-01,1.00525,-0.159589E-01
0.207520E-01,1.03572,-0.545694E-01
0.213623E-01,1.06618,0.250516
0.219727E-01,1.09664,0.239516
0.225830E-01,1.12710,-0.720970E-01
0.231934E-01,1.15757,0.192929
0.238037E-01,1.18803,-0.121169
0.244141E-01,1.21849,0.383859E-01
0.250244E-01,1.24895,-0.605897E-01
0.256348E-01,1.27942,-0.102034
0.262451E-01,1.30988,-0.294758
0.268555E-01,1.34034,0.607567
0.274658E-01,1.37080,0.947880
0.280762E-01,1.40126,0.188663E-01
0.286865E-01,1.43173,-0.217752E-01
0.292969E-01,1.46219,0.418145E-01
0.299072E-01,1.49265,0.306292
0.305176E-01,1.52311,-0.979697E-01
0.311279E-01,1.55358,0.281907
0.317383E-01,1.58404,0.264268
0.323486E-01,1.61450,-0.131761
0.329590E-01,1.64496,0.163682
0.335693E-01,1.67542,0.260349
0.341797E-01,1.70589,-0.133219
0.347900E-01,1.73635,0.774239E-01
0.354004E-01,1.76681,-0.268371
0.360107E-01,1.79727,0.247831
0.366211E-01,1.82774,0.652521E-01
0.372314E-01,1.85820,0.261772
0.378418E-01,1.88866,-0.636565E-01
0.384521E-01,1.91912,-0.111199
0.390625E-01,1.94959,0.242090
0.396729E-01,1.98005,0.664383E-01
0.402832E-01,2.01051,0.318410
0.408936E-01,2.04097,-0.253858E-02
0.415039E-01,2.07143,0.859783E-01
0.421143E-01,2.10190,-0.417728E-01
0.427246E-01,2.13236,0.685379E-01
0.433350E-01,2.16282,0.858959E-01
0.439453E-01,2.19328,0.676878
0.445557E-01,2.22375,-0.804877E-01
0.451660E-01,2.25421,-0.107898
0.457764E-01,2.28467,-0.412348
0.463867E-01,2.31513,0.833667E-01
0.469971E-01,2.34559,-0.173264
0.476074E-01,2.37606,0.248246
0.482178E-01,2.40652,0.574594
0.488281E-01,2.43698,0.138046
0.494385E-01,2.46744,0.183280
0.500488E-01,2.49791,-0.238033E-01
0.506592E-01,2.52837,-0.104652
0.512695E-01,2.55883,0.529631
0.518799E-01,2.58929,1.08232
0.524902E-01,2.61976,1.06517
0.531006E-01,2.65022,1.69327
0.537109E-01,2.68068,-0.300780
0.543213E-01,2.71114,0.653270
0.549316E-01,2.74160,0.268614
0.555420E-01,2.77207,-0.358302
0.561523E-01,2.80253,0.567348E-01
0.567627E-01,2.83299,0.268502
0.573730E-01,2.86345,0.243374
0.579834E-01,2.89392,0.167168
0.585938E-01,2.92438,-0.197834
0.592041E-01,2.95484,0.315815
0.598145E-01,2.98530,0.648077E-02
0.604248E-01,3.01576,1.69940
0.610352E-01,3.04623,0.108239
0.616455E-01,3.07669,0.358690E-01
0.622559E-01,3.10715,0.651960E-02
0.628662E-01,3.13761,0.314402
0.634766E-01,3.16808,0.755335
0.640869E-01,3.19854,1.03973
0.646973E-01,3.22900,-0.352876E-01
0.653076E-01,3.25946,0.706476
0.659180E-01,3.28992,0.515043
0.665283E-01,3.32039,0.813721E-01
0.671387E-01,3.35085,0.296019
0.677490E-01,3.38131,0.412997
0.683594E-01,3.41177,0.180593
0.689697E-01,3.44224,-0.652722E-01
0.695801E-01,3.47270,-0.667679E-01
0.701904E-01,3.50316,0.539856
0.708008E-01,3.53362,0.320802
0.714111E-01,3.56409,0.365681E-01
0.720215E-01,3.59455,-0.112923E-01
0.726318E-01,3.62501,-0.671695E-02
0.732422E-01,3.65547,0.931566
0.738525E-01,3.68593,0.133684
0.744629E-01,3.71640,-0.424521
0.750732E-01,3.74686,1.20051
0.756836E-01,3.77732,1.49872
0.762939E-01,3.80778,0.517245
0.769043E-01,3.83825,0.518463
0.775146E-01,3.86871,0.852057
0.781250E-01,3.89917,0.441393
0.787354E-01,3.92963,0.697165E-02
0.793457E-01,3.96009,0.808050
0.799561E-01,3.99056,-0.419440
0.805664E-01,4.02102,0.278499
0.811768E-01,4.05148,1.70003
0.817871E-01,4.08194,-0.123013
0.823975E-01,4.11241,-1.19970
0.830078E-01,4.14287,1.45143
0.836182E-01,4.17333,0.509598
0.842285E-01,4.20379,0.400710
0.848389E-01,4.23426,-0.110421
0.854492E-01,4.26472,0.200267
0.860596E-01,4.29518,0.295124
0.866699E-01,4.32564,0.213690
0.872803E-01,4.35610,0.254163
0.878906E-01,4.38657,0.614915E-01
0.885010E-01,4.41703,-0.119975
0.891113E-01,4.44749,2.14658
0.897217E-01,4.47795,0.141580
0.903320E-01,4.50842,-0.559843
0.909424E-01,4.53888,-0.453853E-01
0.915527E-01,4.56934,1.66321
0.921631E-01,4.59980,0.931079E-01
0.927734E-01,4.63026,-0.297488
0.933838E-01,4.66073,0.417471
0.939941E-01,4.69119,0.339614
0.946045E-01,4.72165,0.325416
0.952148E-01,4.75211,0.365944E-01
0.958252E-01,4.78258,-0.762021E-01
0.964355E-01,4.81304,-0.425504
0.970459E-01,4.84350,0.204887
0.976562E-01,4.87396,1.12608
0.982666E-01,4.90443,0.373364E-01
0.988770E-01,4.93489,0.727557E-01
0.994873E-01,4.96535,-0.255328
0.100098,4.99581,0.646424
0.100708,5.02627,1.38750
0.101318,5.05674,0.359738
0.101929,5.08720,-0.143971
0.102539,5.11766,0.203788
0.103149,5.14812,0.391811
0.103760,5.17859,-0.180730
0.104370,5.20905,-0.261505
0.104980,5.23951,0.428814E-01
0.105591,5.26997,0.453874
0.106201,5.30043,-0.204495E-01
0.106812,5.33090,-0.447250
0.107422,5.36136,0.434332
0.108032,5.39182,-0.246381E-01
0.108643,5.42228,0.999866
0.109253,5.45275,-0.171856
0.109863,5.48321,-0.103165
0.110474,5.51367,0.200516
0.111084,5.54413,0.808763
0.111694,5.57459,-0.103523
0.112305,5.60506,0.264489
0.112915,5.63552,0.147521
0.113525,5.66598,-0.385653E-01
0.114136,5.69644,0.413712
0.114746,5.72691,0.310774
0.115356,5.75737,0.745587
0.115967,5.78783,0.330750
0.116577,5.81829,-0.265634
0.117188,5.84876,1.62091
0.117798,5.87922,0.366533
0.118408,5.90968,0.802245E-02
0.119019,5.94014,0.600497
0.119629,5.97060,0.913186
0.120239,6.00107,0.572616
0.120850,6.03153,0.306313
0.121460,6.06199,0.668709
0.122070,6.09245,0.194363E-01
0.122681,6.12292,0.667476
0.123291,6.15338,-0.715409
0.123901,6.18384,-0.287614
0.124512,6.21430,0.366905
0.125122,6.24476,0.260071E-01
0.125732,6.27523,-0.592847E-01
0.126343,6.30569,0.455904
0.126953,6.33615,0.539211
0.127563,6.36661,-0.523079E-01
0.128174,6.39708,0.371054
0.128784,6.42754,-0.319137
0.129395,6.45800,1.37913
0.130005,6.48846,0.587774
0.130615,6.51893,0.223891
0.131226,6.54939,0.448710
0.131836,6.57985,1.06956
0.132446,6.61031,0.757376E-01
0.133057,6.64077,1.52575
0.133667,6.67124,0.407117
0.134277,6.70170,0.639248
0.134888,6.73216,-0.360619
0.135498,6.76262,-0.225359
0.136108,6.79309,1.45227
0.136719,6.82355,0.701509
0.137329,6.85401,0.803576
0.137939,6.88447,0.131268
0.138550,6.91493,0.934433
0.139160,6.94540,0.475752E-01
0.139771,6.97586,-0.295742
0.140381,7.00632,-0.406304
0.140991,7.03678,0.820475E-01
0.141602,7.06725,0.755497
0.142212,7.09771,0.622522
0.142822,7.12817,0.442790
0.143433,7.15863,0.384182
0.144043,7.18910,-0.565872E-01
0.144653,7.21956,0.759057E-01
0.145264,7.25002,-0.193190
0.145874,7.28048,0.280976E-01
0.146484,7.31094,-0.985275E-02
0.147095,7.34141,0.415694
0.147705,7.37187,-0.169534
0.148315,7.40233,0.548275E-01
0.148926,7.43279,0.715555
0.149536,7.46326,0.641418
0.150146,7.49372,0.398475
0.150757,7.52418,2.59603
0.151367,7.55464,1.02111
0.151978,7.58510,1.27426
0.152588,7.61557,1.53525
0.153198,7.64603,0.597007
0.153809,7.67649,0.591990
0.154419,7.70695,1.81450
0.155029,7.73742,0.823009
0.155640,7.76788,-0.114145
0.156250,7.79834,-0.203720
0.156860,7.82880,-0.986605E-01
0.157471,7.85927,0.907388
0.158081,7.88973,-0.132807
0.158691,7.92019,0.493639
0.159302,7.95065,1.01427
0.159912,7.98111,0.325979
0.160522,8.01158,-0.186821E-01
0.161133,8.04204,1.22217
0.161743,8.07250,1.31062
0.162354,8.10296,0.907516E-01
0.162964,8.13343,2.40795
0.163574,8.16389,-0.144572
0.164185,8.19435,0.933262
0.164795,8.22481,0.542417
0.165405,8.25527,1.41247
0.166016,8.28574,0.458285
0.166626,8.31620,0.141366
0.167236,8.34666,-0.363730
0.167847,8.37712,0.572322
0.168457,8.40759,0.291174
0.169067,8.43805,0.825171
0.169678,8.46851,0.553700
0.170288,8.49897,-0.529579E-01
0.170898,8.52943,-0.238296
0.171509,8.55990,-0.259696
0.172119,8.59036,2.18373
0.172729,8.62082,-0.181205
0.173340,8.65128,0.179652
0.173950,8.68175,-0.217102
0.174561,8.71221,0.140979
0.175171,8.74267,0.637904
0.175781,8.77313,0.641831
0.176392,8.80360,0.936197
0.177002,8.83406,0.620830
0.177612,8.86452,-0.957609E-01
0.178223,8.89498,0.679635
0.178833,8.92544,-0.443733
0.179443,8.95591,-0.248894
0.180054,8.98637,0.354062
0.180664,9.01683,0.101588
0.181274,9.04729,0.818766
0.181885,9.07776,0.140912
0.182495,9.10822,0.984199E-01
0.183105,9.13868,-0.811355E-01
0.183716,9.16914,0.212148E-01
0.184326,9.19960,0.248774
0.184937,9.23007,0.119380
0.185547,9.26053,0.261894
0.186157,9.29099,0.557848
0.186768,9.32145,0.429151
0.187378,9.35192,0.302687
0.187988,9.38238,1.23568
0.188599,9.41284,0.407270
0.189209,9.44330,0.594396
0.189819,9.47377,0.886615
0.190430,9.50423,0.320580
0.191040,9.53469,0.396960
0.191650,9.56515,1.10384
0.192261,9.59561,0.324312E-01
0.192871,9.62608,0.398378E-01
0.193481,9.65654,0.944157E-02
0.194092,9.68700,1.79213
0.194702,9.71746,0.405647E-01
0.195312,9.74793,0.200043
0.195923,9.77839,0.892083
0.196533,9.80885,-0.180625
0.197144,9.83931,-0.169271
0.197754,9.86977,0.611467E-01
0.198364,9.90024,-0.678553E-01
0.198975,9.93070,0.945282
0.199585,9.96116,-0.106753
0.200195,9.99162,1.81546
0.200806,10.0221,0.543454
0.201416,10.0525,0.652721
0.202026,10.0830,1.64259
0.202637,10.1135,-0.362657
0.203247,10.1439,1.56391
0.203857,10.1744,0.596006
0.204468,10.2049,0.353059
0.205078,10.2353,0.676783
0.205688,10.2658,0.503170
0.206299,10.2962,0.621438
0.206909,10.3267,0.829671
0.207520,10.3572,0.334377
0.208130,10.3876,0.537191
0.208740,10.4181,0.860325
0.209351,10.4486,0.221525
0.209961,10.4790,0.559528
0.210571,10.5095,0.814954
0.211182,10.5399,-0.952056E-01
0.211792,10.5704,0.641253E-01
0.212402,10.6009,0.237434
0.213013,10.6313,-0.397092
0.213623,10.6618,0.530455
0.214233,10.6923,0.588797
0.214844,10.7227,0.486782
0.215454,10.7532,-0.280437
0.216064,10.7836,-0.809565
0.216675,10.8141,0.312330
0.217285,10.8446,0.200376
0.217896,10.8750,0.231630
0.218506,10.9055,-0.728690
0.219116,10.9360,0.940108
0.219727,10.9664,1.79728
0.220337,10.9969,0.720195
0.220947,11.0273,-0.718906
0.221558,11.0578,0.227022
0.222168,11.0883,-0.382769
0.222778,11.1187,0.332467E-01
0.223389,11.1492,-0.308827
0.223999,11.1797,0.213853
0.224609,11.2101,0.909683
0.225220,11.2406,-0.384064
0.225830,11.2710,0.521003E-01
0.226440,11.3015,-0.547174
0.227051,11.3320,0.250950
0.227661,11.3624,0.736517
0.228271,11.3929,1.72014
0.228882,11.4234,0.495921
0.229492,11.4538,1.53700
0.230103,11.4843,0.355479
0.230713,11.5147,0.699143
0.231323,11.5452,-0.128831
0.231934,11.5757,0.885050
0.232544,11.6061,-0.439014E-01
0.233154,11.6366,0.117332
0.233765,11.6670,0.127495
0.234375,11.6975,1.24813
0.234985,11.7280,-0.170426
0.235596,11.7584,1.09206
0.236206,11.7889,-0.195440
0.236816,11.8194,0.452320
0.237427,11.8498,-0.205919
0.238037,11.8803,-0.564361
0.238647,11.9107,0.543821E-01
0.239258,11.9412,-0.209049
0.239868,11.9717,0.330198E-01
0.240479,12.0021,1.63185
0.241089,12.0326,0.236147
0.241699,12.0631,0.382042
0.242310,12.0935,0.515341
0.242920,12.1240,0.946401E-02
0.243530,12.1544,1.33988
0.244141,12.1849,-0.358848E-01
0.244751,12.2154,0.160510
0.245361,12.2458,0.123002
0.245972,12.2763,0.691098E-01
0.246582,12.3068,0.377628
0.247192,12.3372,0.281075
0.247803,12.3677,1.16587
0.248413,12.3981,-0.409911E-01
0.249023,12.4286,0.376482
0.249634,12.4591,-0.272446
0.250244,12.4895,0.105458
0.250854,12.5200,0.410043
0.251465,12.5505,0.245491
0.252075,12.5809,-0.462472
0.252686,12.6114,0.106948E-01
0.253296,12.6418,0.243949E-01
0.253906,12.6723,0.246422
0.254517,12.7028,-0.306168
0.255127,12.7332,-0.556070
0.255737,12.7637,-0.519055
0.256348,12.7942,0.321764
0.256958,12.8246,2.21698
0.257568,12.8551,1.34659
0.258179,12.8855,0.905489
0.258789,12.9160,0.512533
0.259399,12.9465,0.419774
0.260010,12.9769,0.492447
0.260620,13.0074,0.406931
0.261230,13.0379,-0.206750E-01
0.261841,13.0683,0.159863
0.262451,13.0988,0.348809
0.263062,13.1292,0.375238
0.263672,13.1597,-0.190881E-01
0.264282,13.1902,0.936954
0.264893,13.2206,0.509509E-01
0.265503,13.2511,-0.453241
0.266113,13.2815,0.990834
0.266724,13.3120,-0.105972E-01
0.267334,13.3425,1.00193
0.267944,13.3729,1.10481
0.268555,13.4034,0.371557E-01
0.269165,13.4339,-0.500820
0.269775,13.4643,-0.211179E-01
0.270386,13.4948,0.579228
0.270996,13.5252,0.531026
0.271606,13.5557,0.196507
0.272217,13.5862,0.869333
0.272827,13.6166,0.263590
0.273438,13.6471,0.348860
0.274048,13.6776,0.951391
0.274658,13.7080,-0.820813E-01
0.275269,13.7385,1.00693
0.275879,13.7689,3.14029
0.276489,13.7994,0.739819E-01
0.277100,13.8299,1.08871
0.277710,13.8603,0.268354
0.278320,13.8908,0.450428
0.278931,13.9213,1.26602
0.279541,13.9517,0.311073
0.280151,13.9822,0.485117
0.280762,14.0126,-0.309043
0.281372,14.0431,0.379637E-01
0.281982,14.0736,-0.353103
0.282593,14.1040,-0.186156
0.283203,14.1345,0.395032
0.283813,14.1650,1.22666
0.284424,14.1954,0.701543
0.285034,14.2259,-0.101714
0.285645,14.2563,-0.362912
0.286255,14.2868,1.34771
0.286865,14.3173,2.11314
0.287476,14.3477,0.781835
0.288086,14.3782,0.722547
0.288696,14.4087,0.131215
0.289307,14.4391,-0.212359E-01
0.289917,14.4696,-0.623243
0.290527,14.5000,-0.136964E-01
0.291138,14.5305,1.57179
0.291748,14.5610,0.204383
0.292358,14.5914,-0.181810
0.292969,14.6219,0.406440
0.293579,14.6524,-0.603069E-01
0.294189,14.6828,0.478712E-01
0.294800,14.7133,0.368559
0.295410,14.7437,-0.762506
0.296021,14.7742,-0.584428
0.296631,14.8047,1.25128
0.297241,14.8351,0.932407
0.297852,14.8656,0.561003E-01
0.298462,14.8960,0.441752
0.299072,14.9265,0.684287E-01
0.299683,14.9570,-0.224236E-01
0.300293,14.9874,-0.293948
0.300903,15.0179,-0.293299
0.301514,15.0484,0.286874
0.302124,15.0788,0.368549
0.302734,15.1093,-0.208835
0.303345,15.1397,-0.581702E-01
0.303955,15.1702,2.94255
0.304565,15.2007,0.483756E-01
0.305176,15.2311,2.81385
0.305786,15.2616,0.140932
0.306396,15.2921,0.344261
0.307007,15.3225,0.659603
0.307617,15.3530,0.123821
0.308228,15.3834,0.498697
0.308838,15.4139,0.775474
0.309448,15.4444,0.153901
0.310059,15.4748,0.666352
0.310669,15.5053,0.434474
0.311279,15.5358,-0.108670
0.311890,15.5662,0.424358
0.312500,15.5967,0.342960E-01
0.313110,15.6271,1.42020
0.313721,15.6576,-0.368113
0.314331,15.6881,-0.538572
0.314941,15.7185,0.902760E-01
0.315552,15.7490,0.752306E-01
0.316162,15.7795,1.49296
0.316772,15.8099,0.239245
0.317383,15.8404,0.610147
0.317993,15.8708,0.204936
0.318604,15.9013,-0.383357
0.319214,15.9318,0.669272
0.319824,15.9622,2.07873
0.320435,15.9927,1.72240
0.321045,16.0232,-0.463348
0.321655,16.0536,-0.239784
0.322266,16.0841,-0.335642
0.322876,16.1145,0.209958
0.323486,16.1450,2.10315
0.324097,16.1755,-0.883479
0.324707,16.2059,0.119910
0.325317,16.2364,1.26337
0.325928,16.2669,0.264346
0.326538,16.2973,0.493055
0.327148,16.3278,0.930826E-01
0.327759,16.3582,0.329137
0.328369,16.3887,0.374828
0.328979,16.4192,-0.499587
0.329590,16.4496,0.354586
0.330200,16.4801,1.20580
0.330811,16.5105,-0.114999
0.331421,16.5410,0.799852
0.332031,16.5715,-0.396275E-02
0.332642,16.6019,-0.189499
0.333252,16.6324,0.492044
0.333862,16.6629,0.132365
0.334473,16.6933,-0.242587
0.335083,16.7238,0.192596
0.335693,16.7542,-0.356888E-01
0.336304,16.7847,-0.111429
0.336914,16.8152,2.45741
0.337524,16.8456,0.241768
0.338135,16.8761,-0.738769E-02
0.338745,16.9066,0.296657E-01
0.339355,16.9370,-0.339853E-01
0.339966,16.9675,0.151886
0.340576,16.9979,0.795080
0.341187,17.0284,0.416638
0.341797,17.0589,-0.547728
0.342407,17.0893,-0.607631
0.343018,17.1198,0.162182
0.343628,17.1503,0.323573
0.344238,17.1807,0.107156
0.344849,17.2112,0.337410
0.345459,17.2416,0.559490
0.346069,17.2721,0.120054
0.346680,17.3026,-0.368808E-01
0.347290,17.3330,0.950945
0.347900,17.3635,0.160303
0.348511,17.3940,0.137039
0.349121,17.4244,0.665033
0.349731,17.4549,0.533331
0.350342,17.4853,1.60605
0.350952,17.5158,0.744875
0.351562,17.5463,1.81926
0.352173,17.5767,-0.698581
0.352783,17.6072,-0.357913
0.353394,17.6377,0.341417
0.354004,17.6681,-0.297921
0.354614,17.6986,0.526675E-01
0.355225,17.7290,0.739415E-02
0.355835,17.7595,0.553528
0.356445,17.7900,0.284689
0.357056,17.8204,0.273730
0.357666,17.8509,0.150393
0.358276,17.8814,-0.376434
0.358887,17.9118,-0.856969E-01
0.359497,17.9423,1.92992
0.360107,17.9727,-0.166557
0.360718,18.0032,0.402862
0.361328,18.0337,-0.313869
0.361938,18.0641,-0.478790
0.362549,18.0946,0.195306
0.363159,18.1250,0.315315
0.363770,18.1555,-0.139700
0.364380,18.1860,-0.949738E-01
0.364990,18.2164,-0.249003E-01
0.365601,18.2469,0.399878
0.366211,18.2774,0.640120
0.366821,18.3078,0.490825
0.367432,18.3383,0.522237
0.368042,18.3687,0.424785
0.368652,18.3992,-0.320555
0.369263,18.4297,0.428888
0.369873,18.4601,0.692323E-01
0.370483,18.4906,-0.996664E-01
0.371094,18.5211,0.365950
0.371704,18.5515,0.237452
0.372314,18.5820,0.545166
0.372925,18.6124,0.758916
0.373535,18.6429,0.595686E-01
0.374146,18.6734,-0.912755E-01
0.374756,18.7038,0.501559E-01
0.375366,18.7343,-0.172832E-01
0.375977,18.7648,0.704406
0.376587,18.7952,0.397695
0.377197,18.8257,-0.396772
0.377808,18.8561,0.127223
0.378418,18.8866,0.888668
0.379028,18.9171,-0.112134
0.379639,18.9475,-0.920476E-01
0.380249,18.9780,0.489699
0.380859,19.0085,0.373738
0.381470,19.0389,1.01186
0.382080,19.0694,0.966017
0.382690,19.0998,0.292935E-02
0.383301,19.1303,0.397654
0.383911,19.1608,-0.118817
0.384521,19.1912,0.381271
0.385132,19.2217,-0.229658
0.385742,19.2522,0.113090
0.386353,19.2826,0.228915E-01
0.386963,19.3131,0.563907
0.387573,19.3435,-0.687087E-01
0.388184,19.3740,-0.146396E-01
0.388794,19.4045,-1.28852
0.389404,19.4349,-0.156263
0.390015,19.4654,0.563258
0.390625,19.4959,0.451114
0.391235,19.5263,-0.203232E-01
0.391846,19.5568,-0.114284E-01
0.392456,19.5872,0.258935E-02
0.393066,19.6177,-0.229972
0.393677,19.6482,0.370896
0.394287,19.6786,0.284518
0.394897,19.7091,2.02476
0.395508,19.7395,-0.169433
0.396118,19.7700,-0.478963
0.396729,19.8005,0.402687
0.397339,19.8309,0.439403
0.397949,19.8614,0.530236E-01
0.398560,19.8919,-0.240371
0.399170,19.9223,0.489513
0.399780,19.9528,0.119408
0.400391,19.9832,0.389107E-01
0.401001,20.0137,-0.258898E-01
0.401611,20.0442,0.768661E-01
0.402222,20.0746,0.501418
0.402832,20.1051,-0.375239
0.403442,20.1356,0.353316
0.404053,20.1660,-0.100862
0.404663,20.1965,0.603363
0.405273,20.2269,0.271714
0.405884,20.2574,0.319345
0.406494,20.2879,1.09371
0.407104,20.3183,-0.472065
0.407715,20.3488,-0.425261E-01
0.408325,20.3793,1.00378
0.408936,20.4097,-0.326855E-02
0.409546,20.4402,-0.463737
0.410156,20.4706,0.159974
0.410767,20.5011,0.389497
0.411377,20.5316,-0.149730
0.411987,20.5620,-0.934015E-03
0.412598,20.5925,0.741177
0.413208,20.6230,0.219065
0.413818,20.6534,0.369460
0.414429,20.6839,-0.394697E-01
0.415039,20.7143,1.65847
0.415649,20.7448,-0.881016E-01
0.416260,20.7753,0.825330E-02
0.416870,20.8057,-0.211485
0.417480,20.8362,0.529817
0.418091,20.8667,1.64086
0.418701,20.8971,-0.127487E-02
0.419312,20.9276,-0.380103
0.419922,20.9580,0.602253
0.420532,20.9885,0.456406
0.421143,21.0190,0.166071
0.421753,21.0494,0.161850E-01
0.422363,21.0799,0.333839
0.422974,21.1104,0.464350
0.423584,21.1408,0.602554
0.424194,21.1713,0.391193
0.424805,21.2017,0.863563
0.425415,21.2322,1.12650
0.426025,21.2627,0.364993E-01
0.426636,21.2931,1.48948
0.427246,21.3236,0.356982
0.427856,21.3540,0.243537
0.428467,21.3845,-0.388745
0.429077,21.4150,0.200104E-01
0.429688,21.4454,0.749038E-01
0.430298,21.4759,-0.332200
0.430908,21.5064,-0.198456E-01
0.431519,21.5368,-0.148554
0.432129,21.5673,0.124319E-01
0.432739,21.5977,1.03656
0.433350,21.6282,-0.153220
0.433960,21.6587,0.801697E-01
0.434570,21.6891,0.133906
0.435181,21.7196,0.347030
0.435791,21.7501,0.412831E-01
0.436401,21.7805,-0.792270
0.437012,21.8110,-0.380774E-01
0.437622,21.8414,0.296747
0.438232,21.8719,0.580508
0.438843,21.9024,0.961029
0.439453,21.9328,0.486668
0.440063,21.9633,-0.203595
0.440674,21.9938,0.493718
0.441284,22.0242,-1.09706
0.441895,22.0547,-0.970783E-01
0.442505,22.0851,0.227484E-01
0.443115,22.1156,-0.215115
0.443726,22.1461,0.504573E-01
0.444336,22.1765,0.519723
0.444946,22.2070,0.536830
0.445557,22.2375,0.549046E-01
0.446167,22.2679,0.329539
0.446777,22.2984,0.370602
0.447388,22.3288,-0.150776
0.447998,22.3593,0.607988E-01
0.448608,22.3898,0.112748
0.449219,22.4202,0.510511
0.449829,22.4507,-0.121668
0.450439,22.4812,0.294514
0.451050,22.5116,-0.147804
0.451660,22.5421,0.141730
0.452271,22.5725,-0.199025
0.452881,22.6030,0.631775
0.453491,22.6335,0.599762
0.454102,22.6639,0.130793
0.454712,22.6944,-0.188530
0.455322,22.7249,-0.468238E-01
0.455933,22.7553,0.888316E-01
0.456543,22.7858,0.266003
0.457153,22.8162,0.151435
0.457764,22.8467,-0.520356E-01
0.458374,22.8772,0.471699
0.458984,22.9076,0.362457
0.459595,22.9381,0.363487
0.460205,22.9685,0.890978
0.460815,22.9990,0.137941
0.461426,23.0295,-0.676626E-01
0.462036,23.0599,-0.142456
0.462646,23.0904,0.525665
0.463257,23.1209,-0.156351E-01
0.463867,23.1513,-0.115518
0.464478,23.1818,0.149834
0.465088,23.2122,2.31937
0.465698,23.2427,0.651382
0.466309,23.2732,-0.142063
0.466919,23.3036,0.393676
0.467529,23.3341,0.305385
0.468140,23.3646,0.446974
0.468750,23.3950,0.394405
0.469360,23.4255,-0.735302
0.469971,23.4559,0.179394E-01
0.470581,23.4864,0.172779E-01
0.471191,23.5169,0.170374
0.471802,23.5473,-0.175637
0.472412,23.5778,0.903024
0.473022,23.6083,0.454606
0.473633,23.6387,-0.174239
0.474243,23.6692,0.185245
0.474854,23.6996,-0.602863E-01
0.475464,23.7301,0.194177
0.476074,23.7606,-0.480865
0.476685,23.7910,0.117005
0.477295,23.8215,0.465991
0.477905,23.8520,0.256113
0.478516,23.8824,0.134500
0.479126,23.9129,-0.519096E-01
0.479736,23.9433,0.504083
0.480347,23.9738,-0.130777
0.480957,24.0043,0.209909
0.481567,24.0347,0.577206E-02
0.482178,24.0652,-0.147217
0.482788,24.0957,-0.649353E-01
0.483398,24.1261,1.39949
0.484009,24.1566,0.575467
0.484619,24.1870,0.296446
0.485229,24.2175,-0.880929E-01
0.485840,24.2480,0.332250
0.486450,24.2784,-0.117927
0.487061,24.3089,-0.204346
0.487671,24.3394,0.373042
0.488281,24.3698,-0.552418
0.488892,24.4003,0.261006
0.489502,24.4307,-0.436181
0.490112,24.4612,0.198468
0.490723,24.4917,1.29576
0.491333,24.5221,0.343910
0.491943,24.5526,0.146538
0.492554,24.5830,0.225295
0.493164,24.6135,0.346346E-01
0.493774,24.6440,0.204630E-01
0.494385,24.6744,0.172802
0.494995,24.7049,0.192910
0.495605,24.7354,0.470546
0.496216,24.7658,0.234816
0.496826,24.7963,-0.272032E-01
0.497437,24.8267,-0.253679
0.498047,24.8572,-0.906469E-01
0.498657,24.8877,-0.443040
0.499268,24.9181,0.462105
0.499878,24.9486,-0.282599
0.500488,24.9791,0.562146E-01
0.501099,25.0095,0.758856
0.501709,25.0400,0.140222
0.502319,25.0704,2.40305
0.502930,25.1009,0.368033
0.503540,25.1314,1.31930
0.504150,25.1618,-0.356278
0.504761,25.1923,0.358854
0.505371,25.2228,0.101051
0.505981,25.2532,-0.424145
0.506592,25.2837,0.250544E-01
0.507202,25.3141,0.463522
0.507812,25.3446,0.975266E-01
0.508423,25.3751,1.09477
0.509033,25.4055,0.140071
0.509644,25.4360,0.878647E-01
0.510254,25.4665,0.151180
0.510864,25.4969,-0.478732E-01
0.511475,25.5274,0.962779E-01
0.512085,25.5578,0.136887
0.512695,25.5883,-0.169506
0.513306,25.6188,0.286330E-01
0.513916,25.6492,0.196180E-03
0.514526,25.6797,-0.708825E-01
0.515137,25.7102,-0.522929
0.515747,25.7406,0.475837E-01
0.516357,25.7711,0.260563
0.516968,25.8015,0.625184E-01
0.517578,25.8320,-0.474771E-01
0.518188,25.8625,0.535713
0.518799,25.8929,-0.252412
0.519409,25.9234,1.80504
0.520020,25.9539,0.347357
0.520630,25.9843,0.765895
0.521240,26.0148,0.675118
0.521851,26.0452,-0.129036
0.522461,26.0757,0.216248
0.523071,26.1062,0.435182E-01
0.523682,26.1366,0.951042
0.524292,26.1671,0.353592E-01
0.524902,26.1976,-0.299771E-01
0.525513,26.2280,-0.489918E-01
0.526123,26.2585,0.195870
0.526733,26.2889,0.557159E-02
0.527344,26.3194,-0.292453E-01
0.527954,26.3499,0.151522
0.528564,26.3803,-0.489525
0.529175,26.4108,0.460954
0.529785,26.4412,0.604738
0.530396,26.4717,-0.596028E-01
0.531006,26.5022,1.23510
0.531616,26.5326,0.363998E-01
0.532227,26.5631,0.106904
0.532837,26.5936,0.802701
0.533447,26.6240,0.751238E-02
0.534058,26.6545,0.417913E-02
0.534668,26.6849,0.156616
0.535278,26.7154,0.130017
0.535889,26.7459,0.266087
0.536499,26.7763,0.319948E-01
0.537109,26.8068,0.798899
0.537720,26.8373,0.151466E-01
0.538330,26.8677,0.603674
0.538940,26.8982,-0.462327E-01
0.539551,26.9286,-0.551255E-01
0.540161,26.9591,0.796357
0.540771,26.9896,0.133787
0.541382,27.0200,-0.903766E-01
0.541992,27.0505,0.557171
0.542603,27.0810,0.789425
0.543213,27.1114,0.907781E-02
0.543823,27.1419,0.304817E-02
0.544434,27.1723,-0.205170
0.545044,27.2028,-0.158249
0.545654,27.2333,-0.179358
0.546265,27.2637,0.328190
0.546875,27.2942,0.472178E-01
0.547485,27.3247,0.252736
0.548096,27.3551,0.502055
0.548706,27.3856,0.810057E-01
0.549316,27.4160,-0.684842E-01
0.549927,27.4465,0.792198E-01
0.550537,27.4770,-0.316354E-01
0.551147,27.5074,-0.152932E-01
0.551758,27.5379,-0.494249E-01
0.552368,27.5684,0.734603E-01
0.552979,27.5988,-0.454692
0.553589,27.6293,0.844356E-01
0.554199,27.6597,0.453621
0.554810,27.6902,0.377892
0.555420,27.7207,-0.973187E-01
0.556030,27.7511,-0.603927E-01
0.556641,27.7816,0.655135E-01
0.557251,27.8121,0.317959E-01
0.557861,27.8425,0.220165
0.558472,27.8730,0.903698E-01
0.559082,27.9034,0.594175E-01
0.559692,27.9339,-0.106841
0.560303,27.9644,0.160680
0.560913,27.9948,0.792045E-01
0.561523,28.0253,-0.480767
0.562134,28.0557,0.300905E-01
0.562744,28.0862,-0.137391
0.563354,28.1167,0.172843
0.563965,28.1471,-0.175834
0.564575,28.1776,1.49416
0.565186,28.2081,-0.337278E-03
0.565796,28.2385,-0.251634
0.566406,28.2690,0.196062
0.567017,28.2994,-0.411268E-01
0.567627,28.3299,0.642769
0.568237,28.3604,1.08996
0.568848,28.3908,0.614808
0.569458,28.4213,0.302805
0.570068,28.4518,-0.104411
0.570679,28.4822,-0.302630
0.571289,28.5127,0.126885
0.571899,28.5431,0.147393
0.572510,28.5736,-0.302702E-01
0.573120,28.6041,0.358981E-02
0.573730,28.6345,-0.695870
0.574341,28.6650,0.465735
0.574951,28.6955,-0.981410E-01
0.575562,28.7259,-0.390204E-01
0.576172,28.7564,0.285624
0.576782,28.7868,0.242780
0.577393,28.8173,0.352515E-01
0.578003,28.8478,0.102738
0.578613,28.8782,0.509447
0.579224,28.9087,-0.760799E-01
0.579834,28.9392,-0.193889
0.580444,28.9696,-0.125353
0.581055,29.0001,-0.449782E-02
0.581665,29.0305,0.139988
0.582275,29.0610,0.399228
0.582886,29.0915,-0.382943
0.583496,29.1219,0.333618E-01
0.584106,29.1524,0.698933E-01
0.584717,29.1829,0.186527
0.585327,29.2133,-0.674313E-01
0.585938,29.2438,0.132443
0.586548,29.2742,1.56230
0.587158,29.3047,-0.326922E-01
0.587769,29.3352,0.145345
0.588379,29.3656,0.426750
0.588989,29.3961,0.327445
0.589600,29.4266,0.233046
0.590210,29.4570,0.679228E-01
0.590820,29.4875,-0.144123
0.591431,29.5179,0.835898
0.592041,29.5484,0.686610
0.592651,29.5789,0.593683
0.593262,29.6093,0.236205
0.593872,29.6398,0.437854
0.594482,29.6702,-0.189159E-01
0.595093,29.7007,-0.200378
0.595703,29.7312,0.179025E-01
0.596313,29.7616,0.584661
0.596924,29.7921,0.359355
0.597534,29.8226,0.953238E-01
0.598145,29.8530,0.450861
0.598755,29.8835,0.220416
0.599365,29.9139,-0.980463E-01
0.599976,29.9444,0.321599
0.600586,29.9749,-0.258733E-01
0.601196,30.0053,0.963996E-01
0.601807,30.0358,-0.293708E-01
0.602417,30.0663,-0.461475E-01
0.603027,30.0967,-0.995396E-01
0.603638,30.1272,0.375987E-02
0.604248,30.1576,0.291770
0.604858,30.1881,0.191679
0.605469,30.2186,0.178885E-01
0.606079,30.2490,0.820714
0.606689,30.2795,-0.319265
0.607300,30.3100,-0.644890E-01
0.607910,30.3404,-0.218376
0.608521,30.3709,0.369683
0.609131,30.4013,0.142503E-01
0.609741,30.4318,-0.614039
0.610352,30.4623,-0.121882
0.610962,30.4927,-0.569150
0.611572,30.5232,0.324781
0.612183,30.5537,0.546022E-01
0.612793,30.5841,0.161718
0.613403,30.6146,-0.565735
0.614014,30.6450,0.153296
0.614624,30.6755,-0.235057
0.615234,30.7060,0.415434
0.615845,30.7364,-0.197238
0.616455,30.7669,0.519736
0.617065,30.7974,0.651341
0.617676,30.8278,0.436794E-01
0.618286,30.8583,1.17300
0.618896,30.8887,0.946194
0.619507,30.9192,1.02107
0.620117,30.9497,-0.147936
0.620728,30.9801,0.588985
0.621338,31.0106,0.249307
0.621948,31.0411,0.490485
0.622559,31.0715,0.279085
0.623169,31.1020,0.168300
0.623779,31.1324,0.459673
0.624390,31.1629,0.614461E-01
0.625000,31.1934,-0.943820E-01
0.625610,31.2238,0.864189E-01
0.626221,31.2543,0.566513
0.626831,31.2847,0.178745
0.627441,31.3152,-0.155421
0.628052,31.3457,0.255075E-01
0.628662,31.3761,-0.714653E-01
0.629272,31.4066,0.461449
0.629883,31.4371,0.152538
0.630493,31.4675,0.461390E-01
0.631104,31.4980,0.395420
0.631714,31.5284,0.198495
0.632324,31.5589,0.195153
0.632935,31.5894,0.532031
0.633545,31.6198,0.368156
0.634155,31.6503,0.133894
0.634766,31.6808,0.148944
0.635376,31.7112,-0.280135
0.635986,31.7417,-0.265192
0.636597,31.7721,0.740131E-01
0.637207,31.8026,0.262633
0.637817,31.8331,-0.251278E-01
0.638428,31.8635,0.209103
0.639038,31.8940,0.323562
0.639648,31.9245,0.281988
0.640259,31.9549,1.21200
0.640869,31.9854,0.116809E-01
0.641479,32.0158,0.143948E-02
0.642090,32.0463,0.454557
0.642700,32.0768,0.474304
0.643311,32.1072,0.232284
0.643921,32.1377,-0.332807
0.644531,32.1682,1.33480
0.645142,32.1986,0.404152E-01
0.645752,32.2291,-0.855858E-01
0.646362,32.2595,0.123628E-01
0.646973,32.2900,-0.844032
0.647583,32.3205,0.784319
0.648193,32.3509,0.157312E-01
0.648804,32.3814,-0.429046
0.649414,32.4119,1.20475
0.650024,32.4423,0.269827
0.650635,32.4728,0.584976
0.651245,32.5032,0.639891
0.651855,32.5337,-0.212087
0.652466,32.5642,0.400231
0.653076,32.5946,0.124907
0.653687,32.6251,0.685126
0.654297,32.6556,0.111184E-01
0.654907,32.6860,-0.339027
0.655518,32.7165,0.240906
0.656128,32.7469,0.144444
0.656738,32.7774,0.373004
0.657349,32.8079,0.258213E-01
0.657959,32.8383,0.581382
0.658569,32.8688,0.972449E-02
0.659180,32.8992,-0.833760E-01
0.659790,32.9297,-0.360448
0.660400,32.9602,0.162147
0.661011,32.9906,-0.302894E-01
0.661621,33.0211,-0.832037E-03
0.662231,33.0516,-0.302768E-01
0.662842,33.0820,-0.442793
0.663452,33.1125,0.172313
0.664062,33.1429,0.236752
0.664673,33.1734,-0.157271
0.665283,33.2039,-0.371179E-01
0.665894,33.2343,0.229918E-01
0.666504,33.2648,0.674383
0.667114,33.2953,0.441258E-01
0.667725,33.3257,0.128153
0.668335,33.3562,0.128529
0.668945,33.3866,0.146162
0.669556,33.4171,0.455070E-01
0.670166,33.4476,0.795585
0.670776,33.4780,-0.468756
0.671387,33.5085,-0.107785
0.671997,33.5390,-0.187944
0.672607,33.5694,0.474346
0.673218,33.5999,-0.673815E-01
0.673828,33.6303,0.194895
0.674438,33.6608,-0.216773
0.675049,33.6913,0.420026E-01
0.675659,33.7217,-0.136653
0.676270,33.7522,0.260599E-01
0.676880,33.7827,0.294042
0.677490,33.8131,-0.127823
0.678101,33.8436,-0.154508
0.678711,33.8740,0.176810
0.679321,33.9045,0.169457
0.679932,33.9350,-0.169831
0.680542,33.9654,-0.286039
0.681152,33.9959,-0.415314
0.681763,34.0264,0.565530E-01
0.682373,34.0568,0.184685
0.682983,34.0873,0.381079E-01
0.683594,34.1177,0.132327
0.684204,34.1482,0.238513
0.684814,34.1787,0.494638
0.685425,34.2091,-0.365703
0.686035,34.2396,-0.248275E-01
0.686646,34.2701,0.473775
0.687256,34.3005,-0.128049
0.687866,34.3310,0.211309
0.688477,34.3614,0.198542
0.689087,34.3919,-0.120629
0.689697,34.4224,0.542048E-01
0.690308,34.4528,0.678029E-01
0.690918,34.4833,-0.778681E-01
0.691528,34.5137,0.470586
0.692139,34.5442,0.184845
0.692749,34.5747,0.441553E-01
0.693359,34.6051,0.711191E-03
0.693970,34.6356,-0.306403E-01
0.694580,34.6661,0.123096
0.695190,34.6965,0.207183
0.695801,34.7270,0.161466
0.696411,34.7574,-0.638989E-01
0.697021,34.7879,-0.139486
0.697632,34.8184,0.419876E-01
0.698242,34.8488,-0.347000
0.698853,34.8793,-0.192236
0.699463,34.9098,-0.902686E-02
0.700073,34.9402,0.230714E-01
0.700684,34.9707,-0.159498
0.701294,35.0011,-0.311031E-01
0.701904,35.0316,0.423651E-01
0.702515,35.0621,-0.101093
0.703125,35.0925,0.122313
0.703735,35.1230,-0.257999
0.704346,35.1535,-0.171319
0.704956,35.1839,0.268395E-01
0.705566,35.2144,0.887690
0.706177,35.2448,0.259029
0.706787,35.2753,-0.335151E-01
0.707397,35.3058,0.328835
0.708008,35.3362,0.116152
0.708618,35.3667,-0.869375E-01
0.709229,35.3972,-0.196846
0.709839,35.4276,-0.175736
0.710449,35.4581,-0.968334E-01
0.711060,35.4885,0.424399E-02
0.711670,35.5190,0.175235
0.712280,35.5495,-0.910686E-01
0.712891,35.5799,-0.682369E-02
0.713501,35.6104,-0.107583
0.714111,35.6409,0.511017E-01
0.714722,35.6713,-0.176450
0.715332,35.7018,0.191696
0.715942,35.7322,-0.392612E-01
0.716553,35.7627,0.408588E-02
0.717163,35.7932,-0.155949
0.717773,35.8236,0.683744E-01
0.718384,35.8541,0.293238E-01
0.718994,35.8846,0.263062E-01
0.719604,35.9150,0.223345
0.720215,35.9455,-0.281278
0.720825,35.9759,-0.946098E-01
0.721436,36.0064,-0.261406
0.722046,36.0369,0.312705
0.722656,36.0673,-0.422218
0.723267,36.0978,-0.117232
0.723877,36.1282,-0.119763
0.724487,36.1587,-0.186403
0.725098,36.1892,-0.160304
0.725708,36.2196,0.580333
0.726318,36.2501,-0.160249
0.726929,36.2806,0.260030
0.727539,36.3110,0.135064E-01
0.728149,36.3415,0.751246E-01
0.728760,36.3719,0.416708
0.729370,36.4024,0.238134E-01
0.729980,36.4329,0.736353
0.730591,36.4633,0.728847
0.731201,36.4938,0.224857
0.731812,36.5243,-0.769022E-01
0.732422,36.5547,-0.145896
0.733032,36.5852,0.753743E-01
0.733643,36.6156,0.353360
0.734253,36.6461,0.884864E-01
0.734863,36.6766,0.393927E-01
0.735474,36.7070,0.150448
0.736084,36.7375,0.465613
0.736694,36.7680,0.828085
0.737305,36.7984,0.760163E-01
0.737915,36.8289,0.321180
0.738525,36.8593,0.960579
0.739136,36.8898,1.29710
0.739746,36.9203,-0.220361
0.740356,36.9507,0.368612
0.740967,36.9812,-0.501288E-01
0.741577,37.0117,0.147877
0.742188,37.0421,-0.238894E-02
0.742798,37.0726,0.470776E-01
0.743408,37.1030,0.317094
0.744019,37.1335,-0.233048
0.744629,37.1640,-0.152664
0.745239,37.1944,0.151047
0.745850,37.2249,0.808009E-01
0.746460,37.2554,0.481685E-01
0.747070,37.2858,-0.394497
0.747681,37.3163,-0.304571E-01
0.748291,37.3467,0.326183
0.748901,37.3772,-0.249592
0.749512,37.4077,0.438204
0.750122,37.4381,0.371163E-02
0.750732,37.4686,-0.808127E-01
0.751343,37.4991,-0.933113
0.751953,37.5295,-0.104247
0.752563,37.5600,0.228944
0.753174,37.5904,0.376331E-01
0.753784,37.6209,-0.552014E-02
0.754395,37.6514,-0.222700
0.755005,37.6818,-0.801165E-01
0.755615,37.7123,0.993254E-01
0.756226,37.7427,0.158845
0.756836,37.7732,0.274976
0.757446,37.8037,-0.318439
0.758057,37.8341,-0.158058
0.758667,37.8646,0.268505
0.759277,37.8951,0.222613
0.759888,37.9255,0.391868
0.760498,37.9560,-0.257194
0.761108,37.9864,-0.629220
0.761719,38.0169,-0.267437
0.762329,38.0474,-0.411061
0.762939,38.0778,0.843657E-01
0.763550,38.1083,0.130525
0.764160,38.1388,0.123873
0.764771,38.1692,-0.310592E-01
0.765381,38.1997,0.985991E-01
0.765991,38.2301,0.240167
0.766602,38.2606,-0.263760E-02
0.767212,38.2911,0.321605
0.767822,38.3215,0.247378
0.768433,38.3520,0.135333E-01
0.769043,38.3825,0.209356
0.769653,38.4129,0.358503E-01
0.770264,38.4434,0.597741
0.770874,38.4738,0.130991
0.771484,38.5043,0.132957
0.772095,38.5348,0.264050
0.772705,38.5652,-0.720591E-02
0.773315,38.5957,0.177101
0.773926,38.6262,-0.118635
0.774536,38.6566,-0.159253
0.775146,38.6871,0.398196
0.775757,38.7175,0.259467E-01
0.776367,38.7480,0.500696E-02
0.776978,38.7785,0.218564
0.777588,38.8089,-0.538981
0.778198,38.8394,0.201139
0.778809,38.8699,-0.656741E-01
0.779419,38.9003,0.131396
0.780029,38.9308,0.126168E-01
0.780640,38.9612,0.262372
0.781250,38.9917,0.349199
0.781860,39.0222,-0.111826
0.782471,39.0526,0.373536
0.783081,39.0831,0.343261
0.783691,39.1136,-0.170642
0.784302,39.1440,0.644229E-01
0.784912,39.1745,0.172653E-01
0.785522,39.2049,-0.413672E-01
0.786133,39.2354,0.794570E-01
0.786743,39.2659,-0.383701E-01
0.787354,39.2963,-0.221236E-02
0.787964,39.3268,0.253907
0.788574,39.3572,0.324465
0.789185,39.3877,-0.823793E-01
0.789795,39.4182,0.833450E-01
0.790405,39.4486,-0.957893E-01
0.791016,39.4791,0.157805
0.791626,39.5096,-0.249188
0.792236,39.5400,0.239604
0.792847,39.5705,-0.643265E-01
0.793457,39.6009,0.179832
0.794067,39.6314,-0.926235E-01
0.794678,39.6619,-0.124725
0.795288,39.6923,0.736615E-01
0.795898,39.7228,-0.559308E-01
0.796509,39.7533,0.310810
0.797119,39.7837,0.578495
0.797729,39.8142,0.497628
0.798340,39.8446,0.226824
0.798950,39.8751,-0.995656E-01
0.799561,39.9056,-0.229998
0.800171,39.9360,0.162907
0.800781,39.9665,0.215466
0.801392,39.9970,0.504145
0.802002,40.0274,-0.234052
0.802612,40.0579,0.451944E-01
0.803223,40.0883,0.253385
0.803833,40.1188,0.100557
0.804443,40.1493,-0.646624E-01
0.805054,40.1797,0.146970
0.805664,40.2102,0.147872
0.806274,40.2407,0.241852E-01
0.806885,40.2711,-0.634179E-01
0.807495,40.3016,0.440513
0.808105,40.3320,0.888689
0.808716,40.3625,0.220841
0.809326,40.3930,0.129321
0.809937,40.4234,-0.147317
0.810547,40.4539,0.262149E-01
0.811157,40.4844,-0.470110E-01
0.811768,40.5148,-0.756783E-02
0.812378,40.5453,0.278527
0.812988,40.5757,0.167117
0.813599,40.6062,-0.380654
0.814209,40.6367,-0.297082E-01
0.814819,40.6671,-0.224320
0.815430,40.6976,0.606694E-01
0.816040,40.7281,0.150865
0.816650,40.7585,-0.844179E-01
0.817261,40.7890,0.486182
0.817871,40.8194,0.177618
0.818481,40.8499,-0.223823
0.819092,40.8804,-0.289870E-01
0.819702,40.9108,-0.872153E-01
0.820312,40.9413,-0.248784
0.820923,40.9717,0.459319E-01
0.821533,41.0022,0.957366E-01
0.822144,41.0327,-0.328182E-02
0.822754,41.0631,0.155215
0.823364,41.0936,-0.291617E-01
0.823975,41.1241,0.151076
0.824585,41.1545,0.447067E-01
0.825195,41.1850,-0.847131E-01
0.825806,41.2154,-0.513602E-01
0.826416,41.2459,0.381237
0.827026,41.2764,-0.201257
0.827637,41.3068,-0.144863
0.828247,41.3373,-0.108408
0.828857,41.3678,0.278861E-01
0.829468,41.3982,0.452753E-01
0.830078,41.4287,0.496718E-02
0.830688,41.4591,0.142450
0.831299,41.4896,-0.729972E-02
0.831909,41.5201,-0.253973E-01
0.832520,41.5505,0.799097E-01
0.833130,41.5810,-0.794508E-01
0.833740,41.6115,0.238195E-01
0.834351,41.6419,0.102214
0.834961,41.6724,-0.378102
0.835571,41.7028,-0.312126
0.836182,41.7333,0.449696E-01
0.836792,41.7638,-0.912549E-01
0.837402,41.7942,0.326501
0.838013,41.8247,-0.658415E-01
0.838623,41.8552,-0.703626E-01
0.839233,41.8856,-0.175513E-01
0.839844,41.9161,0.330854E-01
0.840454,41.9465,0.526440
0.841064,41.9770,-0.959229E-02
0.841675,42.0075,-0.253224
0.842285,42.0379,0.150904
0.842896,42.0684,-0.431470E-01
0.843506,42.0989,0.194838
0.844116,42.1293,0.146264
0.844727,42.1598,0.699652
0.845337,42.1902,0.119980
0.845947,42.2207,0.374449E-01
0.846558,42.2512,0.310142E-01
0.847168,42.2816,0.239586E-02
0.847778,42.3121,0.691895E-01
0.848389,42.3426,-0.428370E-02
0.848999,42.3730,0.347497
0.849609,42.4035,0.307946
0.850220,42.4339,0.679128E-02
0.850830,42.4644,0.601583E-01
0.851440,42.4949,-0.435988E-01
0.852051,42.5253,-0.132020
0.852661,42.5558,-0.282209E-01
0.853271,42.5863,-0.678566E-01
0.853882,42.6167,-0.718180E-02
0.854492,42.6472,-0.156651
0.855103,42.6776,0.129737
0.855713,42.7081,0.388864E-01
0.856323,42.7386,-0.342304
0.856934,42.7690,-0.888077E-02
0.857544,42.7995,0.127626
0.858154,42.8299,0.136277
0.858765,42.8604,-0.776671E-01
0.859375,42.8909,-0.872552E-01
0.859985,42.9213,-0.212187
0.860596,42.9518,0.139908
0.861206,42.9823,0.192760
0.861816,43.0127,0.208882
0.862427,43.0432,0.330937
0.863037,43.0736,-0.523101E-01
0.863647,43.1041,-0.300705E-01
0.864258,43.1346,0.919469
0.864868,43.1650,0.341387
0.865479,43.1955,0.854602E-02
0.866089,43.2260,-0.439399E-01
0.866699,43.2564,-0.349484
0.867310,43.2869,0.832581E-01
0.867920,43.3173,-0.488523
0.868530,43.3478,-0.171364
0.869141,43.3783,-0.183166
0.869751,43.4087,0.138642
0.870361,43.4392,-0.105989E-01
0.870972,43.4697,0.283438E-01
0.871582,43.5001,0.476692
0.872192,43.5306,-0.307809
0.872803,43.5610,0.309206E-02
0.873413,43.5915,0.772801E-01
0.874023,43.6220,-0.433816E-01
0.874634,43.6524,-0.202293
0.875244,43.6829,-0.118664
0.875854,43.7134,0.317430E-01
0.876465,43.7438,0.175688E-01
0.877075,43.7743,0.713838E-01
0.877686,43.8047,0.866149E-01
0.878296,43.8352,0.202262E-01
0.878906,43.8657,0.493377E-01
0.879517,43.8961,0.146327
0.880127,43.9266,0.159613
0.880737,43.9571,0.234898E-01
0.881348,43.9875,-0.113948E-01
0.881958,44.0180,-0.134295E-01
0.882568,44.0484,0.103604
0.883179,44.0789,0.354667
0.883789,44.1094,-0.895936E-01
0.884399,44.1398,0.120426
0.885010,44.1703,0.229452
0.885620,44.2008,-0.253217E-01
0.886230,44.2312,-0.122155
0.886841,44.2617,0.140418
0.887451,44.2921,0.172277
0.888062,44.3226,0.636076E-01
0.888672,44.3531,-0.150575
0.889282,44.3835,0.721145E-01
0.889893,44.4140,-0.598983E-02
0.890503,44.4444,0.129381
0.891113,44.4749,-0.141368E-01
0.891724,44.5054,-0.121197E-01
0.892334,44.5358,-0.102466
0.892944,44.5663,-0.314532E-01
0.893555,44.5968,0.294199E-01
0.894165,44.6272,0.118354
0.894775,44.6577,-0.173082E-01
0.895386,44.6881,-0.635196E-01
0.895996,44.7186,-0.235787E-03
0.896606,44.7491,0.114049
0.897217,44.7795,-0.162631
0.897827,44.8100,0.171877
0.898438,44.8405,-0.206206
0.899048,44.8709,0.133745
0.899658,44.9014,0.212630
0.900269,44.9318,0.236670E-03
0.900879,44.9623,0.501367E-01
0.901489,44.9928,0.404310
0.902100,45.0232,-0.640848E-01
0.902710,45.0537,0.142827
0.903320,45.0842,0.843839
0.903931,45.1146,-0.381168E-01
0.904541,45.1451,0.332314
0.905151,45.1755,0.120511
0.905762,45.2060,0.365594E-01
0.906372,45.2365,0.810798E-02
0.906982,45.2669,0.241471
0.907593,45.2974,0.289211
0.908203,45.3279,0.289440
0.908813,45.3583,-0.255014
0.909424,45.3888,0.972091E-01
0.910034,45.4192,-0.452796
0.910645,45.4497,0.151547
0.911255,45.4802,-0.123481
0.911865,45.5106,0.142016
0.912476,45.5411,0.246591
0.913086,45.5716,0.128376
0.913696,45.6020,0.312410
0.914307,45.6325,-0.434369
0.914917,45.6629,-0.479162E-01
0.915527,45.6934,0.236655
0.916138,45.7239,-0.736315E-01
0.916748,45.7543,-0.695306E-02
0.917358,45.7848,0.140756
0.917969,45.8153,-0.311691E-01
0.918579,45.8457,0.462687E-01
0.919189,45.8762,-0.347206E-01
0.919800,45.9066,-0.555742E-01
0.920410,45.9371,0.502022E-03
0.921021,45.9676,0.532756E-01
0.921631,45.9980,-0.741786E-01
0.922241,46.0285,0.104900E-01
0.922852,46.0589,0.788303E-01
0.923462,46.0894,0.100185
0.924072,46.1199,0.366309
0.924683,46.1503,0.312546
0.925293,46.1808,0.111162
0.925903,46.2113,-0.123692
0.926514,46.2417,-0.153168E-02
0.927124,46.2722,-0.118124
0.927734,46.3026,0.309598E-01
0.928345,46.3331,-0.164423
0.928955,46.3636,0.668537E-02
0.929565,46.3940,-0.381074
0.930176,46.4245,0.859500E-01
0.930786,46.4550,0.456275
0.931396,46.4854,-0.191838
0.932007,46.5159,0.875273
0.932617,46.5463,-0.216506E-01
0.933228,46.5768,-0.908641E-01
0.933838,46.6073,0.199235
0.934448,46.6377,0.730083E-01
0.935059,46.6682,-0.115025
0.935669,46.6987,-0.736078E-01
0.936279,46.7291,0.257054
0.936890,46.7596,0.445394E-01
0.937500,46.7900,0.477979
0.938110,46.8205,-0.154807E-01
0.938721,46.8510,0.375755
0.939331,46.8814,0.366860E-01
0.939941,46.9119,0.473433
0.940552,46.9424,0.111127
0.941162,46.9728,-0.744619E-01
0.941772,47.0033,0.119493
0.942383,47.0337,0.450667E-01
0.942993,47.0642,-0.220060
0.943604,47.0947,0.403939
0.944214,47.1251,-0.173421
0.944824,47.1556,0.121718
0.945435,47.1861,0.451056E-02
0.946045,47.2165,0.162245
0.946655,47.2470,0.232985E-01
0.947266,47.2774,0.620464E-01
0.947876,47.3079,-0.379675E-01
0.948486,47.3384,-0.906895E-02
0.949097,47.3688,0.346603
0.949707,47.3993,0.188953
0.950317,47.4298,-0.220623
0.950928,47.4602,0.157185
0.951538,47.4907,0.154555E-01
0.952148,47.5211,-0.764716E-01
0.952759,47.5516,0.192842
0.953369,47.5821,-0.324818
0.953979,47.6125,-0.327225E-01
0.954590,47.6430,0.291806E-01
0.955200,47.6734,-0.676584E-04
0.955811,47.7039,0.222822
0.956421,47.7344,-0.145084E-01
0.957031,47.7648,-0.294435
0.957642,47.7953,0.116748
0.958252,47.8258,-0.199251
0.958862,47.8562,-0.135635
0.959473,47.8867,-0.299098E-01
0.960083,47.9171,0.356397E-01
0.960693,47.9476,0.463782E-01
0.961304,47.9781,-0.120607
0.961914,48.0085,0.148845
0.962524,48.0390,-0.108694
0.963135,48.0695,-0.209742
0.963745,48.0999,-0.170168
0.964355,48.1304,0.229860
0.964966,48.1608,0.391840
0.965576,48.1913,0.218889
0.966187,48.2218,-0.128577
0.966797,48.2522,0.347736
0.967407,48.2827,-0.236125E-01
0.968018,48.3132,-0.383815E-01
0.968628,48.3436,0.256327E-01
0.969238,48.3741,-0.803554E-01
0.969849,48.4045,0.997638E-01
0.970459,48.4350,-0.308750
0.971069,48.4655,0.521078E-01
0.971680,48.4959,0.978012E-01
0.972290,48.5264,0.275962
0.972900,48.5569,-0.812083E-02
0.973511,48.5873,0.138799
0.974121,48.6178,0.264418
0.974731,48.6482,0.242825
0.975342,48.6787,-0.439179E-01
0.975952,48.7092,0.638974
0.976562,48.7396,0.258684
0.977173,48.7701,0.133622
0.977783,48.8006,-0.386250E-01
0.978394,48.8310,0.180473
0.979004,48.8615,-0.456917E-01
0.979614,48.8919,-0.153128
0.980225,48.9224,-0.422765E-01
0.980835,48.9529,0.258688E-01
0.981445,48.9833,0.105679
0.982056,49.0138,-0.135950E-02
0.982666,49.0443,0.138927E-01
0.983276,49.0747,-0.172578
0.983887,49.1052,0.773125E-02
0.984497,49.1356,-0.323525E-01
0.985107,49.1661,0.997948E-01
0.985718,49.1966,-0.631207E-01
0.986328,49.2270,0.233872E-01
0.986938,49.2575,0.130818E-01
0.987549,49.2879,-0.175435
0.988159,49.3184,0.741029E-02
0.988770,49.3489,-0.427080
0.989380,49.3793,0.447383E-01
0.989990,49.4098,0.249032E-01
0.990601,49.4403,0.276701E-01
0.991211,49.4707,0.175836
0.991821,49.5012,-0.273604
0.992432,49.5316,-0.797816E-01
0.993042,49.5621,-0.381791
0.993652,49.5926,-0.147505
0.994263,49.6230,0.808037E-01
0.994873,49.6535,-0.349889
0.995483,49.6840,0.262119E-01
0.996094,49.7144,-0.375527E-01
0.996704,49.7449,-0.849620E-01
0.997314,49.7753,0.207097
0.997925,49.8058,0.864064E-01
0.998535,49.8363,0.242308
0.999146,49.8667,0.173168
0.999756,49.8972,-0.143798E-01
1.00037,49.9277,-0.146298
1.00098,49.9581,-0.298808
1.00159,49.9886,0.169611
1.00220,50.0190,0.469771E-01
1.00281,50.0495,0.847906E-01
1.00342,50.0800,0.694278
1.00403,50.1104,0.317929E-01
1.00464,50.1409,0.250123
1.00525,50.1714,0.100041
1.00586,50.2018,-0.668060E-02
1.00647,50.2323,0.176733E-01
1.00708,50.2627,-0.140191
1.00769,50.2932,0.498508E-01
1.00830,50.3237,0.117220
1.00891,50.3541,-0.150144
1.00952,50.3846,-0.549148E-01
1.01013,50.4151,0.343704E-01
1.01074,50.4455,-0.378466
1.01135,50.4760,0.736503E-01
1.01196,50.5064,0.627705E-01
1.01257,50.5369,0.665722E-01
1.01318,50.5674,0.398682E-01
1.01379,50.5978,0.224327E-01
1.01440,50.6283,-0.179068
1.01501,50.6588,0.186651
1.01562,50.6892,0.314244E-01
1.01624,50.7197,0.256193
1.01685,50.7501,0.206495
1.01746,50.7806,-0.192985E-01
1.01807,50.8111,-0.442301E-01
1.01868,50.8415,0.269556
1.01929,50.8720,0.458199E-01
1.01990,50.9024,-0.406671
1.02051,50.9329,-0.258991
1.02112,50.9634,-0.143897E-01
1.02173,50.9938,0.132961
1.02234,51.0243,-0.186446
1.02295,51.0548,-0.570350E-01
1.02356,51.0852,-0.641566E-01
1.02417,51.1157,0.664356
1.02478,51.1461,-0.358515
1.02539,51.1766,0.121266
1.02600,51.2071,-0.775014E-01
1.02661,51.2375,-0.285312E-02
1.02722,51.2680,-0.309933
1.02783,51.2985,-0.212444
1.02844,51.3289,-0.952196E-01
1.02905,51.3594,0.137269
1.02966,51.3898,0.498987E-01
1.03027,51.4203,0.451358E-01
1.03088,51.4508,0.370098
1.03149,51.4812,0.150164E-01
1.03210,51.5117,0.239770
1.03271,51.5422,0.129254
1.03333,51.5726,0.268817E-01
1.03394,51.6031,0.363200E-03
1.03455,51.6335,0.171069E-01
1.03516,51.6640,0.395205E-01
1.03577,51.6945,0.262539E-01
1.03638,51.7249,0.218658E-01
1.03699,51.7554,-0.544038E-01
1.03760,51.7859,-0.108605
1.03821,51.8163,0.294505
1.03882,51.8468,0.146179
1.03943,51.8772,0.316474E-01
1.04004,51.9077,0.596183E-01
1.04065,51.9382,0.209464
1.04126,51.9686,0.596227E-01
1.04187,51.9991,-0.303496
1.04248,52.0296,-0.609466E-01
1.04309,52.0600,0.438405E-02
1.04370,52.0905,-0.642734E-01
1.04431,52.1209,0.785430E-01
1.04492,52.1514,0.109736
1.04553,52.1819,-0.101701
1.04614,52.2123,0.153138
1.04675,52.2428,-0.365182E-01
1.04736,52.2733,-0.935838E-01
1.04797,52.3037,0.342008E-01
1.04858,52.3342,-0.216120E-01
1.04919,52.3646,-0.476137E-01
1.04980,52.3951,0.297437E-01
1.05042,52.4256,-0.291844
1.05103,52.4560,-0.199275
1.05164,52.4865,0.275898E-01
1.05225,52.5169,-0.247931E-01
1.05286,52.5474,0.212557
1.05347,52.5779,-0.107028
1.05408,52.6083,0.143118
1.05469,52.6388,0.245709
1.05530,52.6693,-0.341073E-01
1.05591,52.6997,0.734325E-01
1.05652,52.7302,0.347204E-01
1.05713,52.7606,-0.122729
1.05774,52.7911,-0.198766
1.05835,52.8216,0.861624E-01
1.05896,52.8520,-0.714947E-01
1.05957,52.8825,0.227235E-01
1.06018,52.9130,0.346718E-03
1.06079,52.9434,0.797034E-01
1.06140,52.9739,0.544518E-01
1.06201,53.0043,0.773787E-01
1.06262,53.0348,0.214535
1.06323,53.0653,0.340188E-01
1.06384,53.0957,-0.119626
1.06445,53.1262,-0.916066E-01
1.06506,53.1567,0.182122E-01
1.06567,53.1871,0.729671E-01
1.06628,53.2176,-0.206567
1.06689,53.2480,0.180513E-01
1.06750,53.2785,0.573649E-01
1.06812,53.3090,0.582395E-01
1.06873,53.3394,-0.745610E-01
1.06934,53.3699,0.128236E-01
1.06995,53.4004,-0.154671
1.07056,53.4308,-0.148522
1.07117,53.4613,0.151009
1.07178,53.4917,-0.250388E-02
1.07239,53.5222,-0.156628
1.07300,53.5527,0.682453E-01
1.07361,53.5831,-0.123733
1.07422,53.6136,0.164005
1.07483,53.6441,0.139613
1.07544,53.6745,0.266437E-01
1.07605,53.7050,0.825465E-01
1.07666,53.7354,0.559178
1.07727,53.7659,-0.263626E-01
1.07788,53.7964,0.178062
1.07849,53.8268,0.759193E-01
1.07910,53.8573,-0.238183E-01
1.07971,53.8878,0.555686E-01
1.08032,53.9182,0.111510
1.08093,53.9487,-0.292832E-01
1.08154,53.9791,0.326907E-01
1.08215,54.0096,0.513083
1.08276,54.0401,-0.106051
1.08337,54.0705,0.145362
1.08398,54.1010,-0.598973E-01
1.08459,54.1314,0.475642
1.08521,54.1619,0.182569
1.08582,54.1924,-0.189257
1.08643,54.2228,-0.479815E-01
1.08704,54.2533,0.331088
1.08765,54.2838,0.343635E-01
1.08826,54.3142,-0.853120E-01
1.08887,54.3447,0.395923
1.08948,54.3751,0.124466
1.09009,54.4056,-0.702517E-02
1.09070,54.4361,0.873670E-02
1.09131,54.4665,0.371552E-01
1.09192,54.4970,0.388646E-01
1.09253,54.5275,-0.470003
1.09314,54.5579,0.117964
1.09375,54.5884,0.818515E-01
1.09436,54.6188,0.304530
1.09497,54.6493,-0.117299E-01
1.09558,54.6798,0.311194
1.09619,54.7102,-0.372164
1.09680,54.7407,-0.641157E-01
1.09741,54.7712,-0.852748E-01
1.09802,54.8016,-0.353194E-01
1.09863,54.8321,-0.239313
1.09924,54.8625,0.258988E-01
1.09985,54.8930,0.308235
1.10046,54.9235,-0.946905E-02
1.10107,54.9539,0.698114E-01
1.10168,54.9844,0.143742
1.10229,55.0149,0.439424E-01
1.10291,55.0453,0.570801
1.10352,55.0758,0.829143E-02
1.10413,55.1062,0.381212E-01
1.10474,55.1367,-0.955340E-01
1.10535,55.1672,0.367482
1.10596,55.1976,-0.206696
1.10657,55.2281,0.168072
1.10718,55.2586,0.179768
1.10779,55.2890,-0.541307E-01
1.10840,55.3195,-0.950376E-01
1.10901,55.3499,0.319631
1.10962,55.3804,0.129872E-01
1.11023,55.4109,0.810847E-01
1.11084,55.4413,0.842186E-01
1.11145,55.4718,-0.412681E-01
1.11206,55.5023,-0.524734E-01
1.11267,55.5327,-0.135741
1.11328,55.5632,-0.149601
1.11389,55.5936,-0.159002
1.11450,55.6241,-0.812135E-01
1.11511,55.6546,0.586716E-01
1.11572,55.6850,0.107045E-01
1.11633,55.7155,-0.581824E-01
1.11694,55.7459,0.126206E-01
1.11755,55.7764,-0.311806E-01
1.11816,55.8069,-0.564714E-02
1.11877,55.8373,0.157069
1.11938,55.8678,0.826310E-01
1.12000,55.8983,0.168736
1.12061,55.9287,0.156242E-01
1.12122,55.9592,-0.774036E-01
1.12183,55.9896,0.193182E-01
1.12244,56.0201,-0.236342
1.12305,56.0506,0.259534E-01
1.12366,56.0810,0.489638E-02
1.12427,56.1115,0.159439
1.12488,56.1420,0.154732E-01
1.12549,56.1724,0.282190E-01
1.12610,56.2029,0.594283E-01
1.12671,56.2333,0.126260E-01
1.12732,56.2638,-0.129631
1.12793,56.2943,-0.473307E-02
1.12854,56.3247,-0.103669
1.12915,56.3552,0.408277E-01
1.12976,56.3857,0.138222
1.13037,56.4161,0.628089
1.13098,56.4466,-0.999222E-02
1.13159,56.4770,-0.148651
1.13220,56.5075,0.202173
1.13281,56.5380,-0.141457E-01
1.13342,56.5684,0.289374E-02
1.13403,56.5989,-0.404987E-01
1.13464,56.6294,-0.332913
1.13525,56.6598,-0.914316E-01
1.13586,56.6903,0.737763
1.13647,56.7207,0.150707
1.13708,56.7512,0.194959
1.13770,56.7817,-0.244876
1.13831,56.8121,-0.326790
1.13892,56.8426,0.990460E-01
1.13953,56.8731,-0.308758E-01
1.14014,56.9035,0.119998
1.14075,56.9340,-0.114509
1.14136,56.9644,0.927715E-01
1.14197,56.9949,0.341590E-01
1.14258,57.0254,-0.129884
1.14319,57.0558,-0.246106E-01
1.14380,57.0863,0.381935
1.14441,57.1168,-0.117598E-01
1.14502,57.1472,0.191536
1.14563,57.1777,-0.641069E-01
1.14624,57.2081,0.537332E-01
1.14685,57.2386,-0.422677E-01
1.14746,57.2691,-0.393162
1.14807,57.2995,-0.133030E-01
1.14868,57.3300,0.525117E-02
1.14929,57.3604,0.219571
1.14990,57.3909,0.144814
1.15051,57.4214,-0.329166E-01
1.15112,57.4518,-0.110482
1.15173,57.4823,-0.123862
1.15234,57.5128,-0.102025E-01
1.15295,57.5432,0.198344E-02
1.15356,57.5737,-0.335397E-01
1.15417,57.6041,0.183760
1.15479,57.6346,-0.290893E-01
1.15540,57.6651,0.129652
1.15601,57.6955,0.284665E-01
1.15662,57.7260,0.182700
1.15723,57.7565,0.673492
1.15784,57.7869,0.295395E-01
1.15845,57.8174,0.208128E-01
1.15906,57.8478,0.392752
1.15967,57.8783,-0.769198E-01
1.16028,57.9088,0.455976
1.16089,57.9392,0.897729E-01
1.16150,57.9697,0.125438
1.16211,58.0002,-0.124349E-01
1.16272,58.0306,-0.551478E-01
1.16333,58.0611,0.422842
1.16394,58.0915,0.738256E-01
1.16455,58.1220,-0.908565E-01
1.16516,58.1525,-0.659373E-01
1.16577,58.1829,0.369592E-02
1.16638,58.2134,0.132874E-01
1.16699,58.2439,0.254141
1.16760,58.2743,-0.118891
1.16821,58.3048,0.246782E-01
1.16882,58.3352,0.123478E-01
1.16943,58.3657,0.160788
1.17004,58.3962,-0.628669E-01
1.17065,58.4266,0.111259
1.17126,58.4571,-0.173794
1.17188,58.4876,-0.269677E-01
1.17249,58.5180,-0.131131
1.17310,58.5485,-0.440125E-01
1.17371,58.5789,-0.587254E-01
1.17432,58.6094,-0.261229
1.17493,58.6399,0.114494E-01
1.17554,58.6703,0.237764E-01
1.17615,58.7008,0.207265
1.17676,58.7313,0.641341E-02
1.17737,58.7617,0.593705E-01
1.17798,58.7922,0.242698E-01
1.17859,58.8226,0.264844
1.17920,58.8531,-0.161515
1.17981,58.8836,0.995532E-01
1.18042,58.9140,0.979643E-01
1.18103,58.9445,-0.105384
1.18164,58.9750,0.774737E-02
1.18225,59.0054,-0.465926E-02
1.18286,59.0359,-0.774466E-01
1.18347,59.0663,-0.124516
1.18408,59.0968,0.142314E-01
1.18469,59.1273,-0.112668
1.18530,59.1577,0.147057E-02
1.18591,59.1882,0.125863
1.18652,59.2186,0.130638E-01
1.18713,59.2491,0.390182E-01
1.18774,59.2796,-0.678614E-01
1.18835,59.3100,-0.312176
1.18896,59.3405,0.264776
1.18958,59.3710,-0.288465E-01
1.19019,59.4014,0.553619E-01
1.19080,59.4319,0.178833E-01
1.19141,59.4623,0.105444
1.19202,59.4928,-0.795222E-01
1.19263,59.5233,0.117844
1.19324,59.5537,0.815350E-01
1.19385,59.5842,0.243008
1.19446,59.6147,0.109586
1.19507,59.6451,0.138205
1.19568,59.6756,0.229924
1.19629,59.7060,-0.167346
1.19690,59.7365,0.981541E-01
1.19751,59.7670,-0.162521E-01
1.19812,59.7974,-0.201375
1.19873,59.8279,-0.552216E-01
1.19934,59.8584,0.344003
1.19995,59.8888,-0.470943E-01
1.20056,59.9193,0.361821
1.20117,59.9497,0.271760
1.20178,59.9802,0.564098E-01
1.20239,60.0107,-0.302303E-01
1.20300,60.0411,0.310851
1.20361,60.0716,-0.946925E-02
1.20422,60.1021,0.112608
1.20483,60.1325,-0.306090E-03
1.20544,60.1630,-0.184188E-01
1.20605,60.1934,0.141537
1.20667,60.2239,0.304154
1.20728,60.2544,-0.831374E-01
1.20789,60.2848,-0.118736
1.20850,60.3153,0.125100E-01
1.20911,60.3458,-0.664826E-01
1.20972,60.3762,-0.109559
1.21033,60.4067,-0.300427
1.21094,60.4371,0.484430E-01
1.21155,60.4676,0.106460
1.21216,60.4981,0.136227
1.21277,60.5285,0.382534
1.21338,60.5590,-0.314946E-01
1.21399,60.5895,0.464512E-02
1.21460,60.6199,0.213334E-01
1.21521,60.6504,-0.998110E-01
1.21582,60.6808,0.579446E-01
1.21643,60.7113,-0.103622
1.21704,60.7418,-0.295852E-02
1.21765,60.7722,-0.334022E-01
1.21826,60.8027,0.550465E-01
1.21887,60.8331,0.698071E-01
1.21948,60.8636,0.243025
1.22009,60.8941,0.137891E-01
1.22070,60.9245,-0.228979E-01
1.22131,60.9550,0.465349
1.22192,60.9855,0.139452
1.22253,61.0159,0.344747
1.22314,61.0464,0.451183
1.22375,61.0768,-0.197362
1.22437,61.1073,0.144069
1.22498,61.1378,0.970837E-01
1.22559,61.1682,-0.208962
1.22620,61.1987,-0.815470E-02
1.22681,61.2292,-0.956714E-01
1.22742,61.2596,0.245164
1.22803,61.2901,-0.606939E-01
1.22864,61.3205,-0.611833E-01
1.22925,61.3510,-0.254638E-01
1.22986,61.3815,0.356075
1.23047,61.4119,0.777043E-01
1.23108,61.4424,-0.223468
1.23169,61.4729,-0.868933E-01
1.23230,61.5033,0.973275E-02
1.23291,61.5338,0.662202E-01
1.23352,61.5642,0.244425E-01
1.23413,61.5947,-0.318747E-02
1.23474,61.6252,0.572868E-01
1.23535,61.6556,-0.123390
1.23596,61.6861,-0.631905E-01
1.23657,61.7166,0.225459E-01
1.23718,61.7470,-0.512315E-02
1.23779,61.7775,0.333919E-01
1.23840,61.8079,-0.250172E-01
1.23901,61.8384,0.225694E-01
1.23962,61.8689,-0.365019E-01
1.24023,61.8993,0.104307
1.24084,61.9298,0.110736
1.24146,61.9603,-0.333746
1.24207,61.9907,0.205478
1.24268,62.0212,0.359867E-01
1.24329,62.0516,0.247081E-01
1.24390,62.0821,0.391031E-01
1.24451,62.1126,-0.134236
1.24512,62.1430,-0.202996
1.24573,62.1735,0.192337
1.24634,62.2040,0.889833
1.24695,62.2344,0.100761
1.24756,62.2649,-0.639622E-01
1.24817,62.2953,0.539075
1.24878,62.3258,0.174949
1.24939,62.3563,0.575907E-01
1.25000,62.3867,0.242424E-01
1.25061,62.4172,-0.196327E-01
1.25122,62.4476,-0.108810
1.25183,62.4781,0.349851
1.25244,62.5086,0.343251E-01
1.25305,62.5390,-0.318048E-01
1.25366,62.5695,-0.107747
1.25427,62.6000,0.102730
1.25488,62.6304,0.424398E-02
1.25549,62.6609,-0.836012E-02
1.25610,62.6913,-0.709853E-02
1.25671,62.7218,0.117273
1.25732,62.7523,0.791018E-02
1.25793,62.7827,0.433889
1.25854,62.8132,0.195105E-01
1.25916,62.8437,0.941214E-01
1.25977,62.8741,-0.849916E-01
1.26038,62.9046,-0.102846E-01
1.26099,62.9350,0.343597E-02
1.26160,62.9655,0.519196E-01
1.26221,62.9960,-0.417692E-02
1.26282,63.0264,0.781351E-01
1.26343,63.0569,-0.551138E-01
1.26404,63.0874,-0.756209E-02
1.26465,63.1178,0.106757
1.26526,63.1483,-0.609714E-01
1.26587,63.1787,0.359185E-01
1.26648,63.2092,0.392510
1.26709,63.2397,-0.108841
1.26770,63.2701,-0.242620
1.26831,63.3006,0.252253
1.26892,63.3311,0.782785E-01
1.26953,63.3615,-0.132063
1.27014,63.3920,-0.306754
1.27075,63.4224,-0.242099E-02
1.27136,63.4529,0.433574
1.27197,63.4834,-0.150021
1.27258,63.5138,-0.825422E-01
1.27319,63.5443,-0.126104
1.27380,63.5748,-0.361654E-01
1.27441,63.6052,0.267522E-01
1.27502,63.6357,-0.157070E-01
1.27563,63.6661,0.145456
1.27625,63.6966,-0.207497E-01
1.27686,63.7271,0.304089E-01
1.27747,63.7575,0.180850E-01
1.27808,63.7880,0.418616E-01
1.27869,63.8185,0.442320E-01
1.27930,63.8489,0.109303E-01
1.27991,63.8794,-0.574466E-02
1.28052,63.9098,0.108644
1.28113,63.9403,0.779228E-01
1.28174,63.9708,-0.986607E-01
1.28235,64.0012,-0.149777
1.28296,64.0317,-0.286507E-01
1.28357,64.0621,-0.104544
1.28418,64.0926,0.897049E-01
1.28479,64.1231,-0.526312E-01
1.28540,64.1535,-0.277784E-02
1.28601,64.1840,0.333317E-01
1.28662,64.2145,-0.206150E-01
1.28723,64.2449,0.273106E-01
1.28784,64.2754,0.198686
1.28845,64.3058,-0.518803E-01
1.28906,64.3363,-0.194520E-01
1.28967,64.3668,-0.382595E-01
1.29028,64.3972,-0.760861E-01
1.29089,64.4277,0.383627
1.29150,64.4582,0.832086E-01
1.29211,64.4886,0.195466
1.29272,64.5191,0.106262
1.29333,64.5495,-0.545060E-01
1.29395,64.5800,-0.290619E-01
1.29456,64.6105,-0.535716E-01
1.29517,64.6409,-0.172423E-01
1.29578,64.6714,0.321773E-01
1.29639,64.7019,0.289255E-01
1.29700,64.7323,-0.905106E-01
1.29761,64.7628,0.239226
1.29822,64.7932,0.210665
1.29883,64.8237,-0.204190
1.29944,64.8542,0.133026E-01
1.30005,64.8846,-0.573610E-01
1.30066,64.9151,-0.184870
1.30127,64.9456,0.395810E-01
1.30188,64.9760,0.558774
1.30249,65.0065,0.763048E-01
1.30310,65.0369,-0.395877E-02
1.30371,65.0674,0.456057E-01
1.30432,65.0979,-0.191486
1.30493,65.1283,-0.152425
1.30554,65.1588,-0.530485E-01
1.30615,65.1893,0.505889E-02
1.30676,65.2197,-0.172284
1.30737,65.2502,-0.997492E-01
1.30798,65.2806,0.352328E-01
1.30859,65.3111,-0.334749E-01
1.30920,65.3416,-0.106851
1.30981,65.3720,-0.158431E-01
1.31042,65.4025,-0.300860E-01
1.31104,65.4330,-0.324084E-01
1.31165,65.4634,-0.263272E-01
1.31226,65.4939,0.444588E-01
1.31287,65.5243,0.636332E-01
1.31348,65.5548,0.107937
1.31409,65.5853,0.215484
1.31470,65.6157,-0.331689E-01
1.31531,65.6462,-0.155149
1.31592,65.6766,-0.986111E-01
1.31653,65.7071,0.211990E-01
1.31714,65.7376,-0.123596
1.31775,65.7680,-0.674161E-02
1.31836,65.7985,-0.173693
1.31897,65.8290,-0.846143E-01
1.31958,65.8594,0.417744E-01
1.32019,65.8899,-0.879637E-01
1.32080,65.9203,-0.107066E-01
1.32141,65.9508,-0.307459E-01
1.32202,65.9813,-0.862042E-01
1.32263,66.0117,0.669616E-01
1.32324,66.0422,0.324169
1.32385,66.0727,0.935264E-01
1.32446,66.1031,-0.817369E-03
1.32507,66.1336,-0.868347E-01
1.32568,66.1640,0.249894E-01
1.32629,66.1945,0.481808E-01
1.32690,66.2250,0.664027E-02
1.32751,66.2554,-0.210138E-01
1.32812,66.2859,-0.261171
1.32874,66.3164,-0.451978E-01
1.32935,66.3468,0.236933
1.32996,66.3773,0.389474
1.33057,66.4077,0.339236
1.33118,66.4382,0.391567
1.33179,66.4687,0.218597
1.33240,66.4991,-0.161966
1.33301,66.5296,-0.417869E-01
1.33362,66.5601,0.682124E-01
1.33423,66.5905,0.657908E-01
1.33484,66.6210,0.485407E-01
1.33545,66.6514,0.587722E-02
1.33606,66.6819,0.215260E-02
1.33667,66.7124,0.162170
1.33728,66.7428,0.609988E-01
1.33789,66.7733,-0.146984E-01
1.33850,66.8038,-0.218868E-01
1.33911,66.8342,-0.191716E-02
1.33972,66.8647,-0.388631E-01
1.34033,66.8951,0.246477
1.34094,66.9256,0.294094
1.34155,66.9561,-0.200774E-01
1.34216,66.9865,-0.456643E-01
1.34277,67.0170,-0.109708
1.34338,67.0475,-0.167873
1.34399,67.0779,0.248794
1.34460,67.1084,-0.227527
1.34521,67.1388,-0.608485E-02
1.34583,67.1693,-0.133786
1.34644,67.1998,0.373430
1.34705,67.2302,0.200570
1.34766,67.2607,0.898606E-01
1.34827,67.2911,-0.297801E-01
1.34888,67.3216,0.250187E-01
1.34949,67.3521,-0.654444E-01
1.35010,67.3825,-0.397120E-01
1.35071,67.4130,-0.140893
1.35132,67.4435,-0.779108E-01
1.35193,67.4739,0.980813E-01
1.35254,67.5044,0.117409
1.35315,67.5348,-0.531354E-01
1.35376,67.5653,0.147423E-01
1.35437,67.5958,-0.304834E-01
1.35498,67.6262,0.419836E-01
1.35559,67.6567,0.414909E-01
1.35620,67.6872,0.241398
1.35681,67.7176,0.657917E-01
1.35742,67.7481,0.961523E-01
1.35803,67.7785,-0.197610
1.35864,67.8090,-0.136196
1.35925,67.8395,0.271175
1.35986,67.8699,0.119385
1.36047,67.9004,-0.930427E-01
1.36108,67.9309,-0.365752E-01
1.36169,67.9613,0.121436E-01
1.36230,67.9918,-0.346320E-01
1.36292,68.0222,-0.766026E-02
1.36353,68.0527,-0.407021E-01
1.36414,68.0832,0.190590E-01
1.36475,68.1136,-0.690203E-01
1.36536,68.1441,0.333145
1.36597,68.1746,0.107231
1.36658,68.2050,0.293287E-01
1.36719,68.2355,0.419264E-01
1.36780,68.2659,0.117382E-01
1.36841,68.2964,0.459145
1.36902,68.3269,-0.154076
1.36963,68.3573,-0.155097
1.37024,68.3878,0.108387
1.37085,68.4183,0.277470E-02
1.37146,68.4487,0.977682E-01
1.37207,68.4792,-0.688783E-04
1.37268,68.5096,-0.164321
1.37329,68.5401,0.500565E-01
1.37390,68.5706,-0.440350E-02
1.37451,68.6010,-0.140966E-01
1.37512,68.6315,-0.226773
1.37573,68.6620,-0.912958E-01
1.37634,68.6924,0.428008
1.37695,68.7229,0.313273E-01
1.37756,68.7533,0.101563
1.37817,68.7838,-0.258137E-02
1.37878,68.8143,-0.115390
1.37939,68.8447,-0.487567E-01
1.38000,68.8752,0.397601E-01
1.38062,68.9056,0.158177
1.38123,68.9361,0.658011E-01
1.38184,68.9666,-0.681436E-02
1.38245,68.9970,0.280268E-01
1.38306,69.0275,0.213951E-02
1.38367,69.0580,-0.185569E-01
1.38428,69.0884,0.235238E-01
1.38489,69.1189,-0.559170E-01
1.38550,69.1493,0.723429E-01
1.38611,69.1798,0.997905E-01
1.38672,69.2103,0.111759E-01
1.38733,69.2407,-0.649470E-01
1.38794,69.2712,-0.814508E-01
1.38855,69.3017,0.387195E-01
1.38916,69.3321,-0.456041E-01
1.38977,69.3626,0.104264
1.39038,69.3930,0.153820
1.39099,69.4235,0.178862
1.39160,69.4540,-0.345942E-01
1.39221,69.4844,0.625805E-01
1.39282,69.5149,0.414357E-01
1.39343,69.5454,-0.929974E-01
1.39404,69.5758,0.106737
1.39465,69.6063,0.162588
1.39526,69.6367,-0.293496E-01
1.39587,69.6672,0.200752
1.39648,69.6977,0.115463
1.39709,69.7281,-0.375535E-01
1.39771,69.7586,0.134058
1.39832,69.7891,-0.204970
1.39893,69.8195,0.344847E-01
1.39954,69.8500,0.412689E-01
1.40015,69.8804,-0.362595
1.40076,69.9109,0.260898E-01
1.40137,69.9414,-0.198947E-01
1.40198,69.9718,0.102588
1.40259,70.0023,0.171855E-01
1.40320,70.0328,-0.618709E-02
1.40381,70.0632,0.634458E-01
1.40442,70.0937,-0.518450E-01
1.40503,70.1241,-0.604072E-02
1.40564,70.1546,-0.420806E-01
1.40625,70.1851,0.247308
1.40686,70.2155,-0.230646
1.40747,70.2460,-0.738845E-01
1.40808,70.2765,-0.168859E-01
1.40869,70.3069,-0.159353E-01
1.40930,70.3374,-0.312536E-01
1.40991,70.3678,0.224251
1.41052,70.3983,0.139001E-01
1.41113,70.4288,0.145780
1.41174,70.4592,0.684190E-01
1.41235,70.4897,0.216136
1.41296,70.5201,0.295463E-01
1.41357,70.5506,-0.101324
1.41418,70.5811,-0.144753E-01
1.41479,70.6115,-0.817218E-01
1.41541,70.6420,-0.576911E-01
1.41602,70.6725,0.124675E-01
1.41663,70.7029,0.487704E-01
1.41724,70.7334,0.539003E-01
1.41785,70.7638,-0.246295
1.41846,70.7943,0.128623E-01
1.41907,70.8248,0.322412E-01
1.41968,70.8552,-0.156545E-01
1.42029,70.8857,-0.607218E-01
1.42090,70.9162,0.393367E-01
1.42151,70.9466,0.478029E-01
1.42212,70.9771,0.366943E-01
1.42273,71.0075,-0.198168E-01
1.42334,71.0380,0.303205
1.42395,71.0685,0.157097
1.42456,71.0989,-0.191399
1.42517,71.1294,0.253457E-01
1.42578,71.1599,0.109230
1.42639,71.1903,0.320674E-01
1.42700,71.2208,0.368079E-01
1.42761,71.2512,-0.118000E-01
1.42822,71.2817,-0.145270E-01
1.42883,71.3122,0.224004
1.42944,71.3426,-0.823551E-01
1.43005,71.3731,0.199306
1.43066,71.4036,0.184162
1.43127,71.4340,-0.143849
1.43188,71.4645,-0.236172E-01
1.43250,71.4949,0.108152E-01
1.43311,71.5254,-0.363981E-01
1.43372,71.5559,-0.199480
1.43433,71.5863,0.174022
1.43494,71.6168,0.948305E-01
1.43555,71.6473,0.131304
1.43616,71.6777,0.438714E-01
1.43677,71.7082,0.466022E-01
1.43738,71.7386,0.358545E-01
1.43799,71.7691,-0.883647E-01
1.43860,71.7996,0.188533E-01
1.43921,71.8300,0.175158E-01
1.43982,71.8605,-0.243940
1.44043,71.8910,0.275048E-01
1.44104,71.9214,-0.364480
1.44165,71.9519,0.678506E-02
1.44226,71.9823,-0.133198E-02
1.44287,72.0128,0.188568E-01
1.44348,72.0433,0.509607E-01
1.44409,72.0737,0.609413E-01
1.44470,72.1042,-0.946949E-01
1.44531,72.1346,0.409944
1.44592,72.1651,-0.159372E-01
1.44653,72.1956,-0.970740E-01
1.44714,72.2260,0.387869E-01
1.44775,72.2565,-0.183791
1.44836,72.2870,0.152890
1.44897,72.3174,0.162202
1.44958,72.3479,0.104453
1.45020,72.3783,0.886871E-02
1.45081,72.4088,0.561982E-01
1.45142,72.4393,0.195669
1.45203,72.4697,-0.551622E-01
1.45264,72.5002,-0.166071
1.45325,72.5307,0.280437E-01
1.45386,72.5611,-0.144549
1.45447,72.5916,0.110683
1.45508,72.6220,-0.140276E-02
1.45569,72.6525,0.570295E-01
1.45630,72.6830,0.195125E-02
1.45691,72.7134,-0.190942E-02
1.45752,72.7439,0.254396E-01
1.45813,72.7744,0.344191E-01
1.45874,72.8048,0.157296
1.45935,72.8353,-0.371146E-01
1.45996,72.8657,0.111355
1.46057,72.8962,0.304676E-01
1.46118,72.9267,-0.921503E-03
1.46179,72.9571,-0.205981
1.46240,72.9876,0.995737E-01
1.46301,73.0181,-0.174971
1.46362,73.0485,0.447963
1.46423,73.0790,-0.304443E-01
1.46484,73.1094,-0.822209E-01
1.46545,73.1399,-0.942331E-01
1.46606,73.1704,-0.153997E-01
1.46667,73.2008,0.195388
1.46729,73.2313,0.418786E-01
1.46790,73.2618,0.351461E-01
1.46851,73.2922,-0.433395E-02
1.46912,73.3227,-0.114712
1.46973,73.3531,-0.798981E-01
1.47034,73.3836,-0.905774E-02
1.47095,73.4141,-0.843238E-01
1.47156,73.4445,0.226700
1.47217,73.4750,0.393478E-01
1.47278,73.5055,0.419603E-01
1.47339,73.5359,0.260104E-01
1.47400,73.5664,-0.204131E-01
1.47461,73.5968,0.174630
1.47522,73.6273,-0.239745E-01
1.47583,73.6578,-0.922119E-01
1.47644,73.6882,0.709748E-01
1.47705,73.7187,-0.112365
1.47766,73.7491,0.625139E-01
1.47827,73.7796,-0.938938E-02
1.47888,73.8101,0.232725E-01
1.47949,73.8405,-0.134056
1.48010,73.8710,-0.109954E-01
1.48071,73.9015,0.198086
1.48132,73.9319,0.784929E-01
1.48193,73.9624,-0.205365E-01
1.48254,73.9928,0.323276
1.48315,74.0233,-0.280681E-01
1.48376,74.0538,0.932155E-02
1.48438,74.0842,0.152518
1.48499,74.1147,-0.425555E-01
1.48560,74.1452,0.135009E-01
1.48621,74.1756,-0.192254E-01
1.48682,74.2061,0.624759E-01
1.48743,74.2365,0.431859E-01
1.48804,74.2670,0.232432E-01
1.48865,74.2975,0.541458E-01
1.48926,74.3279,-0.498953E-01
1.48987,74.3584,-0.373143
1.49048,74.3889,0.157808
1.49109,74.4193,0.454762E-01
1.49170,74.4498,-0.397525E-01
1.49231,74.4802,-0.136037E-03
1.49292,74.5107,-0.117259
1.49353,74.5412,0.975342E-01
1.49414,74.5716,0.215761E-02
1.49475,74.6021,0.916711E-02
1.49536,74.6326,0.199860
1.49597,74.6630,-0.213804
1.49658,74.6935,0.106765
1.49719,74.7239,0.277285
1.49780,74.7544,0.202204
1.49841,74.7849,0.266177E-01
1.49902,74.8153,0.665681E-01
1.49963,74.8458,0.131066
1.50024,74.8763,0.562340E-01
1.50085,74.9067,0.202034E-01
1.50146,74.9372,0.165518E-01
1.50208,74.9676,0.717723E-01
1.50269,74.9981,-0.153113
1.50330,75.0286,0.735154E-03
1.50391,75.0590,0.197942E-01
1.50452,75.0895,0.960171E-01
1.50513,75.1200,-0.231155
1.50574,75.1504,0.952912E-01
1.50635,75.1809,0.193058
1.50696,75.2113,0.206721
1.50757,75.2418,-0.898746E-01
1.50818,75.2723,0.989957E-01
1.50879,75.3027,-0.451005E-01
1.50940,75.3332,0.117261
1.51001,75.3637,-0.148226E-01
1.51062,75.3941,-0.232732E-01
1.51123,75.4246,-0.110967
1.51184,75.4550,-0.647740E-02
1.51245,75.4855,-0.104266E-01
1.51306,75.5160,-0.482335E-01
1.51367,75.5464,-0.784297E-01
1.51428,75.5769,0.207426E-01
1.51489,75.6073,-0.854688E-01
1.51550,75.6378,-0.266492E-01
1.51611,75.6683,-0.580577E-01
1.51672,75.6987,0.345530E-02
1.51733,75.7292,-0.139364
1.51794,75.7597,-0.495636E-01
1.51855,75.7901,-0.348474E-01
1.51917,75.8206,-0.875618E-01
1.51978,75.8510,0.146052
1.52039,75.8815,0.132652
1.52100,75.9120,0.372396E-01
1.52161,75.9424,0.389961E-01
1.52222,75.9729,-0.877677E-01
1.52283,76.0034,0.972696E-01
1.52344,76.0338,-0.191104
1.52405,76.0643,0.162182E-01
1.52466,76.0947,0.126272
1.52527,76.1252,-0.144576E-01
1.52588,76.1557,0.738786E-01
1.52649,76.1861,0.374992
1.52710,76.2166,0.275199E-01
1.52771,76.2471,0.211443
1.52832,76.2775,0.337912E-01
1.52893,76.3080,-0.139744E-01
1.52954,76.3384,-0.186229
1.53015,76.3689,-0.550930E-01
1.53076,76.3994,0.105712
1.53137,76.4298,0.199705E-02
1.53198,76.4603,0.139598
1.53259,76.4908,0.210373
1.53320,76.5212,0.531397E-03
1.53381,76.5517,-0.305932E-01
1.53442,76.5821,-0.643154E-01
1.53503,76.6126,0.499897E-02
1.53564,76.6431,-0.444563E-01
1.53625,76.6735,-0.420560E-01
1.53687,76.7040,-0.367232E-01
1.53748,76.7345,-0.478643E-01
1.53809,76.7649,0.112942
1.53870,76.7954,-0.197484E-01
1.53931,76.8258,0.128985E-01
1.53992,76.8563,0.735908E-01
1.54053,76.8868,-0.169648
1.54114,76.9172,0.104512
1.54175,76.9477,0.138818
1.54236,76.9782,0.943086E-01
1.54297,77.0086,-0.962261E-01
1.54358,77.0391,-0.272447
1.54419,77.0695,0.548672E-01
1.54480,77.1000,0.870027E-01
1.54541,77.1305,0.241979E-01
1.54602,77.1609,0.465680E-02
1.54663,77.1914,0.799741E-01
1.54724,77.2218,0.136152
1.54785,77.2523,0.190250
1.54846,77.2828,-0.233044
1.54907,77.3132,-0.241212E-01
1.54968,77.3437,0.272978E-01
1.55029,77.3742,0.123620
1.55090,77.4046,0.223298
1.55151,77.4351,-0.123739E-01
1.55212,77.4655,-0.299392E-01
1.55273,77.4960,0.186521E-01
1.55334,77.5265,0.188762
1.55396,77.5569,0.151077E-01
1.55457,77.5874,-0.109555
1.55518,77.6179,0.200325E-01
1.55579,77.6483,0.226963
1.55640,77.6788,0.641363E-01
1.55701,77.7092,0.301540E-01
1.55762,77.7397,-0.210101E-01
1.55823,77.7702,0.650416E-01
1.55884,77.8006,0.299296E-01
1.55945,77.8311,-0.375135E-01
1.56006,77.8616,0.916136E-01
1.56067,77.8920,-0.499279E-01
1.56128,77.9225,0.122030
1.56189,77.9529,0.137465E-02
1.56250,77.9834,-0.108258
1.56311,78.0139,-0.145482E-01
1.56372,78.0443,0.178187
1.56433,78.0748,-0.134890
1.56494,78.1053,0.121787
1.56555,78.1357,0.922192E-01
1.56616,78.1662,-0.334992E-01
1.56677,78.1966,0.264268
1.56738,78.2271,-0.947678E-01
1.56799,78.2576,-0.279898E-01
1.56860,78.2880,0.728510E-01
1.56921,78.3185,0.395464E-01
1.56982,78.3490,0.151693E-01
1.57043,78.3794,-0.273732E-01
1.57104,78.4099,-0.502265E-02
1.57166,78.4403,-0.222116E-01
1.57227,78.4708,0.153620
1.57288,78.5013,-0.659518E-01
1.57349,78.5317,-0.604920E-01
1.57410,78.5622,-0.365373E-01
1.57471,78.5927,-0.844889E-02
1.57532,78.6231,-0.668824E-01
1.57593,78.6536,-0.554448E-01
1.57654,78.6840,0.187474
1.57715,78.7145,0.651358E-01
1.57776,78.7450,-0.210854E-01
1.57837,78.7754,0.748719E-01
1.57898,78.8059,0.642785E-02
1.57959,78.8363,0.814515E-01
1.58020,78.8668,0.800235E-01
1.58081,78.8973,0.154768
1.58142,78.9277,0.514974E-01
1.58203,78.9582,-0.440334E-02
1.58264,78.9887,0.390581E-01
1.58325,79.0191,0.917252E-01
1.58386,79.0496,-0.249536E-01
1.58447,79.0800,-0.120530
1.58508,79.1105,0.122697
1.58569,79.1410,0.895166E-01
1.58630,79.1714,0.196458
1.58691,79.2019,0.833761E-02
1.58752,79.2324,0.130760
1.58813,79.2628,-0.646619E-01
1.58875,79.2933,0.160634
1.58936,79.3237,0.301943E-01
1.58997,79.3542,0.747024E-01
1.59058,79.3847,0.470340E-01
1.59119,79.4151,0.642116E-03
1.59180,79.4456,0.799903E-01
1.59241,79.4761,-0.245741E-01
1.59302,79.5065,-0.143539
1.59363,79.5370,0.184396
1.59424,79.5674,-0.120402
1.59485,79.5979,-0.165747
1.59546,79.6284,0.317582E-02
1.59607,79.6588,0.615726E-01
1.59668,79.6893,0.340431E-01
1.59729,79.7198,-0.464092E-01
1.59790,79.7502,-0.167327E-01
1.59851,79.7807,-0.723497E-01
1.59912,79.8111,-0.140869
1.59973,79.8416,0.149874
1.60034,79.8721,0.238450E-01
1.60095,79.9025,0.853812E-02
1.60156,79.9330,0.116550E-01
1.60217,79.9635,0.401644E-02
1.60278,79.9939,0.551866E-01
1.60339,80.0244,-0.726080E-01
1.60400,80.0548,0.191274E-01
1.60461,80.0853,-0.798921E-02
1.60522,80.1158,-0.406552E-01
1.60583,80.1462,-0.250914
1.60645,80.1767,0.707123E-01
1.60706,80.2072,-0.392197E-01
1.60767,80.2376,-0.666714E-02
1.60828,80.2681,0.106428
1.60889,80.2985,0.327642
1.60950,80.3290,0.440779E-01
1.61011,80.3595,0.511276E-01
1.61072,80.3899,0.525876E-01
1.61133,80.4204,-0.924545E-01
1.61194,80.4508,-0.285354E-01
1.61255,80.4813,-0.151314
1.61316,80.5118,-0.254631E-01
1.61377,80.5422,-0.667450E-01
1.61438,80.5727,0.225279
1.61499,80.6032,0.268344
1.61560,80.6336,-0.248791E-01
1.61621,80.6641,0.472501E-01
1.61682,80.6945,0.474497E-02
1.61743,80.7250,0.869905E-03
1.61804,80.7555,0.319052
1.61865,80.7859,-0.327579
1.61926,80.8164,0.639774E-01
1.61987,80.8469,0.992024E-01
1.62048,80.8773,0.301546
1.62109,80.9078,-0.345744E-02
1.62170,80.9382,0.308712
1.62231,80.9687,-0.812689E-01
1.62292,80.9992,-0.337719E-02
1.62354,81.0296,0.507872E-02
1.62415,81.0601,0.185448
1.62476,81.0906,-0.330666E-01
1.62537,81.1210,0.611990E-01
1.62598,81.1515,0.243538E-01
1.62659,81.1819,0.331748E-01
1.62720,81.2124,0.362045E-01
1.62781,81.2429,0.145629
1.62842,81.2733,0.100238
1.62903,81.3038,-0.530411E-02
1.62964,81.3343,-0.116099
1.63025,81.3647,0.128019
1.63086,81.3952,0.162626
1.63147,81.4256,-0.164165
1.63208,81.4561,0.587991E-01
1.63269,81.4866,0.368720E-01
1.63330,81.5170,-0.167350
1.63391,81.5475,0.136760E-01
1.63452,81.5780,-0.314069E-01
1.63513,81.6084,0.386636
1.63574,81.6389,0.283106E-01
1.63635,81.6693,0.402680E-01
1.63696,81.6998,0.518963E-01
1.63757,81.7303,0.308222
1.63818,81.7607,0.105294
1.63879,81.7912,0.844974E-01
1.63940,81.8217,0.167602
1.64001,81.8521,0.223554
1.64062,81.8826,0.181855E-01
1.64124,81.9130,0.347797
1.64185,81.9435,-0.616380E-02
1.64246,81.9740,-0.877421E-01
1.64307,82.0044,0.667768E-02
1.64368,82.0349,0.746798E-02
1.64429,82.0653,-0.442068E-03
1.64490,82.0958,-0.627804E-02
1.64551,82.1263,0.176720E-01
1.64612,82.1567,-0.277585E-02
1.64673,82.1872,0.195002
1.64734,82.2177,-0.528965E-01
1.64795,82.2481,0.153221
1.64856,82.2786,0.150513
1.64917,82.3090,-0.657252E-01
1.64978,82.3395,0.171194E-01
1.65039,82.3700,-0.832756E-01
1.65100,82.4004,0.105389
1.65161,82.4309,0.175053E-01
1.65222,82.4614,-0.714650E-01
1.65283,82.4918,0.126173
1.65344,82.5223,0.224958
1.65405,82.5527,0.589071E-01
1.65466,82.5832,-0.341328E-01
1.65527,82.6137,0.168466
1.65588,82.6441,0.804616E-01
1.65649,82.6746,-0.471040E-01
1.65710,82.7051,-0.891738E-01
1.65771,82.7355,0.118987E-01
1.65833,82.7660,0.682247E-02
1.65894,82.7964,0.106157
1.65955,82.8269,-0.687656E-01
1.66016,82.8574,0.181525
1.66077,82.8878,0.113149
1.66138,82.9183,0.819496E-02
1.66199,82.9488,-0.361064E-02
1.66260,82.9792,0.125942
1.66321,83.0097,0.205544
1.66382,83.0401,0.432535E-01
1.66443,83.0706,-0.333582
1.66504,83.1011,0.279163
1.66565,83.1315,-0.311033E-01
1.66626,83.1620,0.519936E-01
1.66687,83.1925,-0.234806E-01
1.66748,83.2229,0.962423E-01
1.66809,83.2534,0.480099E-01
1.66870,83.2838,-0.902425E-01
1.66931,83.3143,0.470608E-01
1.66992,83.3448,0.474587E-01
1.67053,83.3752,-0.219860E-01
1.67114,83.4057,0.219562
1.67175,83.4362,-0.390162E-03
1.67236,83.4666,0.820748E-01
1.67297,83.4971,-0.144890
1.67358,83.5275,-0.453683E-01
1.67419,83.5580,-0.136425E-01
1.67480,83.5885,0.613959E-01
1.67542,83.6189,-0.228584E-01
1.67603,83.6494,0.209411E-01
1.67664,83.6798,0.150963E-01
1.67725,83.7103,0.120991
1.67786,83.7408,0.188360
1.67847,83.7712,0.112060E-01
1.67908,83.8017,0.231248
1.67969,83.8322,-0.242276E-02
1.68030,83.8626,0.161794
1.68091,83.8931,0.150783
1.68152,83.9235,-0.423874E-02
1.68213,83.9540,0.538004E-01
1.68274,83.9845,0.109368
1.68335,84.0149,0.509000E-01
1.68396,84.0454,0.283647E-01
1.68457,84.0759,-0.157741
1.68518,84.1063,0.632662E-02
1.68579,84.1368,0.397206E-01
1.68640,84.1672,0.144888E-01
1.68701,84.1977,0.846734E-01
1.68762,84.2282,0.523209E-01
1.68823,84.2586,0.648147E-01
1.68884,84.2891,0.106236
1.68945,84.3196,-0.624343E-01
1.69006,84.3500,0.328889E-02
1.69067,84.3805,-0.290321E-02
1.69128,84.4109,0.114080
1.69189,84.4414,0.153464
1.69250,84.4719,-0.521682E-02
1.69312,84.5023,0.180345
1.69373,84.5328,-0.263028
1.69434,84.5633,0.965030E-02
1.69495,84.5937,-0.621187E-01
1.69556,84.6242,0.801256E-01
1.69617,84.6546,0.591280E-01
1.69678,84.6851,-0.132846
1.69739,84.7156,-0.391067E-01
1.69800,84.7460,0.120793E-01
1.69861,84.7765,-0.151143
1.69922,84.8070,0.494882E-01
1.69983,84.8374,-0.697376E-02
1.70044,84.8679,0.490442E-02
1.70105,84.8983,0.575188E-01
1.70166,84.9288,0.534002E-01
1.70227,84.9593,0.265915E-01
1.70288,84.9897,0.141969E-01
1.70349,85.0202,0.282943E-01
1.70410,85.0507,-0.240156E-01
1.70471,85.0811,-0.144054E-01
1.70532,85.1116,-0.756981E-01
1.70593,85.1420,-0.368546E-01
1.70654,85.1725,0.162722E-01
1.70715,85.2030,-0.264265E-02
1.70776,85.2334,-0.322190E-02
1.70837,85.2639,-0.611254E-01
1.70898,85.2943,-0.142572E-01
1.70959,85.3248,0.405018
1.71021,85.3553,-0.988131E-02
1.71082,85.3857,0.921087E-01
1.71143,85.4162,0.360730E-01
1.71204,85.4467,0.338279
1.71265,85.4771,0.200725
1.71326,85.5076,0.518641E-01
1.71387,85.5380,0.120424
1.71448,85.5685,-0.372003E-01
1.71509,85.5990,-0.164943
1.71570,85.6294,0.264007E-01
1.71631,85.6599,0.288381E-01
1.71692,85.6904,-0.302345E-01
1.71753,85.7208,-0.851443E-01
1.71814,85.7513,0.854091E-01
1.71875,85.7817,-0.797385E-01
1.71936,85.8122,-0.120509
1.71997,85.8427,0.522874E-01
1.72058,85.8731,0.122474
1.72119,85.9036,0.112786E-01
1.72180,85.9341,0.112901
1.72241,85.9645,0.106767
1.72302,85.9950,-0.441471E-01
1.72363,86.0254,-0.139761
1.72424,86.0559,0.371255E-03
1.72485,86.0864,-0.500622E-01
1.72546,86.1168,0.268421E-02
1.72607,86.1473,0.161721E-01
1.72668,86.1778,0.780088E-01
1.72729,86.2082,-0.152490E-01
1.72791,86.2387,-0.176004E-01
1.72852,86.2691,-0.874210E-01
1.72913,86.2996,0.110479
1.72974,86.3301,0.136305
1.73035,86.3605,-0.168416E-02
1.73096,86.3910,0.377108
1.73157,86.4215,-0.334718E-01
1.73218,86.4519,-0.128034
1.73279,86.4824,-0.266669
1.73340,86.5128,0.364951E-01
1.73401,86.5433,-0.344233E-01
1.73462,86.5738,-0.269601
1.73523,86.6042,-0.189307
1.73584,86.6347,-0.681722E-02
1.73645,86.6652,-0.561844E-01
1.73706,86.6956,-0.477686E-01
1.73767,86.7261,-0.880317E-02
1.73828,86.7565,0.169743
1.73889,86.7870,-0.166472E-01
1.73950,86.8175,-0.535468E-01
1.74011,86.8479,-0.214226E-01
1.74072,86.8784,0.348129E-01
1.74133,86.9088,-0.433545E-01
1.74194,86.9393,-0.371137E-01
1.74255,86.9698,-0.184859
1.74316,87.0002,0.956892E-01
1.74377,87.0307,-0.154751E-01
1.74438,87.0612,-0.831272E-01
1.74500,87.0916,-0.107527E-01
1.74561,87.1221,0.208094
1.74622,87.1525,0.160872
1.74683,87.1830,0.144113
1.74744,87.2135,0.318659E-01
1.74805,87.2439,0.951274E-01
1.74866,87.2744,0.744205E-01
1.74927,87.3049,0.702746E-03
1.74988,87.3353,0.116033E-01
1.75049,87.3658,-0.647025E-01
1.75110,87.3962,0.847717E-01
1.75171,87.4267,-0.281268E-01
1.75232,87.4572,0.344803E-01
1.75293,87.4876,0.149242
1.75354,87.5181,0.123405E-01
1.75415,87.5486,-0.210394E-01
1.75476,87.5790,0.898936E-01
1.75537,87.6095,0.692630E-01
1.75598,87.6399,-0.126141
1.75659,87.6704,0.147485
1.75720,87.7009,0.206981E-01
1.75781,87.7313,0.112593
1.75842,87.7618,-0.237406E-01
1.75903,87.7923,0.458661E-01
1.75964,87.8227,0.400130E-01
1.76025,87.8532,0.132733
1.76086,87.8836,0.799182E-02
1.76147,87.9141,0.616868E-01
1.76208,87.9446,-0.734425E-02
1.76270,87.9750,0.120166
1.76331,88.0055,0.107868
1.76392,88.0360,0.735281E-01
1.76453,88.0664,-0.963422E-01
1.76514,88.0969,-0.210524E-01
1.76575,88.1273,-0.292277E-01
1.76636,88.1578,-0.871671E-01
1.76697,88.1883,0.345869E-01
1.76758,88.2187,-0.196295
1.76819,88.2492,0.966994E-01
1.76880,88.2797,0.927786E-02
1.76941,88.3101,0.811376E-01
1.77002,88.3406,0.277343
1.77063,88.3710,-0.176788
1.77124,88.4015,-0.315198E-01
1.77185,88.4320,-0.122653
1.77246,88.4624,-0.299181E-01
1.77307,88.4929,-0.377736E-01
1.77368,88.5233,-0.156667E-01
1.77429,88.5538,0.454231E-02
1.77490,88.5843,0.887049E-01
1.77551,88.6147,0.152433E-01
1.77612,88.6452,0.319941
1.77673,88.6757,0.114032E-01
1.77734,88.7061,0.751831E-02
1.77795,88.7366,0.152323E-01
1.77856,88.7670,0.192412E-01
1.77917,88.7975,0.133789E-01
1.77979,88.8280,-0.208273E-01
1.78040,88.8584,0.638433E-01
1.78101,88.8889,-0.145789E-01
1.78162,88.9194,-0.175259E-01
1.78223,88.9498,0.168996
1.78284,88.9803,0.983599E-01
1.78345,89.0107,-0.472190E-01
1.78406,89.0412,0.254187
1.78467,89.0717,-0.509880E-01
1.78528,89.1021,0.112299E-02
1.78589,89.1326,-0.259230E-01
1.78650,89.1631,0.148086E-01
1.78711,89.1935,-0.102451E-02
1.78772,89.2240,-0.386105E-01
1.78833,89.2544,-0.543328E-01
1.78894,89.2849,0.104186E-01
1.78955,89.3154,-0.157162E-02
1.79016,89.3458,-0.366804E-01
1.79077,89.3763,-0.136577
1.79138,89.4068,0.133889
1.79199,89.4372,-0.187492E-02
1.79260,89.4677,0.143203
1.79321,89.4981,-0.299546E-01
1.79382,89.5286,-0.322653E-01
1.79443,89.5591,0.209371E-01
1.79504,89.5895,0.459802E-01
1.79565,89.6200,0.679731E-02
1.79626,89.6505,-0.121490
1.79688,89.6809,0.177247
1.79749,89.7114,-0.335445E-02
1.79810,89.7418,-0.665200E-01
1.79871,89.7723,0.310252E-01
1.79932,89.8028,-0.605145E-01
1.79993,89.8332,-0.452729E-01
1.80054,89.8637,0.146976
1.80115,89.8942,-0.459471E-01
1.80176,89.9246,0.115771
1.80237,89.9551,0.574765E-01
1.80298,89.9855,0.155982E-01
1.80359,90.0160,0.445340E-01
1.80420,90.0465,0.691187E-01
1.80481,90.0769,0.120893
1.80542,90.1074,-0.320742E-01
1.80603,90.1378,0.219748E-02
1.80664,90.1683,-0.302824E-01
1.80725,90.1988,0.948544E-03
1.80786,90.2292,0.144902
1.80847,90.2597,0.562765E-01
1.80908,90.2902,0.327455E-01
1.80969,90.3206,-0.758898E-01
1.81030,90.3511,-0.139711E-01
1.81091,90.3815,-0.518567E-01
1.81152,90.4120,0.729782E-02
1.81213,90.4425,0.250963
1.81274,90.4729,-0.436692E-01
1.81335,90.5034,0.268286E-01
1.81396,90.5339,-0.801047E-01
1.81458,90.5643,0.124873
1.81519,90.5948,-0.916254E-03
1.81580,90.6252,0.219464
1.81641,90.6557,-0.636542E-01
1.81702,90.6862,0.398287E-01
1.81763,90.7166,-0.158964E-01
1.81824,90.7471,-0.351717E-01
1.81885,90.7776,-0.151313
1.81946,90.8080,-0.148057E-01
1.82007,90.8385,0.268052E-01
1.82068,90.8689,-0.243701E-01
1.82129,90.8994,-0.157421E-01
1.82190,90.9299,-0.107882
1.82251,90.9603,0.125935E-01
1.82312,90.9908,-0.242225E-01
1.82373,91.0213,-0.199231E-01
1.82434,91.0517,0.372963E-01
1.82495,91.0822,-0.199500
1.82556,91.1126,-0.153727E-02
1.82617,91.1431,0.415367E-01
1.82678,91.1736,0.193059
1.82739,91.2040,-0.174231E-01
1.82800,91.2345,0.390100E-01
1.82861,91.2650,0.142777
1.82922,91.2954,0.702854E-02
1.82983,91.3259,-0.120241E-01
1.83044,91.3563,-0.221277E-01
1.83105,91.3868,-0.701409E-01
1.83167,91.4173,-0.868392E-01
1.83228,91.4477,0.582938E-01
1.83289,91.4782,0.191435
1.83350,91.5087,0.755127E-01
1.83411,91.5391,-0.381380E-01
1.83472,91.5696,-0.197397E-01
1.83533,91.6000,0.265784E-01
1.83594,91.6305,0.501233E-01
1.83655,91.6610,-0.242657
1.83716,91.6914,-0.557590E-02
1.83777,91.7219,-0.141813E-01
1.83838,91.7524,-0.774709E-01
1.83899,91.7828,0.513587E-01
1.83960,91.8133,-0.235214E-01
1.84021,91.8437,-0.177604
1.84082,91.8742,-0.209357E-01
1.84143,91.9047,-0.223320E-01
1.84204,91.9351,-0.671585E-01
1.84265,91.9656,0.886897E-02
1.84326,91.9960,0.136008
1.84387,92.0265,0.322753E-01
1.84448,92.0570,0.990475E-01
1.84509,92.0874,0.466260E-01
1.84570,92.1179,0.245323
1.84631,92.1484,0.194392
1.84692,92.1788,-0.323830
1.84753,92.2093,0.314355E-01
1.84814,92.2397,-0.100283
1.84875,92.2702,0.805402E-01
1.84937,92.3007,0.101669
1.84998,92.3311,-0.121624E-01
1.85059,92.3616,0.430601E-02
1.85120,92.3921,-0.956021E-01
1.85181,92.4225,-0.597251E-01
1.85242,92.4530,0.700708E-01
1.85303,92.4834,0.473609E-01
1.85364,92.5139,0.138947E-01
1.85425,92.5444,0.236517E-01
1.85486,92.5748,0.606346E-02
1.85547,92.6053,0.465316E-01
1.85608,92.6358,0.145876E-02
1.85669,92.6662,-0.109562E-01
1.85730,92.6967,-0.113443E-01
1.85791,92.7271,0.911773E-01
1.85852,92.7576,0.542654E-01
1.85913,92.7881,-0.103063
1.85974,92.8185,0.671918E-01
1.86035,92.8490,0.483115E-01
1.86096,92.8795,0.160067E-01
1.86157,92.9099,0.792814E-01
1.86218,92.9404,0.181445E-01
1.86279,92.9708,0.164798E-01
1.86340,93.0013,-0.236237E-01
1.86401,93.0318,0.842842E-01
1.86462,93.0622,-0.228630E-01
1.86523,93.0927,0.157497
1.86584,93.1232,0.112864E-01
1.86646,93.1536,0.314863
1.86707,93.1841,-0.733033E-01
1.86768,93.2145,0.407715E-01
1.86829,93.2450,-0.418255E-01
1.86890,93.2755,0.162615
1.86951,93.3059,0.407070E-01
1.87012,93.3364,0.523291E-01
1.87073,93.3669,-0.680548E-02
1.87134,93.3973,0.347791E-01
1.87195,93.4278,0.173374E-01
1.87256,93.4582,0.227764
1.87317,93.4887,-0.935923E-02
1.87378,93.5192,0.331501E-01
1.87439,93.5496,0.172327
1.87500,93.5801,-0.277690E-01
1.87561,93.6105,-0.784034E-02
1.87622,93.6410,-0.242356E-01
1.87683,93.6715,-0.989749E-02
1.87744,93.7019,-0.151515E-01
1.87805,93.7324,0.205111
1.87866,93.7629,0.471896E-01
1.87927,93.7933,0.133326
1.87988,93.8238,0.109816E-01
1.88049,93.8542,-0.446367E-03
1.88110,93.8847,-0.441505E-01
1.88171,93.9152,0.103482
1.88232,93.9456,-0.484653E-02
1.88293,93.9761,0.777232E-01
1.88354,94.0066,0.326892E-01
1.88416,94.0370,0.112119
1.88477,94.0675,0.519285E-01
1.88538,94.0979,-0.960017E-02
1.88599,94.1284,-0.339956E-01
1.88660,94.1589,-0.291885E-01
1.88721,94.1893,0.149163E-02
1.88782,94.2198,0.994750E-01
1.88843,94.2503,0.320053E-01
1.88904,94.2807,0.869823E-01
1.88965,94.3112,0.551914E-01
1.89026,94.3416,0.396303E-01
1.89087,94.3721,0.242821E-01
1.89148,94.4026,-0.904100E-02
1.89209,94.4330,-0.548719E-01
1.89270,94.4635,0.115380
1.89331,94.4940,0.891628E-01
1.89392,94.5244,0.279950
1.89453,94.5549,-0.515067E-01
1.89514,94.5853,-0.375136E-01
1.89575,94.6158,-0.246393E-01
1.89636,94.6463,-0.907252E-02
1.89697,94.6767,0.283878E-02
1.89758,94.7072,-0.139655E-02
1.89819,94.7377,-0.196192E-01
1.89880,94.7681,0.133393
1.89941,94.7986,0.106051
1.90002,94.8290,-0.409563
1.90063,94.8595,0.129494
1.90125,94.8900,-0.591545E-01
1.90186,94.9204,-0.251037
1.90247,94.9509,0.295411E-01
1.90308,94.9814,-0.801036E-02
1.90369,95.0118,-0.385748E-01
1.90430,95.0423,-0.444631E-02
1.90491,95.0727,0.909504E-01
1.90552,95.1032,0.385855E-01
1.90613,95.1337,-0.699412E-02
1.90674,95.1641,-0.591226E-02
1.90735,95.1946,0.224606E-01
1.90796,95.2250,-0.346940E-01
1.90857,95.2555,-0.271773E-01
1.90918,95.2860,0.179512E-01
1.90979,95.3164,0.124692
1.91040,95.3469,-0.938409E-01
1.91101,95.3774,0.131280E-01
1.91162,95.4078,-0.102030
1.91223,95.4383,-0.511239E-01
1.91284,95.4687,0.387572E-01
1.91345,95.4992,-0.108727E-01
1.91406,95.5297,0.114071
1.91467,95.5601,-0.192488E-01
1.91528,95.5906,-0.358303E-01
1.91589,95.6211,-0.131123
1.91650,95.6515,0.268398E-01
1.91711,95.6820,0.175388E-01
1.91772,95.7124,-0.310955E-02
1.91833,95.7429,0.617768E-01
1.91895,95.7734,0.167773
1.91956,95.8038,0.660084E-01
1.92017,95.8343,0.234832E-01
1.92078,95.8648,-0.357479E-01
1.92139,95.8952,-0.241808E-01
1.92200,95.9257,0.501136E-01
1.92261,95.9561,0.647180E-02
1.92322,95.9866,-0.418283E-01
1.92383,96.0171,-0.525426E-01
1.92444,96.0475,0.389616E-02
1.92505,96.0780,-0.195547E-01
1.92566,96.1085,-0.666940E-01
1.92627,96.1389,0.127617
1.92688,96.1694,0.909163E-01
1.92749,96.1998,0.592833E-01
1.92810,96.2303,0.188818
1.92871,96.2608,-0.323989E-01
1.92932,96.2912,-0.181768E-01
1.92993,96.3217,0.112177
1.93054,96.3522,0.135603
1.93115,96.3826,0.154126E-01
1.93176,96.4131,0.283506E-01
1.93237,96.4435,0.854630E-01
1.93298,96.4740,-0.345611E-01
1.93359,96.5045,-0.188693
1.93420,96.5349,0.222483
1.93481,96.5654,0.180447
1.93542,96.5959,0.570522E-01
1.93604,96.6263,0.757138E-01
1.93665,96.6568,0.427866E-03
1.93726,96.6872,-0.113776
1.93787,96.7177,-0.416956E-01
1.93848,96.7482,0.945369E-01
1.93909,96.7786,-0.323541E-01
1.93970,96.8091,0.209441E-01
1.94031,96.8395,-0.312611E-01
1.94092,96.8700,-0.694316E-01
1.94153,96.9005,-0.109426
1.94214,96.9309,0.117130
1.94275,96.9614,0.977111E-01
1.94336,96.9919,0.360607E-01
1.94397,97.0223,0.776150E-01
1.94458,97.0528,-0.167742
1.94519,97.0832,0.242634E-01
1.94580,97.1137,0.160930
1.94641,97.1442,0.236389
1.94702,97.1746,-0.121500
1.94763,97.2051,0.838008E-01
1.94824,97.2356,-0.596122E-01
1.94885,97.2660,0.664046E-01
1.94946,97.2965,0.870327E-01
1.95007,97.3269,-0.150101E-01
1.95068,97.3574,0.178450E-01
1.95129,97.3879,-0.162846E-01
1.95190,97.4183,-0.212125E-01
1.95251,97.4488,0.909100E-02
1.95312,97.4793,-0.292336E-01
1.95374,97.5097,0.967264E-02
1.95435,97.5402,-0.236688E-02
1.95496,97.5706,0.888606E-01
1.95557,97.6011,0.136855E-01
1.95618,97.6316,-0.651869E-01
1.95679,97.6620,-0.487150E-01
1.95740,97.6925,-0.660530E-01
1.95801,97.7230,0.415905
1.95862,97.7534,-0.741344E-02
1.95923,97.7839,-0.829958E-01
1.95984,97.8143,-0.180081
1.96045,97.8448,-0.153287
1.96106,97.8753,0.211195E-01
1.96167,97.9057,-0.538926E-01
1.96228,97.9362,0.897292E-02
1.96289,97.9667,-0.214154E-01
1.96350,97.9971,0.884769E-02
1.96411,98.0276,0.661466E-01
1.96472,98.0580,0.707167E-01
1.96533,98.0885,-0.850792E-02
1.96594,98.1190,0.237502E-01
1.96655,98.1494,0.101461
1.96716,98.1799,0.328913E-01
1.96777,98.2104,0.501169E-01
1.96838,98.2408,0.442112E-01
1.96899,98.2713,0.182403
1.96960,98.3017,0.238451
1.97021,98.3322,0.244190E-01
1.97083,98.3627,-0.172660
1.97144,98.3931,0.573427E-01
1.97205,98.4236,0.384213E-01
1.97266,98.4540,-0.142389E-01
1.97327,98.4845,-0.988724E-01
1.97388,98.5150,0.494076E-01
1.97449,98.5454,0.695002E-02
1.97510,98.5759,-0.533144E-01
1.97571,98.6064,0.163661E-02
1.97632,98.6368,0.449924E-01
1.97693,98.6673,0.101207
1.97754,98.6977,0.128385
1.97815,98.7282,-0.116821E-01
1.97876,98.7587,0.899126E-01
1.97937,98.7891,-0.599047E-02
1.97998,98.8196,0.543746E-02
1.98059,98.8501,0.338835E-01
1.98120,98.8805,0.210714E-01
1.98181,98.9110,0.105240
1.98242,98.9414,-0.317462E-01
1.98303,98.9719,-0.819016E-01
1.98364,99.0024,-0.513781E-01
1.98425,99.0328,0.123832E-01
1.98486,99.0633,-0.564704E-01
1.98547,99.0938,0.134972E-01
1.98608,99.1242,-0.385369E-01
1.98669,99.1547,0.176697E-02
1.98730,99.1851,-0.292923E-01
1.98792,99.2156,0.132880
1.98853,99.2461,0.355716E-01
1.98914,99.2765,0.110550
1.98975,99.3070,0.149372E-01
1.99036,99.3375,-0.193154E-01
1.99097,99.3679,0.721543E-01
1.99158,99.3984,0.841222E-02
1.99219,99.4288,-0.191241E-01
1.99280,99.4593,-0.878645E-02
1.99341,99.4898,0.139441E-01
1.99402,99.5202,0.131565
1.99463,99.5507,-0.763165E-01
1.99524,99.5812,-0.492069E-02
1.99585,99.6116,0.323738E-02
1.99646,99.6421,-0.120002
1.99707,99.6725,0.525992E-01
1.99768,99.7030,0.668244E-01
1.99829,99.7335,0.127713
1.99890,99.7639,0.176685
1.99951,99.7944,0.225012E-01
2.00012,99.8249,0.515554E-01
2.00073,99.8553,-0.965116E-01
2.00134,99.8858,0.190659E-01
2.00195,99.9162,-0.667511E-01
2.00256,99.9467,-0.262889
2.00317,99.9772,-0.469406E-01
2.00378,100.008,0.227476E-01
2.00439,100.038,0.121358E-01
2.00500,100.069,0.144164E-01
2.00562,100.099,-0.234601E-01
2.00623,100.129,0.938303E-01
2.00684,100.160,0.437142E-03
2.00745,100.190,-0.835440E-01
2.00806,100.221,-0.109799E-01
2.00867,100.251,0.836282E-01
2.00928,100.282,-0.348529E-01
2.00989,100.312,-0.182118E-01
2.01050,100.343,-0.294469E-01
2.01111,100.373,-0.104909
2.01172,100.404,-0.295352E-01
2.01233,100.434,0.546060E-01
2.01294,100.465,-0.185924E-01
2.01355,100.495,-0.911948E-01
2.01416,100.525,-0.372038E-02
2.01477,100.556,-0.272859E-01
2.01538,100.586,0.443821E-01
2.01599,100.617,0.144696
2.01660,100.647,0.100885
2.01721,100.678,-0.183784E-02
2.01782,100.708,0.236946E-01
2.01843,100.739,-0.767442E-01
2.01904,100.769,-0.106241
2.01965,100.800,-0.411258E-01
2.02026,100.830,-0.172917E-01
2.02087,100.861,0.169202E-01
2.02148,100.891,0.163057
2.02209,100.921,0.239980E-01
2.02271,100.952,-0.917080E-01
2.02332,100.982,0.133151
2.02393,101.013,-0.140533E-02
2.02454,101.043,-0.872782E-01
2.02515,101.074,-0.166425E-01
2.02576,101.104,-0.119689E-01
2.02637,101.135,-0.869195E-01
2.02698,101.165,-0.124771E-01
2.02759,101.196,-0.126191
2.02820,101.226,0.676844E-01
2.02881,101.257,0.270974E-01
2.02942,101.287,-0.119486E-01
2.03003,101.318,0.284855
2.03064,101.348,0.892881E-01
2.03125,101.378,-0.149571
2.03186,101.409,0.164306
2.03247,101.439,-0.232094E-01
2.03308,101.470,-0.190819
2.03369,101.500,0.939901E-01
2.03430,101.531,0.310870E-01
2.03491,101.561,-0.173107E-01
2.03552,101.592,0.541309E-01
2.03613,101.622,0.191912
2.03674,101.653,-0.263231E-01
2.03735,101.683,-0.986570E-02
2.03796,101.714,-0.653814E-02
2.03857,101.744,-0.167059
2.03918,101.774,-0.136428
2.03979,101.805,-0.115251
2.04041,101.835,0.172908
2.04102,101.866,0.968722E-01
2.04163,101.896,0.156718
2.04224,101.927,-0.883366E-02
2.04285,101.957,0.123845
2.04346,101.988,0.396819E-01
2.04407,102.018,0.405040E-01
2.04468,102.049,0.522077E-01
2.04529,102.079,-0.752191E-01
2.04590,102.110,0.147876
2.04651,102.140,0.738217E-01
2.04712,102.170,0.287367
2.04773,102.201,0.146171
2.04834,102.231,0.304816E-01
2.04895,102.262,0.122909E-01
2.04956,102.292,0.294128E-01
2.05017,102.323,-0.583403E-01
2.05078,102.353,0.899941E-01
2.05139,102.384,0.332885E-01
2.05200,102.414,0.401329E-02
2.05261,102.445,0.583761E-02
2.05322,102.475,-0.127560E-01
2.05383,102.506,0.868791E-01
2.05444,102.536,0.835965E-01
2.05505,102.566,-0.537708E-02
2.05566,102.597,-0.266395E-01
2.05627,102.627,0.349999E-01
2.05688,102.658,0.869001E-01
2.05750,102.688,0.103531
2.05811,102.719,0.558657E-01
2.05872,102.749,0.905003E-01
2.05933,102.780,0.132450
2.05994,102.810,0.139093
2.06055,102.841,-0.458529E-01
2.06116,102.871,0.906619E-01
2.06177,102.902,-0.117564E-01
2.06238,102.932,0.197783
2.06299,102.962,-0.696125E-02
2.06360,102.993,-0.141755E-01
2.06421,103.023,0.391893E-01
2.06482,103.054,0.647000E-01
2.06543,103.084,0.425804E-01
2.06604,103.115,-0.212668E-01
2.06665,103.145,-0.230963
2.06726,103.176,0.157253E-02
2.06787,103.206,-0.169423E-01
2.06848,103.237,0.975663E-01
2.06909,103.267,-0.194543
2.06970,103.298,0.127948E-01
2.07031,103.328,0.886291E-02
2.07092,103.358,0.122798
2.07153,103.389,0.632756E-01
2.07214,103.419,-0.835451E-01
2.07275,103.450,-0.659724E-01
2.07336,103.480,0.556537E-01
2.07397,103.511,0.681172E-02
2.07458,103.541,0.294309E-01
2.07520,103.572,0.427104E-01
2.07581,103.602,0.807765E-01
2.07642,103.633,-0.105521E-01
2.07703,103.663,0.310005E-01
2.07764,103.694,-0.297189E-01
2.07825,103.724,0.105843
2.07886,103.754,0.628119E-01
2.07947,103.785,0.234805
2.08008,103.815,0.126929
2.08069,103.846,-0.267776E-02
2.08130,103.876,0.401207E-01
2.08191,103.907,0.324659
2.08252,103.937,-0.601804E-01
2.08313,103.968,0.130006
2.08374,103.998,-0.736851E-01
2.08435,104.029,-0.149905E-01
2.08496,104.059,-0.837926E-01
2.08557,104.090,-0.276090E-01
2.08618,104.120,-0.230171
2.08679,104.150,0.515925E-01
2.08740,104.181,0.140279E-01
2.08801,104.211,-0.335017E-01
2.08862,104.242,0.492103E-01
2.08923,104.272,0.140090
2.08984,104.303,0.410833E-02
2.09045,104.333,-0.199874E-01
2.09106,104.364,0.150499E-01
2.09167,104.394,-0.239295E-01
2.09229,104.425,0.151930E-01
2.09290,104.455,-0.532587E-01
2.09351,104.486,0.561712E-01
2.09412,104.516,0.193891
2.09473,104.547,0.748925E-01
2.09534,104.577,-0.708308E-02
2.09595,104.607,-0.828689E-01
2.09656,104.638,-0.927763E-02
2.09717,104.668,0.523866E-01
2.09778,104.699,0.111647E-01
2.09839,104.729,0.113265E-01
2.09900,104.760,0.532389E-01
2.09961,104.790,0.226767E-01
2.10022,104.821,-0.402860E-01
2.10083,104.851,0.106162
2.10144,104.882,0.192931E-01
2.10205,104.912,-0.351756
2.10266,104.943,0.112190
2.10327,104.973,0.666516E-01
2.10388,105.003,0.430785E-01
2.10449,105.034,-0.450727E-01
2.10510,105.064,-0.631469E-01
2.10571,105.095,0.506285E-02
2.10632,105.125,0.219256E-01
2.10693,105.156,-0.154900E-01
2.10754,105.186,0.775295E-01
2.10815,105.217,0.155815E-02
2.10876,105.247,-0.586067E-01
2.10938,105.278,-0.797282E-02
2.10999,105.308,0.184905E-01
2.11060,105.339,-0.305476E-01
2.11121,105.369,0.661417E-01
2.11182,105.399,-0.212400E-01
2.11243,105.430,0.407131E-02
2.11304,105.460,-0.371661E-03
2.11365,105.491,-0.126720
2.11426,105.521,-0.103555E-01
2.11487,105.552,-0.468049E-01
2.11548,105.582,0.264531E-02
2.11609,105.613,0.531786E-01
2.11670,105.643,0.218828E-01
2.11731,105.674,0.133620E-01
2.11792,105.704,0.115237
2.11853,105.735,-0.101680
2.11914,105.765,0.238053E-01
2.11975,105.795,0.136524
2.12036,105.826,-0.733907E-01
2.12097,105.856,0.197629
2.12158,105.887,-0.462762E-01
2.12219,105.917,0.901812E-01
2.12280,105.948,0.288289E-01
2.12341,105.978,0.101497
2.12402,106.009,-0.722599E-01
2.12463,106.039,0.188493
2.12524,106.070,-0.159458
2.12585,106.100,0.734294E-01
2.12646,106.131,0.926807E-02
2.12708,106.161,0.374823E-01
2.12769,106.191,0.236330
2.12830,106.222,-0.431172E-01
2.12891,106.252,0.551298E-01
2.12952,106.283,-0.318812E-01
2.13013,106.313,0.370382E-01
2.13074,106.344,-0.549573E-01
2.13135,106.374,0.300161E-01
2.13196,106.405,0.320584E-01
2.13257,106.435,0.722997E-01
2.13318,106.466,0.378749E-01
2.13379,106.496,-0.823108E-01
2.13440,106.527,-0.340084E-01
2.13501,106.557,0.814028E-01
2.13562,106.587,0.412491E-01
2.13623,106.618,-0.104049E-01
2.13684,106.648,0.684729E-01
2.13745,106.679,0.288641E-01
2.13806,106.709,0.434234E-01
2.13867,106.740,-0.402616E-01
2.13928,106.770,-0.101712
2.13989,106.801,-0.251132E-01
2.14050,106.831,0.405251E-01
2.14111,106.862,-0.719606E-01
2.14172,106.892,-0.880934E-01
2.14233,106.923,0.187348
2.14294,106.953,0.110837E-01
2.14355,106.983,-0.630200E-01
2.14417,107.014,0.124378E-01
2.14478,107.044,0.438419E-03
2.14539,107.075,-0.194377
2.14600,107.105,-0.244640
2.14661,107.136,-0.867253E-01
2.14722,107.166,-0.181364E-01
2.14783,107.197,0.196874E-02
2.14844,107.227,0.103040E-01
2.14905,107.258,0.908958E-03
2.14966,107.288,-0.169377E-01
2.15027,107.319,-0.472290E-02
2.15088,107.349,-0.111598
2.15149,107.379,-0.406549E-01
2.15210,107.410,-0.557737E-01
2.15271,107.440,0.220920
2.15332,107.471,-0.123016
2.15393,107.501,-0.457711E-01
2.15454,107.532,0.284476E-01
2.15515,107.562,0.216776E-01
2.15576,107.593,-0.222806
2.15637,107.623,-0.778972E-01
2.15698,107.654,-0.228031
2.15759,107.684,0.747906E-01
2.15820,107.715,-0.117681
2.15881,107.745,-0.210878E-01
2.15942,107.776,0.469890E-01
2.16003,107.806,0.133818E-01
2.16064,107.836,0.244023E-01
2.16125,107.867,0.315891E-01
2.16187,107.897,0.685308E-02
2.16248,107.928,-0.208388E-01
2.16309,107.958,-0.123706
2.16370,107.989,-0.383706E-01
2.16431,108.019,-0.147223E-01
2.16492,108.050,0.232028
2.16553,108.080,-0.283059E-01
2.16614,108.111,0.361231E-01
2.16675,108.141,0.332687E-01
2.16736,108.172,-0.255922
2.16797,108.202,0.102111
2.16858,108.232,0.567605E-01
2.16919,108.263,-0.369917E-01
2.16980,108.293,-0.163949E-01
2.17041,108.324,0.401191E-01
2.17102,108.354,-0.125369
2.17163,108.385,0.561216E-02
2.17224,108.415,-0.816020E-01
2.17285,108.446,0.162220
2.17346,108.476,0.163006E-01
2.17407,108.507,0.105879
2.17468,108.537,0.181049E-02
2.17529,108.568,0.501732E-01
2.17590,108.598,-0.139481E-01
2.17651,108.628,-0.239620E-01
2.17712,108.659,-0.111416
2.17773,108.689,-0.819823E-03
2.17834,108.720,0.480271E-01
2.17896,108.750,0.620101E-01
2.17957,108.781,0.349519E-01
2.18018,108.811,-0.392907E-01
2.18079,108.842,-0.796369E-02
2.18140,108.872,0.625653E-02
2.18201,108.903,0.361564E-01
2.18262,108.933,-0.350232E-02
2.18323,108.964,-0.416600E-01
2.18384,108.994,-0.762493E-02
2.18445,109.024,0.262441E-01
2.18506,109.055,-0.270960E-01
2.18567,109.085,-0.125602E-01
2.18628,109.116,0.826201E-01
2.18689,109.146,-0.249626E-01
2.18750,109.177,-0.529992E-03
2.18811,109.207,-0.147991
2.18872,109.238,-0.839642E-02
2.18933,109.268,-0.421199E-01
2.18994,109.299,0.525158E-01
2.19055,109.329,0.188381
2.19116,109.360,0.445114E-01
2.19177,109.390,0.537667E-02
2.19238,109.420,0.277917E-01
2.19299,109.451,-0.155025E-01
2.19360,109.481,0.357415E-01
2.19421,109.512,0.910957E-01
2.19482,109.542,-0.218620E-01
2.19543,109.573,0.458608E-01
2.19604,109.603,-0.798162E-01
2.19666,109.634,0.101292
2.19727,109.664,-0.323782E-01
2.19788,109.695,-0.216032E-01
2.19849,109.725,-0.157135
2.19910,109.756,0.161006
2.19971,109.786,-0.435681E-01
2.20032,109.816,0.545082E-01
2.20093,109.847,-0.337104E-01
2.20154,109.877,-0.389613E-01
2.20215,109.908,0.268320E-01
2.20276,109.938,-0.285038E-01
2.20337,109.969,-0.811854E-02
2.20398,109.999,0.160025E-02
2.20459,110.030,-0.551128E-01
2.20520,110.060,0.281782E-01
2.20581,110.091,-0.683663E-01
2.20642,110.121,0.182217
2.20703,110.152,-0.652875E-01
2.20764,110.182,-0.343889E-01
2.20825,110.212,-0.127914E-01
2.20886,110.243,0.993571E-01
2.20947,110.273,-0.276789E-01
2.21008,110.304,0.428201E-01
2.21069,110.334,-0.415489E-01
2.21130,110.365,-0.127144
2.21191,110.395,-0.593608E-01
2.21252,110.426,0.687590E-01
2.21313,110.456,-0.313138E-01
2.21375,110.487,0.517049E-01
2.21436,110.517,-0.129237
2.21497,110.548,-0.936783E-02
2.21558,110.578,0.941775E-01
2.21619,110.608,-0.818497E-01
2.21680,110.639,-0.120795E-01
2.21741,110.669,0.739005E-01
2.21802,110.700,0.104094
2.21863,110.730,0.445512E-01
2.21924,110.761,-0.579876E-01
2.21985,110.791,0.288945E-02
2.22046,110.822,-0.537952E-01
2.22107,110.852,0.524633E-01
2.22168,110.883,0.176492E-02
2.22229,110.913,-0.106706E-01
2.22290,110.944,0.901866E-02
2.22351,110.974,-0.602047E-01
2.22412,111.005,-0.414077E-02
2.22473,111.035,-0.510601E-01
2.22534,111.065,0.165570E-01
2.22595,111.096,-0.111183E-02
2.22656,111.126,-0.291891E-01
2.22717,111.157,-0.139019E-01
2.22778,111.187,0.105819
2.22839,111.218,0.809387E-01
2.22900,111.248,-0.477009E-01
2.22961,111.279,-0.815538E-01
2.23022,111.309,-0.773375E-01
2.23083,111.340,0.427793E-01
2.23145,111.370,-0.302922E-01
2.23206,111.401,0.255976E-02
2.23267,111.431,0.202800E-01
2.23328,111.461,0.150075E-01
2.23389,111.492,0.201713E-02
2.23450,111.522,-0.245553
2.23511,111.553,0.272466E-01
2.23572,111.583,-0.451738E-01
2.23633,111.614,-0.668874E-01
2.23694,111.644,-0.325895E-02
2.23755,111.675,-0.329433E-01
2.23816,111.705,0.793305E-02
2.23877,111.736,0.193987E-01
2.23938,111.766,-0.974964E-01
2.23999,111.797,-0.887505E-01
2.24060,111.827,0.813152E-02
2.24121,111.857,0.614816E-01
2.24182,111.888,-0.576510E-01
2.24243,111.918,0.674692E-02
2.24304,111.949,0.358806
2.24365,111.979,0.572563E-01
2.24426,112.010,0.265749E-01
2.24487,112.040,-0.424607E-01
2.24548,112.071,-0.106648
2.24609,112.101,-0.596736E-01
2.24670,112.132,-0.265980E-01
2.24731,112.162,-0.180343E-01
2.24792,112.193,0.441565E-01
2.24854,112.223,0.318505E-01
2.24915,112.253,-0.103141E-01
2.24976,112.284,0.571364E-02
2.25037,112.314,0.332692
2.25098,112.345,0.127508
2.25159,112.375,-0.229258E-02
2.25220,112.406,0.162912
2.25281,112.436,-0.414053E-02
2.25342,112.467,0.446023E-01
2.25403,112.497,-0.553928E-01
2.25464,112.528,0.569358E-01
2.25525,112.558,-0.988572E-01
2.25586,112.589,0.170699E-01
2.25647,112.619,-0.372767E-01
2.25708,112.649,-0.524542E-01
2.25769,112.680,-0.630454E-02
2.25830,112.710,0.136822E-02
2.25891,112.741,-0.547840E-02
2.25952,112.771,0.461610E-01
2.26013,112.802,0.298172
2.26074,112.832,-0.100398
2.26135,112.863,0.639711E-01
2.26196,112.893,0.730165E-01
2.26257,112.924,0.413997E-01
2.26318,112.954,-0.128038E-01
2.26379,112.985,-0.341785E-01
2.26440,113.015,0.399865E-01
2.26501,113.045,-0.840443E-01
2.26562,113.076,-0.436282E-02
2.26624,113.106,-0.600434E-01
2.26685,113.137,0.381755E-01
2.26746,113.167,-0.884060E-02
2.26807,113.198,0.171113
2.26868,113.228,-0.163648E-02
2.26929,113.259,-0.113103
2.26990,113.289,-0.603486E-01
2.27051,113.320,-0.151264E-01
2.27112,113.350,-0.327913E-02
2.27173,113.381,0.176022E-01
2.27234,113.411,-0.613837E-01
2.27295,113.441,-0.159733E-01
2.27356,113.472,0.812372E-02
2.27417,113.502,0.706584E-01
2.27478,113.533,-0.191334E-01
2.27539,113.563,-0.427048E-01
2.27600,113.594,-0.105746
2.27661,113.624,0.111061E-01
2.27722,113.655,0.298731E-01
2.27783,113.685,0.204147
2.27844,113.716,0.261482E-01
2.27905,113.746,0.343894E-01
2.27966,113.777,0.356067E-01
2.28027,113.807,0.837476E-01
2.28088,113.837,-0.732417E-01
2.28149,113.868,0.526048E-02
2.28210,113.898,-0.123422
2.28271,113.929,0.674539E-02
2.28333,113.959,-0.245580E-01
2.28394,113.990,-0.506393E-02
2.28455,114.020,0.206623E-01
2.28516,114.051,0.148740E-01
2.28577,114.081,-0.316355E-01
2.28638,114.112,0.163939E-01
2.28699,114.142,-0.250223E-01
2.28760,114.173,0.527998E-01
2.28821,114.203,-0.491747E-01
2.28882,114.234,0.292818
2.28943,114.264,0.706823E-01
2.29004,114.294,-0.572025E-02
2.29065,114.325,0.392306E-01
2.29126,114.355,-0.307710E-01
2.29187,114.386,0.790982E-01
2.29248,114.416,-0.295342E-01
2.29309,114.447,-0.101750E-01
2.29370,114.477,-0.246668
2.29431,114.508,-0.945448E-01
2.29492,114.538,-0.115077
2.29553,114.569,0.605728E-01
2.29614,114.599,0.182242
2.29675,114.630,-0.295264E-01
2.29736,114.660,0.510271E-02
2.29797,114.690,-0.856041E-01
2.29858,114.721,0.250471E-01
2.29919,114.751,0.305697E-01
2.29980,114.782,-0.460108E-01
2.30042,114.812,-0.122056
2.30103,114.843,-0.414980E-01
2.30164,114.873,-0.378445E-01
2.30225,114.904,0.869582E-02
2.30286,114.934,-0.533143E-01
2.30347,114.965,0.159981E-01
2.30408,114.995,-0.472860E-01
2.30469,115.026,-0.509187E-01
2.30530,115.056,0.359902E-01
2.30591,115.086,-0.386977E-01
2.30652,115.117,0.280217E-01
2.30713,115.147,-0.821820E-01
2.30774,115.178,0.103148
2.30835,115.208,0.398192E-01
2.30896,115.239,-0.165485E-01
2.30957,115.269,-0.478300E-02
2.31018,115.300,0.705318E-02
2.31079,115.330,0.102086
2.31140,115.361,0.421428E-01
2.31201,115.391,0.613606E-01
2.31262,115.422,0.104153
2.31323,115.452,0.332853E-01
2.31384,115.482,0.764049E-01
2.31445,115.513,0.426023E-01
2.31506,115.543,-0.100902
2.31567,115.574,-0.228109E-01
2.31628,115.604,-0.623149E-01
2.31689,115.635,-0.173634E-02
2.31750,115.665,-0.423525E-02
2.31812,115.696,0.231233E-01
2.31873,115.726,-0.811624E-01
2.31934,115.757,-0.452607E-01
2.31995,115.787,-0.136460
2.32056,115.818,-0.277935E-01
2.32117,115.848,-0.324799
2.32178,115.878,0.683736E-03
2.32239,115.909,-0.314221E-01
2.32300,115.939,0.128888
2.32361,115.970,0.121129
2.32422,116.000,0.281212
2.32483,116.031,0.638706E-02
2.32544,116.061,0.878345E-01
2.32605,116.092,-0.155790
2.32666,116.122,-0.218665E-01
2.32727,116.153,-0.724868E-02
2.32788,116.183,-0.869392E-01
2.32849,116.214,0.186408E-01
2.32910,116.244,-0.551736E-01
2.32971,116.274,0.109556
2.33032,116.305,-0.294424E-01
2.33093,116.335,-0.837870E-02
2.33154,116.366,0.788871E-02
2.33215,116.396,0.336865E-02
2.33276,116.427,-0.290120E-01
2.33337,116.457,0.214143
2.33398,116.488,0.405423E-01
2.33459,116.518,-0.144998E-01
2.33521,116.549,0.171854
2.33582,116.579,0.249333
2.33643,116.610,-0.240094E-01
2.33704,116.640,-0.136957E-01
2.33765,116.670,0.217036
2.33826,116.701,-0.135468E-01
2.33887,116.731,-0.382518E-01
2.33948,116.762,0.125200
2.34009,116.792,0.285974E-01
2.34070,116.823,-0.963465E-01
2.34131,116.853,0.226716E-01
2.34192,116.884,0.951838E-02
2.34253,116.914,0.103515
2.34314,116.945,0.253990E-01
2.34375,116.975,0.262408E-02
2.34436,117.006,-0.363544E-01
2.34497,117.036,0.231820
2.34558,117.066,-0.926541E-01
2.34619,117.097,-0.677333E-01
2.34680,117.127,0.523410E-01
2.34741,117.158,-0.105120E-01
2.34802,117.188,0.181832E-02
2.34863,117.219,-0.159370E-01
2.34924,117.249,-0.897863E-01
2.34985,117.280,0.932259E-01
2.35046,117.310,0.429986E-01
2.35107,117.341,-0.205195
2.35168,117.371,-0.172109E-01
2.35229,117.402,0.741809E-01
2.35291,117.432,0.691937E-01
2.35352,117.463,-0.354074E-01
2.35413,117.493,0.250640E-01
2.35474,117.523,0.369472E-01
2.35535,117.554,-0.128813
2.35596,117.584,-0.390316E-01
2.35657,117.615,0.182072
2.35718,117.645,-0.111780E-01
2.35779,117.676,0.306028E-01
2.35840,117.706,-0.416970E-01
2.35901,117.737,-0.636373E-01
2.35962,117.767,-0.297451E-02
2.36023,117.798,-0.412506E-01
2.36084,117.828,0.260505E-01
2.36145,117.859,-0.101891E-01
2.36206,117.889,0.509807E-01
2.36267,117.919,0.156138
2.36328,117.950,0.171878E-01
2.36389,117.980,0.497086E-01
2.36450,118.011,0.148333
2.36511,118.041,0.128288
2.36572,118.072,-0.353726E-01
2.36633,118.102,0.725041E-01
2.36694,118.133,-0.378609E-01
2.36755,118.163,0.113592E-01
2.36816,118.194,0.247710
2.36877,118.224,-0.723275E-02
2.36938,118.255,-0.490396E-01
2.37000,118.285,-0.853469E-01
2.37061,118.315,-0.314177E-01
2.37122,118.346,-0.165643E-01
2.37183,118.376,-0.650537E-01
2.37244,118.407,-0.440145E-01
2.37305,118.437,0.752132E-01
2.37366,118.468,-0.163323E-01
2.37427,118.498,-0.241843E-02
2.37488,118.529,0.589643E-01
2.37549,118.559,0.989119E-03
2.37610,118.590,-0.113651E-01
2.37671,118.620,0.818765E-01
2.37732,118.651,-0.935173E-02
2.37793,118.681,-0.611406E-01
2.37854,118.711,0.124508E-01
2.37915,118.742,-0.119673E-01
2.37976,118.772,0.126768
2.38037,118.803,-0.320397E-02
2.38098,118.833,0.138828E-02
2.38159,118.864,0.239736E-01
2.38220,118.894,0.165655E-01
2.38281,118.925,0.161360E-01
2.38342,118.955,-0.188715
2.38403,118.986,-0.614862E-01
2.38464,119.016,0.567800E-01
2.38525,119.047,0.938036E-02
2.38586,119.077,-0.341765E-01
2.38647,119.107,-0.719619E-01
2.38708,119.138,-0.316105E-01
2.38770,119.168,-0.295184E-01
2.38831,119.199,0.549530E-02
2.38892,119.229,-0.400492E-01
2.38953,119.260,-0.112870
2.39014,119.290,0.486691E-01
2.39075,119.321,-0.285383E-01
2.39136,119.351,-0.485265E-01
2.39197,119.382,0.457788E-01
2.39258,119.412,-0.114142E-01
2.39319,119.443,-0.506258E-01
2.39380,119.473,0.156424E-01
2.39441,119.503,-0.410060E-01
2.39502,119.534,0.306190E-01
2.39563,119.564,-0.296088E-01
2.39624,119.595,-0.120793
2.39685,119.625,0.435123E-02
2.39746,119.656,-0.709821E-01
2.39807,119.686,-0.306512E-01
2.39868,119.717,0.170658E-01
2.39929,119.747,0.131233E-01
2.39990,119.778,0.445551E-01
2.40051,119.808,0.197933E-01
2.40112,119.839,0.943058E-02
2.40173,119.869,0.106105E-01
2.40234,119.899,-0.113637
2.40295,119.930,0.926765E-01
2.40356,119.960,0.130954
2.40417,119.991,-0.146852E-01
2.40479,120.021,-0.285971E-02
2.40540,120.052,-0.144389E-01
2.40601,120.082,-0.434456E-01
2.40662,120.113,0.150745E-02
2.40723,120.143,0.116776E-01
2.40784,120.174,-0.254216E-01
2.40845,120.204,-0.619043E-01
2.40906,120.235,0.172380E-01
2.40967,120.265,0.693860E-02
2.41028,120.295,0.179332E-01
2.41089,120.326,0.272279E-01
2.41150,120.356,0.135370E-01
2.41211,120.387,-0.189290E-01
2.41272,120.417,-0.693998E-01
2.41333,120.448,0.185490E-01
2.41394,120.478,0.375616E-01
2.41455,120.509,-0.419089E-01
2.41516,120.539,0.153785E-01
2.41577,120.570,0.455785E-01
2.41638,120.600,-0.683472E-01
2.41699,120.631,-0.167316E-01
2.41760,120.661,-0.604935E-01
2.41821,120.692,0.143565E-01
2.41882,120.722,0.486995E-01
2.41943,120.752,0.173423E-02
2.42004,120.783,0.726699E-02
2.42065,120.813,-0.919301E-01
2.42126,120.844,-0.398784E-01
2.42188,120.874,0.329641E-01
2.42249,120.905,-0.618388E-02
2.42310,120.935,0.110050E-01
2.42371,120.966,0.244613E-01
2.42432,120.996,0.274731
2.42493,121.027,0.321307E-01
2.42554,121.057,0.185124E-02
2.42615,121.088,0.862765E-02
2.42676,121.118,0.737283E-01
2.42737,121.148,-0.215876E-01
2.42798,121.179,-0.498630E-01
2.42859,121.209,-0.469173E-01
2.42920,121.240,-0.131892
2.42981,121.270,0.128448E-01
2.43042,121.301,0.574317E-01
2.43103,121.331,-0.119978E-01
2.43164,121.362,0.297595
2.43225,121.392,0.111174
2.43286,121.423,-0.859102E-02
2.43347,121.453,0.108889
2.43408,121.484,-0.410015E-01
2.43469,121.514,-0.616328E-01
2.43530,121.544,0.659944E-01
2.43591,121.575,0.716572E-02
2.43652,121.605,-0.101373
2.43713,121.636,0.759121E-01
2.43774,121.666,0.116054
2.43835,121.697,0.489468E-01
2.43896,121.727,-0.717498E-01
2.43958,121.758,-0.327738E-01
2.44019,121.788,0.181860E-01
2.44080,121.819,0.131020
2.44141,121.849,-0.195419E-01
2.44202,121.880,0.743647E-01
2.44263,121.910,-0.685008E-01
2.44324,121.940,-0.151558
2.44385,121.971,0.437874E-02
2.44446,122.001,0.873437E-01
2.44507,122.032,-0.158516
2.44568,122.062,-0.149059
2.44629,122.093,0.738674E-01
2.44690,122.123,-0.820325E-02
2.44751,122.154,0.849457E-01
2.44812,122.184,0.358580E-01
2.44873,122.215,-0.357536E-01
2.44934,122.245,0.885190E-02
2.44995,122.276,0.303963E-01
2.45056,122.306,-0.611830E-01
2.45117,122.336,0.154723E-01
2.45178,122.367,0.690161E-01
2.45239,122.397,0.664423E-01
2.45300,122.428,0.274167E-01
2.45361,122.458,0.136357E-01
2.45422,122.489,0.150546E-01
2.45483,122.519,-0.155404
2.45544,122.550,0.519556E-02
2.45605,122.580,-0.282723
2.45667,122.611,0.120173
2.45728,122.641,0.201933E-01
2.45789,122.672,-0.344962E-02
2.45850,122.702,0.106222
2.45911,122.732,-0.108261
2.45972,122.763,-0.180552E-01
2.46033,122.793,-0.272094E-02
2.46094,122.824,0.149669
2.46155,122.854,0.521937E-01
2.46216,122.885,-0.391854E-01
2.46277,122.915,0.221610E-01
2.46338,122.946,0.169974E-01
2.46399,122.976,0.613362E-02
2.46460,123.007,0.656630E-01
2.46521,123.037,-0.882903E-01
2.46582,123.068,0.573113E-01
2.46643,123.098,0.144649
2.46704,123.128,0.622852E-01
2.46765,123.159,0.267524E-01
2.46826,123.189,0.351215E-01
2.46887,123.220,-0.107952
2.46948,123.250,0.619897E-01
2.47009,123.281,0.764780E-01
2.47070,123.311,-0.294448E-01
2.47131,123.342,-0.114381
2.47192,123.372,0.392373E-01
2.47253,123.403,0.154648E-01
2.47314,123.433,0.325538E-02
2.47375,123.464,0.158563E-01
2.47437,123.494,0.484669E-01
2.47498,123.524,0.384196E-02
2.47559,123.555,0.321341E-01
2.47620,123.585,-0.736072E-01
2.47681,123.616,0.614676E-01
2.47742,123.646,-0.242617E-01
2.47803,123.677,0.104888
2.47864,123.707,0.279793E-01
2.47925,123.738,0.311375E-01
2.47986,123.768,0.495541E-02
2.48047,123.799,0.113519
2.48108,123.829,0.456719E-01
2.48169,123.860,0.450560E-01
2.48230,123.890,-0.251914E-01
2.48291,123.921,0.503521E-02
2.48352,123.951,0.314122E-01
2.48413,123.981,0.187968E-02
2.48474,124.012,0.766733E-02
2.48535,124.042,-0.225355E-01
2.48596,124.073,0.961127E-02
2.48657,124.103,0.304535E-01
2.48718,124.134,0.817443E-01
2.48779,124.164,0.101321
2.48840,124.195,0.107132
2.48901,124.225,-0.101312
2.48962,124.256,-0.618954E-02
2.49023,124.286,0.113914
2.49084,124.317,-0.469917E-01
2.49146,124.347,-0.106385
2.49207,124.377,0.256059E-01
2.49268,124.408,0.967378E-01
2.49329,124.438,-0.619474E-02
2.49390,124.469,-0.146181E-01
2.49451,124.499,0.959636E-01
2.49512,124.530,-0.744441E-01
2.49573,124.560,0.657633E-01
2.49634,124.591,0.584486E-01
2.49695,124.621,-0.144274
2.49756,124.652,-0.192863E-01
2.49817,124.682,0.715246E-01
2.49878,124.713,-0.244748E-01
2.49939,124.743,-0.435890E-01
2.50000,124.773,-0.960575E-02
2.50061,124.804,-0.622915E-01
2.50122,124.834,0.152047E-01
2.50183,124.865,0.316774E-01
2.50244,124.895,-0.800979E-01
2.50305,124.926,0.573548E-01
2.50366,124.956,0.593594E-02
2.50427,124.987,0.232172E-02
2.50488,125.017,-0.936050E-02
2.50549,125.048,0.533779E-01
2.50610,125.078,-0.816522E-02
2.50671,125.109,-0.475448E-01
2.50732,125.139,0.684212E-01
2.50793,125.169,-0.370260E-03
2.50854,125.200,0.128610E-01
2.50916,125.230,0.928989E-01
2.50977,125.261,-0.399829E-01
2.51038,125.291,0.732425E-02
2.51099,125.322,-0.170467E-01
2.51160,125.352,-0.209268E-01
2.51221,125.383,0.994868E-01
2.51282,125.413,-0.110574
2.51343,125.444,-0.766818E-02
2.51404,125.474,-0.363087E-01
2.51465,125.505,0.323267E-01
2.51526,125.535,0.134362E-01
2.51587,125.565,0.465573E-01
2.51648,125.596,0.217458E-01
2.51709,125.626,-0.117332E-01
2.51770,125.657,0.382607E-02
2.51831,125.687,0.500088E-01
2.51892,125.718,0.624715E-01
2.51953,125.748,0.559479E-01
2.52014,125.779,0.158940
2.52075,125.809,-0.360504E-02
2.52136,125.840,-0.571037E-01
2.52197,125.870,-0.988162E-01
2.52258,125.901,0.677368E-01
2.52319,125.931,-0.124196E-01
2.52380,125.961,-0.105333
2.52441,125.992,-0.108410E-01
2.52502,126.022,0.387190E-01
2.52563,126.053,0.326871E-01
2.52625,126.083,-0.248052E-01
2.52686,126.114,0.757153E-02
2.52747,126.144,0.426802E-01
2.52808,126.175,0.574574E-01
2.52869,126.205,-0.725099E-01
2.52930,126.236,0.934812E-01
2.52991,126.266,-0.125230E-02
2.53052,126.297,-0.571013E-01
2.53113,126.327,0.136419E-01
2.53174,126.357,-0.104500
2.53235,126.388,0.362522E-01
2.53296,126.418,0.644962E-01
2.53357,126.449,0.252640E-01
2.53418,126.479,0.233705E-01
2.53479,126.510,0.466449E-01
2.53540,126.540,-0.561888E-01
2.53601,126.571,-0.273557E-01
2.53662,126.601,0.104634
2.53723,126.632,0.596790E-01
2.53784,126.662,-0.131780E-01
2.53845,126.693,-0.337376E-01
2.53906,126.723,0.126064
2.53967,126.753,0.487409E-01
2.54028,126.784,-0.511901E-01
2.54089,126.814,0.150197E-01
2.54150,126.845,-0.641799E-01
2.54211,126.875,0.742496E-01
2.54272,126.906,-0.242202E-01
2.54333,126.936,-0.126908
2.54395,126.967,0.603873E-02
2.54456,126.997,0.739680E-01
2.54517,127.028,-0.830067E-01
2.54578,127.058,-0.351763E-01
2.54639,127.089,0.167405E-01
2.54700,127.119,0.101528E-01
2.54761,127.150,-0.297032E-02
2.54822,127.180,-0.441279E-01
2.54883,127.210,0.123305
2.54944,127.241,0.760748E-01
2.55005,127.271,-0.346392E-01
2.55066,127.302,-0.133243
2.55127,127.332,0.160621E-01
2.55188,127.363,0.609927E-01
2.55249,127.393,0.125853
2.55310,127.424,0.752286E-01
2.55371,127.454,-0.135449
2.55432,127.485,-0.162478E-01
2.55493,127.515,0.818834E-01
2.55554,127.546,0.192217E-01
2.55615,127.576,0.354571E-02
2.55676,127.606,0.164356E-01
2.55737,127.637,-0.205469E-01
2.55798,127.667,0.205183E-01
2.55859,127.698,-0.284021E-01
2.55920,127.728,0.743621E-01
2.55981,127.759,0.140696E-01
2.56042,127.789,-0.459720E-01
2.56104,127.820,0.214331E-01
2.56165,127.850,-0.103034E-01
2.56226,127.881,0.148612E-01
2.56287,127.911,0.706159E-01
2.56348,127.942,0.331463E-02
2.56409,127.972,-0.267721E-01
2.56470,128.002,0.468933E-02
2.56531,128.033,-0.919684E-02
2.56592,128.063,0.500183E-01
2.56653,128.094,0.214592E-01
2.56714,128.124,-0.847364E-01
2.56775,128.155,0.522280E-01
2.56836,128.185,-0.325147E-01
2.56897,128.216,0.612522E-01
2.56958,128.246,0.136016
2.57019,128.277,0.308576E-01
2.57080,128.307,0.122859
2.57141,128.338,-0.251827E-01
2.57202,128.368,0.313282E-01
2.57263,128.398,-0.145301
2.57324,128.429,0.662568E-01
2.57385,128.459,0.169862
2.57446,128.490,-0.314462E-01
2.57507,128.520,0.317226E-01
2.57568,128.551,-0.923809E-01
2.57629,128.581,0.534885E-01
2.57690,128.612,0.451524E-01
2.57751,128.642,-0.793468E-02
2.57812,128.673,-0.686763E-01
2.57874,128.703,-0.646240E-01
2.57935,128.734,0.203008E-01
2.57996,128.764,0.426419E-01
2.58057,128.794,-0.111467E-02
2.58118,128.825,0.148722E-01
2.58179,128.855,-0.576640E-01
2.58240,128.886,0.386560E-02
2.58301,128.916,0.573905E-01
2.58362,128.947,-0.364638E-02
2.58423,128.977,0.555142E-01
2.58484,129.008,-0.541282E-01
2.58545,129.038,-0.245443E-01
2.58606,129.069,0.126477E-02
2.58667,129.099,-0.185611E-01
2.58728,129.130,0.615483E-02
2.58789,129.160,0.197999E-01
2.58850,129.190,0.334953E-01
2.58911,129.221,-0.421057E-02
2.58972,129.251,-0.107141
2.59033,129.282,0.989855E-02
2.59094,129.312,0.719532E-01
2.59155,129.343,0.145198E-01
2.59216,129.373,-0.235857E-01
2.59277,129.404,-0.419686E-01
2.59338,129.434,0.326380E-01
2.59399,129.465,-0.260465E-02
2.59460,129.495,-0.196956
2.59521,129.526,0.202724
2.59583,129.556,-0.174243E-01
2.59644,129.586,-0.289428E-02
2.59705,129.617,-0.129267E-01
2.59766,129.647,0.107044
2.59827,129.678,-0.653845E-01
2.59888,129.708,-0.847011E-02
2.59949,129.739,0.470206E-01
2.60010,129.769,-0.976122E-01
2.60071,129.800,0.171838
2.60132,129.830,-0.412734E-01
2.60193,129.861,-0.124907E-01
2.60254,129.891,-0.745256E-01
2.60315,129.922,-0.406628E-01
2.60376,129.952,0.917141E-01
2.60437,129.982,0.936363E-02
2.60498,130.013,-0.833882E-01
2.60559,130.043,0.969551E-01
2.60620,130.074,-0.709234E-02
2.60681,130.104,0.311005E-01
2.60742,130.135,0.261216E-01
2.60803,130.165,0.888870E-01
2.60864,130.196,0.276892
2.60925,130.226,-0.309150E-01
2.60986,130.257,-0.163380E-01
2.61047,130.287,-0.538476E-01
2.61108,130.318,-0.153908E-01
2.61169,130.348,-0.588150E-01
2.61230,130.379,0.276203E-01
2.61292,130.409,-0.158731E-01
2.61353,130.439,-0.392717E-01
2.61414,130.470,0.214805
2.61475,130.500,-0.260433E-01
2.61536,130.531,-0.120907E-01
2.61597,130.561,-0.637968E-02
2.61658,130.592,-0.462113E-01
2.61719,130.622,-0.798525E-01
2.61780,130.653,0.436695E-01
2.61841,130.683,-0.126936
2.61902,130.714,0.307029E-02
2.61963,130.744,-0.135977E-01
2.62024,130.775,0.108909
2.62085,130.805,0.303637E-01
2.62146,130.835,-0.935059E-02
2.62207,130.866,0.619075E-01
2.62268,130.896,0.302842
2.62329,130.927,0.906724E-02
2.62390,130.957,-0.175400E-01
2.62451,130.988,-0.115891E-01
2.62512,131.018,-0.452681E-02
2.62573,131.049,0.270622E-01
2.62634,131.079,0.311177E-01
2.62695,131.110,0.517314E-02
2.62756,131.140,0.426881E-01
2.62817,131.171,-0.102669E-01
2.62878,131.201,0.397128E-01
2.62939,131.231,0.122592
2.63000,131.262,0.234470E-01
2.63062,131.292,0.124670E-01
2.63123,131.323,-0.370375E-01
2.63184,131.353,0.106909
2.63245,131.384,-0.143167
2.63306,131.414,0.130514
2.63367,131.445,-0.434828E-01
2.63428,131.475,0.163605E-02
2.63489,131.506,0.104310
2.63550,131.536,0.659993E-01
2.63611,131.567,0.298566E-01
2.63672,131.597,-0.179277E-02
2.63733,131.627,-0.106590E-01
2.63794,131.658,0.928295E-02
2.63855,131.688,-0.199134E-01
2.63916,131.719,0.980149E-02
2.63977,131.749,0.450919E-01
2.64038,131.780,-0.172142E-01
2.64099,131.810,-0.417774E-01
2.64160,131.841,-0.685727E-01
2.64221,131.871,0.485859E-01
2.64282,131.902,0.754306E-01
2.64343,131.932,0.333926E-01
2.64404,131.963,-0.476280E-01
2.64465,131.993,-0.384271E-01
2.64526,132.023,-0.835583E-03
2.64587,132.054,0.294849E-01
2.64648,132.084,0.361472E-01
2.64709,132.115,-0.151734E-01
2.64771,132.145,-0.434106E-01
2.64832,132.176,-0.263161E-01
2.64893,132.206,-0.419606E-02
2.64954,132.237,-0.105356
2.65015,132.267,0.306264E-01
2.65076,132.298,0.152155
2.65137,132.328,0.123567E-01
2.65198,132.359,-0.365678E-01
2.65259,132.389,-0.201455E-01
2.65320,132.419,0.125615
2.65381,132.450,0.574931E-01
2.65442,132.480,-0.224989E-01
2.65503,132.511,0.515051E-01
2.65564,132.541,-0.475557E-01
2.65625,132.572,0.318726E-01
2.65686,132.602,0.172479E-01
2.65747,132.633,0.430056E-01
2.65808,132.663,-0.245254E-01
2.65869,132.694,0.125685
2.65930,132.724,0.624849E-01
2.65991,132.755,0.350802
2.66052,132.785,-0.643293E-02
2.66113,132.815,0.478525E-01
2.66174,132.846,-0.307070E-01
2.66235,132.876,-0.191281E-01
2.66296,132.907,-0.128098
2.66357,132.937,-0.263606E-01
2.66418,132.968,-0.406566E-01
2.66479,132.998,-0.225066E-01
2.66541,133.029,-0.607282E-02
2.66602,133.059,-0.179570E-01
2.66663,133.090,0.460083E-01
2.66724,133.120,0.290273E-01
2.66785,133.151,0.123382
2.66846,133.181,-0.890042E-01
2.66907,133.211,0.520369E-01
2.66968,133.242,-0.521285E-01
2.67029,133.272,0.329084E-01
2.67090,133.303,0.132970E-01
2.67151,133.333,-0.178190
2.67212,133.364,-0.748102E-02
2.67273,133.394,0.128576
2.67334,133.425,0.986995E-01
2.67395,133.455,0.103748E-01
2.67456,133.486,0.545942E-02
2.67517,133.516,0.224562E-01
2.67578,133.547,-0.115151E-01
2.67639,133.577,-0.112052
2.67700,133.608,0.338518E-01
2.67761,133.638,-0.699871E-01
2.67822,133.668,-0.611853E-01
2.67883,133.699,0.372187E-01
2.67944,133.729,0.774654E-02
2.68005,133.760,-0.713658E-01
2.68066,133.790,-0.308257E-01
2.68127,133.821,0.734353E-01
2.68188,133.851,-0.460473E-01
2.68250,133.882,0.140581E-01
2.68311,133.912,-0.838206E-01
2.68372,133.943,-0.655836E-01
2.68433,133.973,0.973842E-02
2.68494,134.004,-0.758606E-01
2.68555,134.034,0.935344E-01
2.68616,134.064,0.137963E-01
2.68677,134.095,0.107909E-01
2.68738,134.125,0.202571E-01
2.68799,134.156,-0.104665
2.68860,134.186,0.783200E-02
2.68921,134.217,0.354052E-01
2.68982,134.247,0.362651E-01
2.69043,134.278,-0.413428E-01
2.69104,134.308,0.209618E-01
2.69165,134.339,-0.794589E-01
2.69226,134.369,0.154139E-01
2.69287,134.400,0.535244E-01
2.69348,134.430,-0.894298E-02
2.69409,134.460,-0.702879E-01
2.69470,134.491,-0.313247E-01
2.69531,134.521,0.360960E-01
2.69592,134.552,0.465695E-01
2.69653,134.582,0.172304E-01
2.69714,134.613,0.214973E-01
2.69775,134.643,0.204362E-01
2.69836,134.674,-0.152458E-01
2.69897,134.704,-0.433460E-01
2.69958,134.735,0.137584E-01
2.70020,134.765,0.977318E-01
2.70081,134.796,-0.320315E-02
2.70142,134.826,0.221181E-01
2.70203,134.856,0.184963
2.70264,134.887,0.414563E-01
2.70325,134.917,-0.435206E-01
2.70386,134.948,0.152833E-01
2.70447,134.978,-0.427834E-01
2.70508,135.009,0.187738E-01
2.70569,135.039,0.158833E-02
2.70630,135.070,-0.307951
2.70691,135.100,0.945729E-01
2.70752,135.131,0.125844E-02
2.70813,135.161,0.560437E-01
2.70874,135.192,0.632607E-01
2.70935,135.222,-0.197710E-02
2.70996,135.252,-0.234239E-01
2.71057,135.283,0.266184E-01
2.71118,135.313,0.379401E-02
2.71179,135.344,-0.431230E-01
2.71240,135.374,0.848727E-01
2.71301,135.405,-0.167913E-01
2.71362,135.435,0.185941E-01
2.71423,135.466,0.843570E-02
2.71484,135.496,0.521447E-01
2.71545,135.527,-0.267890E-01
2.71606,135.557,-0.834970E-01
2.71667,135.588,0.168822E-01
2.71729,135.618,-0.387869E-02
2.71790,135.648,-0.944104E-01
2.71851,135.679,0.132708
2.71912,135.709,-0.483653E-02
2.71973,135.740,0.403545E-01
2.72034,135.770,0.927602E-02
2.72095,135.801,0.264019E-01
2.72156,135.831,0.934857E-01
2.72217,135.862,-0.436778E-01
2.72278,135.892,0.734850E-02
2.72339,135.923,0.207823E-01
2.72400,135.953,0.160569E-01
2.72461,135.984,0.398103E-01
2.72522,136.014,-0.167457E-01
2.72583,136.044,0.105802
2.72644,136.075,0.607900E-01
2.72705,136.105,0.129918E-01
2.72766,136.136,0.166593E-02
2.72827,136.166,0.413412E-01
2.72888,136.197,0.784555E-01
2.72949,136.227,-0.160816E-02
2.73010,136.258,-0.574469E-01
2.73071,136.288,0.197777E-01
2.73132,136.319,-0.490929E-01
2.73193,136.349,-0.483162E-01
2.73254,136.380,0.120830
2.73315,136.410,0.530408E-01
2.73376,136.440,0.873074E-02
2.73438,136.471,0.662859E-01
2.73499,136.501,0.270461E-01
2.73560,136.532,-0.187085
2.73621,136.562,-0.930041E-03
2.73682,136.593,0.332572E-01
2.73743,136.623,0.100113E-01
2.73804,136.654,-0.630954E-03
2.73865,136.684,0.281246E-01
2.73926,136.715,0.111742
2.73987,136.745,0.855457E-04
2.74048,136.776,0.479159E-01
2.74109,136.806,-0.374351E-01
2.74170,136.837,-0.985028E-01
2.74231,136.867,-0.470452E-01
2.74292,136.897,0.136056
2.74353,136.928,-0.562637E-02
2.74414,136.958,0.183153E-01
2.74475,136.989,-0.873751E-02
2.74536,137.019,0.692679E-02
2.74597,137.050,0.868998E-02
2.74658,137.080,0.690239E-01
2.74719,137.111,0.256923E-01
2.74780,137.141,-0.662855E-01
2.74841,137.172,0.144446
2.74902,137.202,0.936088E-01
2.74963,137.233,0.123324
2.75024,137.263,-0.606314E-01
2.75085,137.293,0.184609E-01
2.75146,137.324,-0.631902E-01
2.75208,137.354,-0.167305
2.75269,137.385,-0.118452E-01
2.75330,137.415,-0.519532E-01
2.75391,137.446,0.672169E-01
2.75452,137.476,-0.616668E-01
2.75513,137.507,0.300181E-01
2.75574,137.537,0.942364E-02
2.75635,137.568,-0.120079E-01
2.75696,137.598,0.274391E-01
2.75757,137.629,0.193743E-01
2.75818,137.659,0.554509E-01
2.75879,137.689,0.316780E-01
2.75940,137.720,0.805630E-01
2.76001,137.750,0.950458E-02
2.76062,137.781,-0.492733E-01
2.76123,137.811,0.294707E-01
2.76184,137.842,0.148069
2.76245,137.872,0.147300E-01
2.76306,137.903,0.397503E-01
2.76367,137.933,0.506490E-01
2.76428,137.964,-0.213210
2.76489,137.994,0.406393E-01
2.76550,138.025,0.635225E-01
2.76611,138.055,-0.776144E-01
2.76672,138.085,0.125757
2.76733,138.116,0.804778E-01
2.76794,138.146,-0.148101E-01
2.76855,138.177,0.174678E-01
2.76917,138.207,-0.624694E-01
2.76978,138.238,-0.372447E-01
2.77039,138.268,0.601799E-01
2.77100,138.299,-0.444119E-02
2.77161,138.329,-0.146342E-01
2.77222,138.360,0.676415E-01
2.77283,138.390,-0.926930E-02
2.77344,138.421,0.682680E-01
2.77405,138.451,-0.308564E-01
2.77466,138.481,-0.412893E-01
2.77527,138.512,-0.438054E-02
2.77588,138.542,0.180613E-01
2.77649,138.573,0.449840E-01
2.77710,138.603,0.398724E-01
2.77771,138.634,0.698326E-01
2.77832,138.664,0.304571E-01
2.77893,138.695,-0.232702E-01
2.77954,138.725,-0.535884E-01
2.78015,138.756,0.196255
2.78076,138.786,0.380609E-01
2.78137,138.817,0.106890E-01
2.78198,138.847,0.406693E-02
2.78259,138.877,0.211777
2.78320,138.908,0.186497E-01
2.78381,138.938,0.423306E-02
2.78442,138.969,0.360479E-01
2.78503,138.999,0.976841E-02
2.78564,139.030,0.303002E-01
2.78625,139.060,-0.391994E-02
2.78687,139.091,0.209437E-01
2.78748,139.121,-0.261880E-02
2.78809,139.152,0.111976E-01
2.78870,139.182,0.219050E-01
2.78931,139.213,-0.114580E-01
2.78992,139.243,-0.393286E-02
2.79053,139.273,0.686997E-01
2.79114,139.304,0.191498E-01
2.79175,139.334,-0.209988E-01
2.79236,139.365,-0.185378E-01
2.79297,139.395,-0.713317E-01
2.79358,139.426,-0.256756E-01
2.79419,139.456,0.108170
2.79480,139.487,0.597786E-03
2.79541,139.517,0.932484E-01
2.79602,139.548,-0.152119E-01
2.79663,139.578,-0.544583E-01
2.79724,139.609,0.143115E-01
2.79785,139.639,-0.661988E-01
2.79846,139.669,-0.155166E-01
2.79907,139.700,0.854064E-01
2.79968,139.730,0.319045E-01
2.80029,139.761,-0.460241E-02
2.80090,139.791,0.200240E-02
2.80151,139.822,0.114259E-01
2.80212,139.852,0.383097E-01
2.80273,139.883,0.106268E-01
2.80334,139.913,-0.155360E-01
2.80396,139.944,-0.867165E-01
2.80457,139.974,0.223218E-01
2.80518,140.005,-0.972136E-01
2.80579,140.035,0.193837
2.80640,140.066,-0.386864E-02
2.80701,140.096,0.490281E-02
2.80762,140.126,-0.578955E-01
2.80823,140.157,-0.781412E-02
2.80884,140.187,-0.677191E-02
2.80945,140.218,0.962519E-01
2.81006,140.248,-0.457266E-01
2.81067,140.279,-0.398347E-01
2.81128,140.309,-0.417318E-01
2.81189,140.340,-0.282962E-01
2.81250,140.370,0.834300E-02
2.81311,140.401,0.186088E-01
2.81372,140.431,0.274751E-01
2.81433,140.462,-0.148767E-01
2.81494,140.492,0.271428E-01
2.81555,140.522,-0.427804E-02
2.81616,140.553,-0.819525E-02
2.81677,140.583,0.767759E-01
2.81738,140.614,-0.610801E-01
2.81799,140.644,-0.206410E-01
2.81860,140.675,0.384877E-01
2.81921,140.705,0.212559E-01
2.81982,140.736,0.313450E-01
2.82043,140.766,0.981312E-02
2.82104,140.797,-0.145748E-01
2.82166,140.827,-0.379433E-01
2.82227,140.858,-0.115728
2.82288,140.888,0.167391E-02
2.82349,140.918,0.266855E-01
2.82410,140.949,-0.130936
2.82471,140.979,-0.133089E-01
2.82532,141.010,0.186054E-01
2.82593,141.040,-0.794560E-01
2.82654,141.071,-0.702548E-02
2.82715,141.101,-0.306963E-02
2.82776,141.132,0.119153
2.82837,141.162,0.856518E-01
2.82898,141.193,-0.391696E-01
2.82959,141.223,0.934224E-01
2.83020,141.254,0.692518E-01
2.83081,141.284,-0.334029E-01
2.83142,141.314,0.823440E-01
2.83203,141.345,-0.568326E-01
2.83264,141.375,0.502517E-01
2.83325,141.406,-0.272728E-01
2.83386,141.436,0.124852E-01
2.83447,141.467,0.349702E-01
2.83508,141.497,0.186500E-01
2.83569,141.528,0.106274E-02
2.83630,141.558,-0.119007
2.83691,141.589,0.255951E-01
2.83752,141.619,0.103459
2.83813,141.650,0.679771E-02
2.83875,141.680,0.346094E-01
2.83936,141.710,0.189966E-01
2.83997,141.741,0.262290E-02
2.84058,141.771,-0.127414E-01
2.84119,141.802,-0.457083E-01
2.84180,141.832,0.883445E-02
2.84241,141.863,0.447191E-02
2.84302,141.893,-0.844095E-01
2.84363,141.924,-0.663489E-01
2.84424,141.954,-0.227943E-01
2.84485,141.985,0.288221E-01
2.84546,142.015,0.344908E-01
2.84607,142.046,0.606989E-02
2.84668,142.076,-0.204059E-01
2.84729,142.106,-0.835070E-03
2.84790,142.137,0.251180E-01
2.84851,142.167,0.106776E-02
2.84912,142.198,0.138522
2.84973,142.228,-0.336913E-01
2.85034,142.259,0.104588E-01
2.85095,142.289,0.809589E-01
2.85156,142.320,0.465090E-01
2.85217,142.350,0.123271E-01
2.85278,142.381,-0.840691E-04
2.85339,142.411,-0.503715E-01
2.85400,142.442,-0.105167E-01
2.85461,142.472,0.641825E-01
2.85522,142.502,0.723329E-01
2.85583,142.533,-0.104841
2.85645,142.563,-0.119545E-01
2.85706,142.594,0.671270E-01
2.85767,142.624,0.529602E-01
2.85828,142.655,-0.144977E-01
2.85889,142.685,-0.382112E-01
2.85950,142.716,-0.600373E-02
2.86011,142.746,0.372315E-01
2.86072,142.777,0.417640E-02
2.86133,142.807,0.247128E-01
2.86194,142.838,-0.443375E-01
2.86255,142.868,0.124017E-02
2.86316,142.898,0.298893E-01
2.86377,142.929,-0.140960E-01
2.86438,142.959,0.386762E-02
2.86499,142.990,0.137611
2.86560,143.020,0.161697E-01
2.86621,143.051,0.617452E-01
2.86682,143.081,-0.261085E-01
2.86743,143.112,0.635311E-01
2.86804,143.142,0.334358E-01
2.86865,143.173,-0.381207E-02
2.86926,143.203,-0.332654E-02
2.86987,143.234,-0.312719E-02
2.87048,143.264,-0.929603E-02
2.87109,143.295,0.286141E-01
2.87170,143.325,0.211721
2.87231,143.355,-0.128167E-01
2.87292,143.386,-0.701933E-01
2.87354,143.416,-0.879069E-01
2.87415,143.447,-0.133143E-01
2.87476,143.477,-0.731204E-01
2.87537,143.508,0.959683E-03
2.87598,143.538,0.216817E-01
2.87659,143.569,-0.675032E-01
2.87720,143.599,0.326431E-01
2.87781,143.630,0.699958E-01
2.87842,143.660,-0.271721E-01
2.87903,143.691,-0.133397E-01
2.87964,143.721,-0.858218E-02
2.88025,143.751,-0.437639E-01
2.88086,143.782,-0.187408E-02
2.88147,143.812,0.188675E-02
2.88208,143.843,-0.580071E-01
2.88269,143.873,-0.652805E-01
2.88330,143.904,0.277798E-02
2.88391,143.934,0.246514E-01
2.88452,143.965,0.584511E-01
2.88513,143.995,0.234881E-01
2.88574,144.026,0.339192E-01
2.88635,144.056,-0.530056E-01
2.88696,144.087,-0.219616E-01
2.88757,144.117,0.151967
2.88818,144.147,0.846253E-02
2.88879,144.178,-0.435669E-01
2.88940,144.208,0.487912E-01
2.89001,144.239,-0.103069
2.89062,144.269,-0.398336E-01
2.89124,144.300,0.851614E-01
2.89185,144.330,-0.386444E-01
2.89246,144.361,0.131645
2.89307,144.391,0.112486
2.89368,144.422,-0.872689E-02
2.89429,144.452,0.105387
2.89490,144.483,0.135511
2.89551,144.513,0.510510E-01
2.89612,144.543,0.186229E-01
2.89673,144.574,0.317069E-01
2.89734,144.604,-0.358368E-01
2.89795,144.635,0.451282E-01
2.89856,144.665,0.854298E-02
2.89917,144.696,-0.266853E-02
2.89978,144.726,-0.361820E-01
2.90039,144.757,0.359206E-01
2.90100,144.787,0.796707E-01
2.90161,144.818,0.926562E-01
2.90222,144.848,0.355729E-01
2.90283,144.879,-0.483958E-01
2.90344,144.909,0.452377E-01
2.90405,144.939,-0.426455E-01
2.90466,144.970,-0.136592E-01
2.90527,145.000,0.137665E-01
2.90588,145.031,0.332298E-02
2.90649,145.061,-0.787898E-01
2.90710,145.092,0.614871E-01
2.90771,145.122,-0.246422E-01
2.90833,145.153,-0.165001E-01
2.90894,145.183,-0.249486E-01
2.90955,145.214,-0.555642E-03
2.91016,145.244,-0.580897E-02
2.91077,145.275,0.106005
2.91138,145.305,-0.240138E-01
2.91199,145.335,0.214443
2.91260,145.366,-0.898271E-01
2.91321,145.396,0.611045E-01
2.91382,145.427,-0.268640E-02
2.91443,145.457,-0.374920E-01
2.91504,145.488,-0.111514
2.91565,145.518,-0.103915E-01
2.91626,145.549,0.146569E-01
2.91687,145.579,0.181525
2.91748,145.610,0.977158E-02
2.91809,145.640,0.404296E-02
2.91870,145.671,-0.928951E-04
2.91931,145.701,-0.108859E-01
2.91992,145.731,0.197388E-01
2.92053,145.762,-0.183549E-02
2.92114,145.792,0.623672E-03
2.92175,145.823,-0.120719E-01
2.92236,145.853,0.280800E-01
2.92297,145.884,0.415034E-01
2.92358,145.914,-0.717522E-01
2.92419,145.945,-0.334563E-01
2.92480,145.975,0.946113E-01
2.92542,146.006,-0.152060E-01
2.92603,146.036,0.469528E-01
2.92664,146.067,-0.952849E-02
2.92725,146.097,0.131440E-01
2.92786,146.127,0.113494E-01
2.92847,146.158,-0.274627E-01
2.92908,146.188,0.116510E-01
2.92969,146.219,0.313869E-01
2.93030,146.249,-0.176454
2.93091,146.280,-0.462993E-01
2.93152,146.310,0.597319E-01
2.93213,146.341,0.444353E-01
2.93274,146.371,0.135475E-01
2.93335,146.402,0.626662E-01
2.93396,146.432,0.172337E-01
2.93457,146.463,-0.149698
2.93518,146.493,-0.533020E-02
2.93579,146.524,-0.714952E-01
2.93640,146.554,0.598402E-01
2.93701,146.584,0.420178E-01
2.93762,146.615,0.148084
2.93823,146.645,0.517217E-01
2.93884,146.676,-0.482070E-01
2.93945,146.706,0.362473E-01
2.94006,146.737,-0.115357
2.94067,146.767,0.113028E-01
2.94128,146.798,0.389249E-01
2.94189,146.828,0.514704E-01
2.94250,146.859,-0.178041E-01
2.94312,146.889,-0.596265E-01
2.94373,146.920,0.330637E-01
2.94434,146.950,0.320396E-01
2.94495,146.980,-0.496856E-01
2.94556,147.011,0.236370E-01
2.94617,147.041,0.169663
2.94678,147.072,0.170837
2.94739,147.102,0.242701E-01
2.94800,147.133,0.535132E-02
2.94861,147.163,-0.583850E-01
2.94922,147.194,-0.737422E-01
2.94983,147.224,-0.522276E-01
2.95044,147.255,0.842140E-01
2.95105,147.285,-0.313906E-03
2.95166,147.316,0.812942E-01
2.95227,147.346,-0.798566E-01
2.95288,147.376,0.100825
2.95349,147.407,-0.712747E-02
2.95410,147.437,0.155423E-01
2.95471,147.468,-0.344929E-02
2.95532,147.498,0.174816E-02
2.95593,147.529,0.386200E-02
2.95654,147.559,0.801426E-01
2.95715,147.590,-0.435658E-02
2.95776,147.620,-0.196051E-01
2.95837,147.651,-0.337122E-01
2.95898,147.681,-0.117782E-02
2.95959,147.712,-0.659614E-01
2.96021,147.742,-0.165036E-02
2.96082,147.772,-0.920682E-02
2.96143,147.803,0.106849E-02
2.96204,147.833,0.169159E-01
2.96265,147.864,0.535694E-02
2.96326,147.894,-0.615508E-01
2.96387,147.925,-0.316223E-01
2.96448,147.955,-0.820980E-02
2.96509,147.986,0.554681E-01
2.96570,148.016,0.115455E-01
2.96631,148.047,0.951633E-01
2.96692,148.077,0.351814E-01
2.96753,148.108,0.233397E-01
2.96814,148.138,-0.212094E-02
2.96875,148.168,0.278914E-01
2.96936,148.199,0.195500E-03
2.96997,148.229,0.824518E-03
2.97058,148.260,0.112596E-01
2.97119,148.290,0.234111E-01
2.97180,148.321,-0.387403E-01
2.97241,148.351,0.429639E-02
2.97302,148.382,-0.539399E-01
2.97363,148.412,-0.781534E-01
2.97424,148.443,-0.704257E-02
2.97485,148.473,-0.103838
2.97546,148.504,0.655789E-01
2.97607,148.534,-0.142919
2.97668,148.564,0.226527
2.97729,148.595,-0.332454E-02
2.97791,148.625,-0.664971E-01
2.97852,148.656,0.304192E-01
2.97913,148.686,0.265825E-02
2.97974,148.717,0.393805E-01
2.98035,148.747,0.212396E-01
2.98096,148.778,-0.302404E-01
2.98157,148.808,0.682562E-01
2.98218,148.839,-0.164703E-01
2.98279,148.869,-0.211153E-01
2.98340,148.900,0.780432E-01
2.98401,148.930,0.202227E-03
2.98462,148.960,0.248367E-02
2.98523,148.991,0.333037E-01
2.98584,149.021,-0.142820E-03
2.98645,149.052,-0.252521E-01
2.98706,149.082,0.113009E-01
2.98767,149.113,-0.624096E-01
2.98828,149.143,-0.106969E-01
2.98889,149.174,0.466191E-01
2.98950,149.204,0.131671E-01
2.99011,149.235,-0.643398E-01
2.99072,149.265,0.304771E-02
2.99133,149.296,-0.632392E-02
2.99194,149.326,-0.505095E-01
2.99255,149.356,-0.694367E-02
2.99316,149.387,0.323995E-01
2.99377,149.417,0.644072E-01
2.99438,149.448,-0.491764E-01
2.99500,149.478,0.238447E-01
2.99561,149.509,0.113965E-01
2.99622,149.539,0.239228E-01
2.99683,149.570,0.546524E-01
2.99744,149.600,-0.736242E-01
2.99805,149.631,-0.829073E-01
2.99866,149.661,-0.287107E-01
2.99927,149.692,0.111747
2.99988,149.722,0.784871E-01
3.00049,149.753,-0.415547E-01
3.00110,149.783,-0.272588E-01
3.00171,149.813,-0.909204E-03
3.00232,149.844,-0.320810E-01
3.00293,149.874,0.394463E-01
3.00354,149.905,0.132446E-01
3.00415,149.935,0.119230E-01
3.00476,149.966,-0.181601E-01
3.00537,149.996,0.621663E-01
3.00598,150.027,-0.250337E-01
3.00659,150.057,0.419201E-01
3.00720,150.088,-0.587979E-01
3.00781,150.118,-0.684970E-02
3.00842,150.149,0.117112
3.00903,150.179,0.291543E-01
3.00964,150.209,-0.340751E-01
3.01025,150.240,0.172607
3.01086,150.270,-0.883463E-01
3.01147,150.301,-0.259237E-02
3.01208,150.331,0.164278E-01
3.01270,150.362,0.698891E-01
3.01331,150.392,0.803539E-02
3.01392,150.423,0.189785E-01
3.01453,150.453,0.301039E-01
3.01514,150.484,0.486886E-01
3.01575,150.514,-0.321687E-04
3.01636,150.545,-0.573613E-01
3.01697,150.575,0.419479E-01
3.01758,150.605,0.952563E-02
3.01819,150.636,0.644412E-01
3.01880,150.666,0.824602E-01
3.01941,150.697,-0.319266E-01
3.02002,150.727,0.701955E-01
3.02063,150.758,-0.128195
3.02124,150.788,0.374984E-01
3.02185,150.819,0.910287E-02
3.02246,150.849,0.184789E-01
3.02307,150.880,0.448853E-01
3.02368,150.910,0.414984E-01
3.02429,150.941,0.551303E-01
3.02490,150.971,-0.748006E-01
3.02551,151.001,-0.198081E-01
3.02612,151.032,0.229794E-01
3.02673,151.062,0.645910E-01
3.02734,151.093,0.432311E-01
3.02795,151.123,0.110034
3.02856,151.154,0.245254E-01
3.02917,151.184,0.194835E-01
3.02979,151.215,-0.358814E-02
3.03040,151.245,0.447335E-04
3.03101,151.276,0.151736E-02
3.03162,151.306,0.579373E-02
3.03223,151.337,0.812953E-02
3.03284,151.367,0.960601E-01
3.03345,151.397,0.258824E-02
3.03406,151.428,0.688990E-01
3.03467,151.458,-0.385177E-01
3.03528,151.489,0.188593
3.03589,151.519,-0.339635E-01
3.03650,151.550,0.494076E-01
3.03711,151.580,0.606503E-01
3.03772,151.611,-0.275117
3.03833,151.641,0.209377E-01
3.03894,151.672,-0.178506E-01
3.03955,151.702,-0.856601E-02
3.04016,151.733,0.157146E-01
3.04077,151.763,0.418782E-01
3.04138,151.793,-0.298348E-01
3.04199,151.824,0.124616E-01
3.04260,151.854,0.218649E-01
3.04321,151.885,0.376606E-01
3.04382,151.915,-0.187737E-01
3.04443,151.946,0.161089
3.04504,151.976,0.358312E-01
3.04565,152.007,0.261245E-01
3.04626,152.037,0.137090E-01
3.04688,152.068,-0.237070E-01
3.04749,152.098,0.174212E-01
3.04810,152.129,0.517255E-01
3.04871,152.159,-0.308262E-01
3.04932,152.189,-0.214182E-01
3.04993,152.220,0.678648E-01
3.05054,152.250,0.231977E-01
3.05115,152.281,0.213445
3.05176,152.311,0.263826E-01
3.05237,152.342,-0.773606E-02
3.05298,152.372,0.102788
3.05359,152.403,0.847245E-02
3.05420,152.433,0.484702E-01
3.05481,152.464,0.698996E-01
3.05542,152.494,0.322709E-01
3.05603,152.525,0.819556E-02
3.05664,152.555,-0.136785E-01
3.05725,152.585,-0.156321E-01
3.05786,152.616,0.492388E-01
3.05847,152.646,0.377953E-02
3.05908,152.677,-0.227623
3.05969,152.707,0.426142E-01
3.06030,152.738,-0.983475E-02
3.06091,152.768,-0.532254E-01
3.06152,152.799,-0.457191E-03
3.06213,152.829,0.890034E-01
3.06274,152.860,-0.643071E-01
3.06335,152.890,0.952560E-01
3.06396,152.921,0.612692E-01
3.06458,152.951,-0.841761E-01
3.06519,152.982,0.151171E-02
3.06580,153.012,-0.141414E-01
3.06641,153.042,0.173974
3.06702,153.073,-0.235893E-01
3.06763,153.103,-0.356295E-01
3.06824,153.134,-0.383196E-02
3.06885,153.164,0.724967E-01
3.06946,153.195,0.132921E-01
3.07007,153.225,0.987429E-01
3.07068,153.256,0.385395E-01
3.07129,153.286,0.432146E-01
3.07190,153.317,0.131681
3.07251,153.347,-0.182713E-01
3.07312,153.378,-0.730577E-01
3.07373,153.408,-0.433933E-01
3.07434,153.438,-0.510457E-01
3.07495,153.469,-0.127998
3.07556,153.499,0.821374E-02
3.07617,153.530,0.161840E-02
3.07678,153.560,-0.224229E-02
3.07739,153.591,0.404198E-01
3.07800,153.621,-0.466815E-01
3.07861,153.652,0.139966
3.07922,153.682,0.886491E-01
3.07983,153.713,0.157386E-02
3.08044,153.743,0.379191E-01
3.08105,153.774,0.107578E-01
3.08167,153.804,0.925708E-01
3.08228,153.834,-0.895450E-01
3.08289,153.865,0.106725
3.08350,153.895,0.182891E-02
3.08411,153.926,0.789573E-01
3.08472,153.956,-0.452074E-01
3.08533,153.987,-0.141817
3.08594,154.017,0.619333E-01
3.08655,154.048,0.150630E-01
3.08716,154.078,0.712060E-02
3.08777,154.109,0.168818E-01
3.08838,154.139,0.167714E-01
3.08899,154.170,-0.374857E-01
3.08960,154.200,0.599088E-01
3.09021,154.230,0.468457E-02
3.09082,154.261,0.200493E-02
3.09143,154.291,0.873534E-02
3.09204,154.322,0.537785E-01
3.09265,154.352,0.345666E-01
3.09326,154.383,0.128289E-01
3.09387,154.413,0.845179E-01
3.09448,154.444,0.594340E-03
3.09509,154.474,0.193931
3.09570,154.505,0.249829E-01
3.09631,154.535,0.224546E-02
3.09692,154.566,-0.357930E-02
3.09753,154.596,-0.442035E-01
3.09814,154.626,-0.124078E-01
3.09875,154.657,-0.424059E-01
3.09937,154.687,-0.324908E-01
3.09998,154.718,0.391123E-01
3.10059,154.748,0.362022E-01
3.10120,154.779,-0.221963E-01
3.10181,154.809,0.744528E-01
3.10242,154.840,-0.302716E-01
3.10303,154.870,0.221725E-01
3.10364,154.901,0.232675E-01
3.10425,154.931,0.771330E-02
3.10486,154.962,-0.216342E-01
3.10547,154.992,0.416260E-01
3.10608,155.022,-0.806065E-02
3.10669,155.053,0.347973E-01
3.10730,155.083,-0.378759E-01
3.10791,155.114,0.130509
3.10852,155.144,0.367451E-01
3.10913,155.175,-0.312850E-01
3.10974,155.205,-0.389980E-01
3.11035,155.236,-0.147502E-01
3.11096,155.266,0.569249E-01
3.11157,155.297,0.719929E-01
3.11218,155.327,0.154614E-01
3.11279,155.358,-0.124786
3.11340,155.388,-0.108327
3.11401,155.418,0.382624E-01
3.11462,155.449,0.467183E-01
3.11523,155.479,0.422035E-01
3.11584,155.510,0.124567E-01
3.11646,155.540,-0.137988
3.11707,155.571,-0.114329
3.11768,155.601,0.892629E-01
3.11829,155.632,0.528782E-02
3.11890,155.662,0.332591E-01
3.11951,155.693,-0.292589E-01
3.12012,155.723,-0.715731E-01
3.12073,155.754,0.141826
3.12134,155.784,0.898139E-01
3.12195,155.814,-0.116139
3.12256,155.845,0.126805E-01
3.12317,155.875,0.861552E-01
3.12378,155.906,-0.217876E-01
3.12439,155.936,-0.131837E-01
3.12500,155.967,-0.165062E-01
3.12561,155.997,-0.915169E-02
3.12622,156.028,0.144827E-01
3.12683,156.058,0.185685E-01
3.12744,156.089,-0.409842E-02
3.12805,156.119,0.213832E-01
3.12866,156.150,0.111800E-02
3.12927,156.180,0.647993E-01
3.12988,156.211,-0.301493E-02
3.13049,156.241,0.188749E-02
3.13110,156.271,-0.112157E-01
3.13171,156.302,-0.411233E-01
3.13232,156.332,0.256469
3.13293,156.363,-0.212952E-01
3.13354,156.393,-0.988414E-01
3.13416,156.424,0.334974E-01
3.13477,156.454,0.240872E-01
3.13538,156.485,-0.157286E-01
3.13599,156.515,-0.331007E-01
3.13660,156.546,0.822718E-03
3.13721,156.576,-0.677690E-01
3.13782,156.607,0.147294E-01
3.13843,156.637,-0.765454E-02
3.13904,156.667,0.252895E-01
3.13965,156.698,-0.148578
3.14026,156.728,-0.302461E-01
3.14087,156.759,-0.485534E-01
3.14148,156.789,-0.554470E-01
3.14209,156.820,-0.122529
3.14270,156.850,-0.637714E-01
3.14331,156.881,-0.502284E-01
3.14392,156.911,0.353090E-01
3.14453,156.942,-0.325599E-01
3.14514,156.972,-0.263136E-01
3.14575,157.003,0.306517E-01
3.14636,157.033,-0.384929E-01
3.14697,157.063,0.233462E-01
3.14758,157.094,0.177978E-01
3.14819,157.124,0.998580E-02
3.14880,157.155,-0.143181E-01
3.14941,157.185,0.429578E-03
3.15002,157.216,-0.384074E-01
3.15063,157.246,-0.190134E-01
3.15125,157.277,0.187051E-01
3.15186,157.307,0.248720E-01
3.15247,157.338,0.230748E-01
3.15308,157.368,0.183589E-01
3.15369,157.399,0.207687E-01
3.15430,157.429,-0.111120E-01
3.15491,157.459,0.429429E-01
3.15552,157.490,-0.284307E-01
3.15613,157.520,0.126704
3.15674,157.551,0.722505E-01
3.15735,157.581,0.123982
3.15796,157.612,-0.437950E-03
3.15857,157.642,0.666317E-01
3.15918,157.673,0.187326E-01
3.15979,157.703,-0.549237E-01
3.16040,157.734,-0.187354E-02
3.16101,157.764,0.605266E-01
3.16162,157.795,-0.464252E-01
3.16223,157.825,0.446559E-01
3.16284,157.855,0.165129
3.16345,157.886,-0.951320E-02
3.16406,157.916,0.134196E-01
3.16467,157.947,0.599637E-01
3.16528,157.977,-0.599292E-02
3.16589,158.008,0.661750E-01
3.16650,158.038,-0.104069E-01
3.16711,158.069,-0.138470
3.16772,158.099,0.491624E-01
3.16833,158.130,0.405310E-01
3.16895,158.160,-0.290031E-01
3.16956,158.191,-0.271289E-02
3.17017,158.221,-0.725966E-02
3.17078,158.251,0.191473
3.17139,158.282,-0.161136E-01
3.17200,158.312,0.666127E-02
3.17261,158.343,-0.203632E-01
3.17322,158.373,0.296198E-02
3.17383,158.404,-0.154199E-01
3.17444,158.434,-0.970309E-02
3.17505,158.465,-0.886726E-02
3.17566,158.495,-0.302008E-01
3.17627,158.526,-0.109260
3.17688,158.556,0.465952E-01
3.17749,158.587,0.704268E-01
3.17810,158.617,-0.437455E-02
3.17871,158.647,0.838194E-02
3.17932,158.678,-0.112627
3.17993,158.708,0.412562E-01
3.18054,158.739,-0.206700E-01
3.18115,158.769,-0.221044E-02
3.18176,158.800,0.783201E-01
3.18237,158.830,-0.670061E-01
3.18298,158.861,0.124654E-01
3.18359,158.891,0.103889
3.18420,158.922,0.119969
3.18481,158.952,-0.237666E-01
3.18542,158.983,0.690037E-01
3.18604,159.013,-0.314207E-01
3.18665,159.043,-0.261651E-01
3.18726,159.074,0.205353E-01
3.18787,159.104,0.136381
3.18848,159.135,-0.101244E-01
3.18909,159.165,-0.155336E-01
3.18970,159.196,0.507995E-02
3.19031,159.226,0.189268
3.19092,159.257,-0.290978E-01
3.19153,159.287,-0.165432
3.19214,159.318,-0.988492E-04
3.19275,159.348,-0.205443E-01
3.19336,159.379,0.119424
3.19397,159.409,-0.291392E-04
3.19458,159.440,0.128786
3.19519,159.470,0.258552E-01
3.19580,159.500,0.170035E-01
3.19641,159.531,-0.474427E-01
3.19702,159.561,-0.699821E-01
3.19763,159.592,0.273892E-01
3.19824,159.622,-0.886545E-01
3.19885,159.653,-0.100109
3.19946,159.683,0.792151E-02
3.20007,159.714,-0.947475E-01
3.20068,159.744,-0.239151E-01
3.20129,159.775,0.588995E-01
3.20190,159.805,-0.145259
3.20251,159.836,0.438614E-02
3.20312,159.866,-0.227319E-02
3.20374,159.896,0.679579E-01
3.20435,159.927,-0.483344E-02
3.20496,159.957,-0.532640E-01
3.20557,159.988,0.832887E-02
3.20618,160.018,-0.134780
3.20679,160.049,0.379408E-02
3.20740,160.079,0.956543E-02
3.20801,160.110,-0.153254
3.20862,160.140,-0.650212E-01
3.20923,160.171,-0.985176E-01
3.20984,160.201,0.261897E-01
3.21045,160.232,0.246050E-01
3.21106,160.262,0.566388E-01
3.21167,160.292,0.889170E-02
3.21228,160.323,0.957493E-03
3.21289,160.353,0.128044E-01
3.21350,160.384,-0.340944E-01
3.21411,160.414,-0.103356E-01
3.21472,160.445,-0.215477E-02
3.21533,160.475,-0.189796E-02
3.21594,160.506,0.416356E-01
3.21655,160.536,0.811444E-01
3.21716,160.567,-0.538625E-01
3.21777,160.597,-0.412994E-01
3.21838,160.628,0.234615E-01
3.21899,160.658,-0.303876E-01
3.21960,160.688,-0.745240E-01
3.22021,160.719,-0.666618E-01
3.22083,160.749,-0.546446E-01
3.22144,160.780,0.968501E-02
3.22205,160.810,0.737947E-01
3.22266,160.841,0.579772E-01
3.22327,160.871,-0.744980E-01
3.22388,160.902,-0.455116E-01
3.22449,160.932,0.946271E-02
3.22510,160.963,0.207365E-02
3.22571,160.993,-0.186529E-01
3.22632,161.024,0.320918E-01
3.22693,161.054,-0.279614E-01
3.22754,161.084,-0.104216
3.22815,161.115,-0.436156E-01
3.22876,161.145,-0.123773E-01
3.22937,161.176,-0.109293
3.22998,161.206,0.993820E-02
3.23059,161.237,0.334986E-02
3.23120,161.267,-0.573625E-02
3.23181,161.298,-0.135076E-02
3.23242,161.328,0.118611E-01
3.23303,161.359,0.206635E-01
3.23364,161.389,-0.283348E-01
3.23425,161.420,0.197650
3.23486,161.450,0.833963E-01
3.23547,161.480,0.458067E-01
3.23608,161.511,0.669464E-01
3.23669,161.541,-0.354085E-01
3.23730,161.572,-0.669527E-01
3.23792,161.602,-0.347185E-01
3.23853,161.633,-0.167397E-02
3.23914,161.663,-0.196378E-01
3.23975,161.694,0.719137E-01
3.24036,161.724,-0.542911E-01
3.24097,161.755,0.317588E-02
3.24158,161.785,0.762820E-01
3.24219,161.816,-0.620546E-01
3.24280,161.846,-0.650318E-02
3.24341,161.876,-0.328642E-01
3.24402,161.907,0.216440E-01
3.24463,161.937,0.766844E-01
3.24524,161.968,0.475502E-02
3.24585,161.998,0.288297E-03
3.24646,162.029,0.549680E-01
3.24707,162.059,-0.247974E-01
3.24768,162.090,0.352991E-01
3.24829,162.120,0.204671E-01
3.24890,162.151,0.298193E-01
3.24951,162.181,0.135403
3.25012,162.212,-0.285424E-02
3.25073,162.242,0.772549E-01
3.25134,162.272,-0.573907E-02
3.25195,162.303,-0.463048E-02
3.25256,162.333,0.660807E-01
3.25317,162.364,0.834301E-01
3.25378,162.394,-0.467821E-02
3.25439,162.425,0.391091E-01
3.25500,162.455,-0.573899E-01
3.25562,162.486,-0.697409E-03
3.25623,162.516,0.910370E-01
3.25684,162.547,0.229945
3.25745,162.577,0.325880E-02
3.25806,162.608,-0.117801E-01
3.25867,162.638,0.843902E-02
3.25928,162.669,-0.481777E-02
3.25989,162.699,-0.157009E-01
3.26050,162.729,-0.153684
3.26111,162.760,0.339375E-01
3.26172,162.790,0.668660E-01
3.26233,162.821,-0.445517E-01
3.26294,162.851,-0.220428E-01
3.26355,162.882,0.432717E-01
3.26416,162.912,0.108183
3.26477,162.943,0.982429E-01
3.26538,162.973,0.979796E-02
3.26599,163.004,0.485950E-01
3.26660,163.034,0.105859
3.26721,163.065,-0.472487E-01
3.26782,163.095,-0.106397
3.26843,163.125,-0.234825E-01
3.26904,163.156,-0.295272E-01
3.26965,163.186,0.718983E-03
3.27026,163.217,0.951847E-02
3.27087,163.247,-0.186766E-01
3.27148,163.278,0.251747E-01
3.27209,163.308,0.129438
3.27271,163.339,0.307857E-01
3.27332,163.369,0.604700E-01
3.27393,163.400,-0.934301E-01
3.27454,163.430,-0.122389
3.27515,163.461,0.928607E-01
3.27576,163.491,0.343821E-01
3.27637,163.521,-0.959386E-01
3.27698,163.552,0.130238
3.27759,163.582,-0.666437E-01
3.27820,163.613,0.305263E-01
3.27881,163.643,0.125238E-01
3.27942,163.674,0.923099E-01
3.28003,163.704,0.127020
3.28064,163.735,-0.285260E-01
3.28125,163.765,-0.757978E-02
3.28186,163.796,-0.746603E-02
3.28247,163.826,0.119845E-01
3.28308,163.857,0.765589E-01
3.28369,163.887,0.181599E-01
3.28430,163.917,0.129647
3.28491,163.948,-0.264578E-01
3.28552,163.978,0.202510
3.28613,164.009,-0.227351E-01
3.28674,164.039,0.741832E-02
3.28735,164.070,-0.706956E-01
3.28796,164.100,-0.432978E-02
3.28857,164.131,-0.358731E-01
3.28918,164.161,-0.454485E-02
3.28979,164.192,0.109316
3.29041,164.222,0.239167E-01
3.29102,164.253,-0.751463E-01
3.29163,164.283,-0.189945E-01
3.29224,164.313,0.171837E-01
3.29285,164.344,-0.287462E-02
3.29346,164.374,0.201916E-01
3.29407,164.405,0.312078E-02
3.29468,164.435,0.887839E-01
3.29529,164.466,0.261016E-01
3.29590,164.496,0.168462E-01
3.29651,164.527,0.574487E-01
3.29712,164.557,-0.428723E-01
3.29773,164.588,0.891159E-02
3.29834,164.618,0.528540E-03
3.29895,164.649,0.437865E-02
3.29956,164.679,0.997690E-02
3.30017,164.709,-0.162135E-01
3.30078,164.740,0.316607E-01
3.30139,164.770,0.116932E-01
3.30200,164.801,-0.222382E-01
3.30261,164.831,-0.370173E-01
3.30322,164.862,0.223509E-01
3.30383,164.892,-0.392568E-01
3.30444,164.923,0.218909E-01
3.30505,164.953,-0.295322E-01
3.30566,164.984,0.149778E-02
3.30627,165.014,0.146829E-01
3.30688,165.045,-0.594127E-01
3.30750,165.075,-0.354298E-01
3.30811,165.105,0.188238
3.30872,165.136,0.636760E-01
3.30933,165.166,-0.177626
3.30994,165.197,0.313905E-01
3.31055,165.227,0.740177E-01
3.31116,165.258,-0.496154E-01
3.31177,165.288,-0.850902E-01
3.31238,165.319,0.332159E-01
3.31299,165.349,0.496006E-01
3.31360,165.380,-0.301598E-01
3.31421,165.410,-0.145252E-01
3.31482,165.441,0.126798
3.31543,165.471,0.770291E-02
3.31604,165.502,0.459991E-01
3.31665,165.532,-0.175271E-01
3.31726,165.562,0.856562E-01
3.31787,165.593,-0.840912E-03
3.31848,165.623,-0.738272E-01
3.31909,165.654,0.333977E-01
3.31970,165.684,-0.243683E-01
3.32031,165.715,0.644009E-01
3.32092,165.745,-0.916370E-01
3.32153,165.776,0.241508
3.32214,165.806,-0.716904E-01
3.32275,165.837,0.121922
3.32336,165.867,0.438952E-01
3.32397,165.898,0.130471
3.32458,165.928,-0.174751E-01
3.32520,165.958,0.620201E-01
3.32581,165.989,0.233020E-01
3.32642,166.019,0.103918
3.32703,166.050,-0.131052
3.32764,166.080,-0.123049E-01
3.32825,166.111,-0.108024E-02
3.32886,166.141,0.480135E-02
3.32947,166.172,-0.982824E-02
3.33008,166.202,0.611320E-02
3.33069,166.233,-0.218982E-01
3.33130,166.263,-0.385406E-02
3.33191,166.294,-0.325446E-01
3.33252,166.324,0.593142E-01
3.33313,166.354,0.105803
3.33374,166.385,-0.158121E-01
3.33435,166.415,0.482552E-01
3.33496,166.446,0.779211E-01
3.33557,166.476,-0.352150E-01
3.33618,166.507,-0.991238E-02
3.33679,166.537,-0.872694E-02
3.33740,166.568,-0.342772E-01
3.33801,166.598,-0.173591E-01
3.33862,166.629,-0.238685E-01
3.33923,166.659,0.307877E-03
3.33984,166.690,-0.613487E-01
3.34045,166.720,-0.114837E-01
3.34106,166.750,-0.148008E-01
3.34167,166.781,-0.477535E-01
3.34229,166.811,0.567543E-01
3.34290,166.842,0.176259
3.34351,166.872,0.740907E-01
3.34412,166.903,-0.645152E-02
3.34473,166.933,-0.848495E-01
3.34534,166.964,0.579597E-02
3.34595,166.994,-0.755854E-01
3.34656,167.025,0.293208E-01
3.34717,167.055,-0.402927E-01
3.34778,167.086,0.129118
3.34839,167.116,-0.221261E-01
3.34900,167.146,0.434351E-01
3.34961,167.177,-0.400538E-01
3.35022,167.207,0.575139E-01
3.35083,167.238,0.569400E-01
3.35144,167.268,0.450697E-01
3.35205,167.299,0.156345E-01
3.35266,167.329,-0.544835E-02
3.35327,167.360,-0.537004E-02
3.35388,167.390,0.321275E-02
3.35449,167.421,0.302397E-01
3.35510,167.451,-0.194154E-01
3.35571,167.482,-0.418710E-01
3.35632,167.512,0.345302E-02
3.35693,167.542,0.516467E-01
3.35754,167.573,0.491123E-01
3.35815,167.603,-0.223819E-01
3.35876,167.634,-0.296682E-01
3.35938,167.664,-0.524371E-01
3.35999,167.695,0.360143E-02
3.36060,167.725,0.779940E-01
3.36121,167.756,-0.186835E-01
3.36182,167.786,-0.972786E-02
3.36243,167.817,0.108501E-01
3.36304,167.847,0.421297E-02
3.36365,167.878,-0.225497E-01
3.36426,167.908,0.517449E-01
3.36487,167.938,0.289153E-01
3.36548,167.969,0.163204
3.36609,167.999,0.359237E-02
3.36670,168.030,0.201131E-01
3.36731,168.060,-0.836022E-02
3.36792,168.091,-0.160066
3.36853,168.121,0.176627E-01
3.36914,168.152,0.461815E-01
3.36975,168.182,0.769740E-01
3.37036,168.213,0.147263E-01
3.37097,168.243,-0.625634E-01
3.37158,168.274,0.146945E-02
3.37219,168.304,0.101204E-01
3.37280,168.334,-0.989074E-01
3.37341,168.365,0.166498E-01
3.37402,168.395,0.100673
3.37463,168.426,-0.205712E-01
3.37524,168.456,-0.639968E-01
3.37585,168.487,-0.155640
3.37646,168.517,0.188437
3.37708,168.548,-0.447120E-02
3.37769,168.578,-0.120482
3.37830,168.609,-0.949947E-01
3.37891,168.639,-0.196046E-01
3.37952,168.670,0.701871E-02
3.38013,168.700,0.579516E-02
3.38074,168.731,-0.116071E-01
3.38135,168.761,0.265395E-01
3.38196,168.791,-0.221169E-01
3.38257,168.822,0.374268E-02
3.38318,168.852,-0.206231E-01
3.38379,168.883,0.135353E-01
3.38440,168.913,-0.146786E-01
3.38501,168.944,-0.428570E-02
3.38562,168.974,0.107236E-02
3.38623,169.005,-0.720299E-01
3.38684,169.035,0.153942E-01
3.38745,169.066,0.767352E-01
3.38806,169.096,0.717326E-01
3.38867,169.127,0.277275E-01
3.38928,169.157,0.130861
3.38989,169.187,-0.513218E-01
3.39050,169.218,-0.205502E-01
3.39111,169.248,0.486244E-01
3.39172,169.279,0.828770E-02
3.39233,169.309,0.646899E-01
3.39294,169.340,0.423348E-01
3.39355,169.370,-0.103490E-01
3.39417,169.401,0.420902E-01
3.39478,169.431,-0.343625E-01
3.39539,169.462,0.191554E-01
3.39600,169.492,0.471030E-01
3.39661,169.523,0.809011E-01
3.39722,169.553,-0.290263E-01
3.39783,169.583,-0.114923E-01
3.39844,169.614,-0.308513E-01
3.39905,169.644,-0.729054E-02
3.39966,169.675,-0.114955
3.40027,169.705,-0.918520E-01
3.40088,169.736,0.256009E-01
3.40149,169.766,0.261599E-01
3.40210,169.797,-0.186985E-01
3.40271,169.827,0.879904E-02
3.40332,169.858,0.170610E-01
3.40393,169.888,0.186639E-01
3.40454,169.919,-0.241843E-01
3.40515,169.949,-0.960660E-02
3.40576,169.979,-0.287421E-02
3.40637,170.010,-0.841697E-02
3.40698,170.040,0.713268E-02
3.40759,170.071,-0.478925E-01
3.40820,170.101,-0.173367E-02
3.40881,170.132,0.592469E-01
3.40942,170.162,-0.113620E-01
3.41003,170.193,-0.493895E-01
3.41064,170.223,0.212536E-01
3.41125,170.254,0.134878
3.41187,170.284,0.113944E-01
3.41248,170.315,0.481860E-02
3.41309,170.345,-0.638212E-02
3.41370,170.375,0.709473E-02
3.41431,170.406,0.145514
3.41492,170.436,0.132375E-01
3.41553,170.467,-0.522181E-02
3.41614,170.497,0.159466E-01
3.41675,170.528,-0.393548E-01
3.41736,170.558,0.530066E-02
3.41797,170.589,0.313876E-01
3.41858,170.619,0.378576E-01
3.41919,170.650,-0.188005E-01
3.41980,170.680,0.125555E-02
3.42041,170.711,0.102791E-02
3.42102,170.741,0.914246E-02
3.42163,170.771,-0.379958E-03
3.42224,170.802,-0.606520E-01
3.42285,170.832,0.239361E-01
3.42346,170.863,0.335706E-01
3.42407,170.893,-0.249329E-01
3.42468,170.924,0.200400E-01
3.42529,170.954,-0.201701E-01
3.42590,170.985,0.463743E-01
3.42651,171.015,0.660578E-01
3.42712,171.046,-0.974884E-01
3.42773,171.076,0.667655E-02
3.42834,171.107,-0.614080E-01
3.42896,171.137,0.239773E-01
3.42957,171.167,-0.411979E-01
3.43018,171.198,0.351381E-01
3.43079,171.228,0.789372E-01
3.43140,171.259,0.137898
3.43201,171.289,-0.694657E-02
3.43262,171.320,-0.592442E-02
3.43323,171.350,0.841131E-01
3.43384,171.381,0.159139E-02
3.43445,171.411,-0.597648E-01
3.43506,171.442,-0.541974E-01
3.43567,171.472,0.186987E-01
3.43628,171.503,-0.152183E-01
3.43689,171.533,-0.490853E-01
3.43750,171.563,0.583602E-02
3.43811,171.594,0.371420E-01
3.43872,171.624,0.576672E-01
3.43933,171.655,-0.679924E-01
3.43994,171.685,-0.215994E-01
3.44055,171.716,-0.930742E-02
3.44116,171.746,0.317483E-01
3.44177,171.777,0.528333E-01
3.44238,171.807,0.879347E-01
3.44299,171.838,0.118415E-01
3.44360,171.868,-0.216111E-01
3.44421,171.899,-0.221377E-01
3.44482,171.929,0.102117
3.44543,171.960,0.355495E-02
3.44604,171.990,0.181592
3.44666,172.020,-0.285540E-01
3.44727,172.051,0.538764E-01
3.44788,172.081,-0.307432E-02
3.44849,172.112,-0.201519E-01
3.44910,172.142,0.633607E-01
3.44971,172.173,0.272013E-01
3.45032,172.203,-0.324365E-01
3.45093,172.234,-0.405414E-01
3.45154,172.264,0.786104E-02
3.45215,172.295,0.293598E-03
3.45276,172.325,-0.169935E-01
3.45337,172.356,-0.148052E-01
3.45398,172.386,0.670306E-01
3.45459,172.416,-0.681556E-01
3.45520,172.447,0.817867E-01
3.45581,172.477,-0.520543E-01
3.45642,172.508,0.110240E-01
3.45703,172.538,0.205182E-01
3.45764,172.569,-0.808385E-02
3.45825,172.599,-0.956220E-01
3.45886,172.630,0.399595E-01
3.45947,172.660,0.101766
3.46008,172.691,0.704471E-01
3.46069,172.721,0.206220E-01
3.46130,172.752,0.505634E-03
3.46191,172.782,-0.314488E-02
3.46252,172.812,-0.532520E-01
3.46313,172.843,0.956313E-01
3.46375,172.873,0.815453E-02
3.46436,172.904,-0.133123
3.46497,172.934,0.108129E-01
3.46558,172.965,0.113282E-01
3.46619,172.995,0.991137E-01
3.46680,173.026,0.135760
3.46741,173.056,-0.227221E-01
3.46802,173.087,-0.290541E-01
3.46863,173.117,0.203468E-01
3.46924,173.148,-0.565644E-01
3.46985,173.178,-0.346954E-01
3.47046,173.208,-0.574676E-01
3.47107,173.239,-0.123174
3.47168,173.269,-0.852079E-02
3.47229,173.300,0.753190E-01
3.47290,173.330,0.228241E-01
3.47351,173.361,0.409784E-01
3.47412,173.391,-0.202213
3.47473,173.422,0.493116E-01
3.47534,173.452,0.726726E-02
3.47595,173.483,0.303371E-01
3.47656,173.513,0.154155
3.47717,173.544,0.109089E-01
3.47778,173.574,0.964765E-03
3.47839,173.604,0.320400E-01
3.47900,173.635,0.223725E-01
3.47961,173.665,-0.430782E-01
3.48022,173.696,0.689826E-03
3.48083,173.726,0.823657E-01
3.48145,173.757,-0.768763E-01
3.48206,173.787,0.100920E-01
3.48267,173.818,0.859184E-01
3.48328,173.848,0.742136E-01
3.48389,173.879,-0.345141E-02
3.48450,173.909,-0.773069E-01
3.48511,173.940,0.316455E-01
3.48572,173.970,-0.135568E-01
3.48633,174.000,-0.323447E-02
3.48694,174.031,0.114467
3.48755,174.061,-0.268105E-01
3.48816,174.092,-0.798388E-01
3.48877,174.122,0.504347E-01
3.48938,174.153,-0.137357E-01
3.48999,174.183,-0.133269
3.49060,174.214,0.259267E-01
3.49121,174.244,0.148757E-01
3.49182,174.275,-0.335598E-01
3.49243,174.305,0.114957E-01
3.49304,174.336,-0.768240E-01
3.49365,174.366,-0.399387E-02
3.49426,174.396,0.244376E-01
3.49487,174.427,0.156960E-01
3.49548,174.457,-0.540736E-02
3.49609,174.488,-0.463046E-01
3.49670,174.518,0.142450
3.49731,174.549,-0.320849E-01
3.49792,174.579,-0.974581E-02
3.49854,174.610,-0.168900E-01
3.49915,174.640,0.250226E-01
3.49976,174.671,0.265933E-01
3.50037,174.701,0.112485
3.50098,174.732,0.197012E-01
3.50159,174.762,0.441279E-01
3.50220,174.792,0.474733E-01
3.50281,174.823,-0.692783E-01
3.50342,174.853,0.118283
3.50403,174.884,0.485951E-01
3.50464,174.914,-0.208054E-02
3.50525,174.945,0.968264E-01
3.50586,174.975,-0.577712E-01
3.50647,175.006,0.225067E-02
3.50708,175.036,-0.567760E-01
3.50769,175.067,-0.941869E-03
3.50830,175.097,0.443453E-01
3.50891,175.128,0.370984E-01
3.50952,175.158,-0.174712E-01
3.51013,175.189,-0.565204E-01
3.51074,175.219,-0.388539E-02
3.51135,175.249,0.682298E-02
3.51196,175.280,-0.642816E-01
3.51257,175.310,0.149990
3.51318,175.341,0.952806E-01
3.51379,175.371,0.145742E-01
3.51440,175.402,0.293514E-01
3.51501,175.432,-0.398165E-01
3.51562,175.463,0.239707E-01
3.51624,175.493,-0.503665E-02
3.51685,175.524,-0.642160E-01
3.51746,175.554,0.763279E-03
3.51807,175.585,0.990176E-01
3.51868,175.615,0.533788E-02
3.51929,175.645,0.268826E-01
3.51990,175.676,-0.279067E-01
3.52051,175.706,-0.129303
3.52112,175.737,-0.139376E-01
3.52173,175.767,0.840323E-01
3.52234,175.798,0.119765E-01
3.52295,175.828,-0.412217E-03
3.52356,175.859,-0.562707E-02
3.52417,175.889,-0.458944E-02
3.52478,175.920,-0.247571E-01
3.52539,175.950,0.279156
3.52600,175.981,0.996347E-03
3.52661,176.011,-0.693435E-01
3.52722,176.041,-0.401474E-02
3.52783,176.072,0.260348E-01
3.52844,176.102,-0.502229E-02
3.52905,176.133,0.135594
3.52966,176.163,0.202473E-01
3.53027,176.194,-0.255300
3.53088,176.224,-0.150835
3.53149,176.255,-0.515059E-02
3.53210,176.285,0.405866E-01
3.53271,176.316,-0.958446E-01
3.53333,176.346,-0.177131E-02
3.53394,176.377,-0.437581E-01
3.53455,176.407,-0.448618E-01
3.53516,176.437,0.794211E-01
3.53577,176.468,0.260684E-01
3.53638,176.498,0.321236E-01
3.53699,176.529,-0.135986
3.53760,176.559,-0.131005
3.53821,176.590,0.520548E-02
3.53882,176.620,-0.474336E-01
3.53943,176.651,-0.368600E-01
3.54004,176.681,-0.106148E-01
3.54065,176.712,-0.418847E-03
3.54126,176.742,0.240408E-01
3.54187,176.773,0.216591E-01
3.54248,176.803,0.131521E-02
3.54309,176.833,0.412289E-01
3.54370,176.864,-0.736750E-03
3.54431,176.894,0.101227E-01
3.54492,176.925,-0.165741E-03
3.54553,176.955,0.159221E-01
3.54614,176.986,-0.464908E-02
3.54675,177.016,-0.526526E-01
3.54736,177.047,0.385718E-01
3.54797,177.077,0.195652E-01
3.54858,177.108,0.527259E-03
3.54919,177.138,0.339914E-01
3.54980,177.169,-0.257708E-01
3.55042,177.199,-0.275952E-01
3.55103,177.229,0.277418E-01
3.55164,177.260,-0.328565E-02
3.55225,177.290,-0.116002
3.55286,177.321,-0.433828E-01
3.55347,177.351,0.113159
3.55408,177.382,0.324736E-01
3.55469,177.412,0.383882E-01
3.55530,177.443,0.789295E-02
3.55591,177.473,-0.481738E-02
3.55652,177.504,0.249883E-01
3.55713,177.534,0.713680E-01
3.55774,177.565,0.369719E-01
3.55835,177.595,-0.224862E-01
3.55896,177.625,0.420760E-01
3.55957,177.656,-0.270770E-03
3.56018,177.686,-0.205614E-02
3.56079,177.717,0.168525E-01
3.56140,177.747,0.187802E-02
3.56201,177.778,0.213390E-01
3.56262,177.808,-0.190600E-01
3.56323,177.839,0.983997E-01
3.56384,177.869,-0.426092E-01
3.56445,177.900,0.468468E-02
3.56506,177.930,-0.452324E-01
3.56567,177.961,0.175128E-01
3.56628,177.991,-0.167369E-01
3.56689,178.021,-0.337031E-02
3.56750,178.052,0.106165E-01
3.56812,178.082,-0.362700E-01
3.56873,178.113,-0.329181E-02
3.56934,178.143,-0.111217
3.56995,178.174,0.100536
3.57056,178.204,0.879827E-02
3.57117,178.235,-0.384205E-01
3.57178,178.265,0.291840E-02
3.57239,178.296,-0.501299E-01
3.57300,178.326,0.806951E-01
3.57361,178.357,-0.406552E-01
3.57422,178.387,0.623580E-02
3.57483,178.418,0.410899E-01
3.57544,178.448,-0.517502E-01
3.57605,178.478,-0.229845E-01
3.57666,178.509,0.612696E-01
3.57727,178.539,0.606956E-01
3.57788,178.570,0.845597E-01
3.57849,178.600,-0.535900E-02
3.57910,178.631,0.206173E-01
3.57971,178.661,-0.454850E-01
3.58032,178.692,-0.848444E-02
3.58093,178.722,0.337052E-02
3.58154,178.753,-0.340361E-02
3.58215,178.783,0.274613E-02
3.58276,178.814,-0.122342
3.58337,178.844,-0.850096E-02
3.58398,178.874,-0.521737E-02
3.58459,178.905,0.469741E-01
3.58521,178.935,-0.755274E-01
3.58582,178.966,-0.346392E-01
3.58643,178.996,-0.768910E-02
3.58704,179.027,0.111550
3.58765,179.057,-0.135860E-01
3.58826,179.088,0.579699E-01
3.58887,179.118,-0.114940E-01
3.58948,179.149,0.213285E-01
3.59009,179.179,0.733892E-01
3.59070,179.210,-0.155272
3.59131,179.240,0.100441
3.59192,179.270,-0.631869E-01
3.59253,179.301,0.308002E-01
3.59314,179.331,0.119756E-01
3.59375,179.362,-0.263069E-01
3.59436,179.392,0.100558
3.59497,179.423,0.440532E-02
3.59558,179.453,0.948270E-01
3.59619,179.484,0.546192E-01
3.59680,179.514,-0.274129E-02
3.59741,179.545,0.122561E-01
3.59802,179.575,0.712398E-01
3.59863,179.606,0.477413E-01
3.59924,179.636,0.590920E-01
3.59985,179.666,-0.182906E-01
3.60046,179.697,-0.454584E-01
3.60107,179.727,0.529848E-01
3.60168,179.758,0.405265E-02
3.60229,179.788,-0.702296E-01
3.60291,179.819,-0.498346E-01
3.60352,179.849,-0.216235E-01
3.60413,179.880,-0.729997E-01
3.60474,179.910,0.188367E-01
3.60535,179.941,-0.105052E-01
3.60596,179.971,0.502013E-01
3.60657,180.002,0.873910E-01
3.60718,180.032,-0.127101E-01
3.60779,180.062,0.234189E-02
3.60840,180.093,-0.297692E-02
3.60901,180.123,0.328251E-01
3.60962,180.154,-0.128067E-02
3.61023,180.184,0.768778E-01
3.61084,180.215,-0.858174E-01
3.61145,180.245,0.329728E-01
3.61206,180.276,0.304504E-02
3.61267,180.306,0.374731E-01
3.61328,180.337,-0.252539E-01
3.61389,180.367,-0.237474E-01
3.61450,180.398,0.848406E-02
3.61511,180.428,0.427112E-01
3.61572,180.458,-0.353268E-01
3.61633,180.489,0.161813
3.61694,180.519,0.967406E-02
3.61755,180.550,-0.253613E-01
3.61816,180.580,0.303230E-01
3.61877,180.611,0.654814E-02
3.61938,180.641,0.865872E-02
3.62000,180.672,-0.110116
3.62061,180.702,-0.156818
3.62122,180.733,-0.126579E-01
3.62183,180.763,0.655000E-01
3.62244,180.794,-0.865499E-02
3.62305,180.824,-0.189876E-01
3.62366,180.854,-0.944450E-02
3.62427,180.885,-0.394387E-01
3.62488,180.915,-0.193626E-01
3.62549,180.946,-0.176792E-01
3.62610,180.976,0.249292E-01
3.62671,181.007,0.623307E-01
3.62732,181.037,0.602492E-01
3.62793,181.068,0.193424E-01
3.62854,181.098,-0.139420E-01
3.62915,181.129,-0.175309E-02
3.62976,181.159,0.633255E-01
3.63037,181.190,-0.327447E-01
3.63098,181.220,0.904896E-01
3.63159,181.250,0.101138
3.63220,181.281,0.187736E-01
3.63281,181.311,0.209339E-01
3.63342,181.342,0.740596E-02
3.63403,181.372,0.282663E-01
3.63464,181.403,0.284097E-02
3.63525,181.433,-0.528331E-02
3.63586,181.464,-0.124939E-02
3.63647,181.494,0.245554E-01
3.63708,181.525,-0.713839E-02
3.63770,181.555,0.872183E-02
3.63831,181.586,0.257328E-01
3.63892,181.616,-0.655735E-02
3.63953,181.647,0.176670E-01
3.64014,181.677,0.873144E-03
3.64075,181.707,0.136129E-01
3.64136,181.738,0.584396E-01
3.64197,181.768,0.112559E-02
3.64258,181.799,0.410137E-01
3.64319,181.829,0.113225E-01
3.64380,181.860,0.175894E-01
3.64441,181.890,0.426059E-01
3.64502,181.921,0.277416E-01
3.64563,181.951,0.108097
3.64624,181.982,-0.602281E-02
3.64685,182.012,0.148594E-02
3.64746,182.043,0.482604E-01
3.64807,182.073,-0.136828E-01
3.64868,182.103,0.671929E-02
3.64929,182.134,0.409100E-01
3.64990,182.164,0.275924E-01
3.65051,182.195,-0.349826E-01
3.65112,182.225,-0.208539E-01
3.65173,182.256,-0.331864E-01
3.65234,182.286,-0.138364E-01
3.65295,182.317,-0.176726E-01
3.65356,182.347,0.134531E-01
3.65417,182.378,-0.413382E-01
3.65479,182.408,-0.380726E-02
3.65540,182.439,-0.334272E-01
3.65601,182.469,0.101327
3.65662,182.499,0.437810E-01
3.65723,182.530,-0.332342E-01
3.65784,182.560,-0.834814E-02
3.65845,182.591,0.273836E-01
3.65906,182.621,-0.376873E-01
3.65967,182.652,-0.817183E-02
3.66028,182.682,-0.376372E-01
3.66089,182.713,0.693332E-02
3.66150,182.743,0.430323E-02
3.66211,182.774,0.552345E-01
3.66272,182.804,-0.600053E-01
3.66333,182.835,0.109927E-01
3.66394,182.865,-0.229996E-01
3.66455,182.895,-0.430317E-01
3.66516,182.926,-0.289055E-01
3.66577,182.956,0.350560E-01
3.66638,182.987,-0.172620E-01
3.66699,183.017,0.166176
3.66760,183.048,-0.209702E-01
3.66821,183.078,-0.230056E-01
3.66882,183.109,0.197904E-03
3.66943,183.139,0.620791E-01
3.67004,183.170,0.556684E-01
3.67065,183.200,-0.284374E-01
3.67126,183.231,0.462870E-01
3.67188,183.261,-0.634679E-01
3.67249,183.291,0.163828E-02
3.67310,183.322,0.496505E-01
3.67371,183.352,0.809677E-02
3.67432,183.383,0.579650E-01
3.67493,183.413,0.378845E-01
3.67554,183.444,0.297843E-01
3.67615,183.474,0.302111E-01
3.67676,183.505,-0.128294E-01
3.67737,183.535,-0.242461E-01
3.67798,183.566,0.573176E-01
3.67859,183.596,-0.326594E-01
3.67920,183.627,-0.953932E-02
3.67981,183.657,-0.252328E-01
3.68042,183.687,-0.439492E-01
3.68103,183.718,0.813696E-01
3.68164,183.748,-0.337853E-01
3.68225,183.779,-0.819270E-01
3.68286,183.809,0.100288E-01
3.68347,183.840,-0.257419E-01
3.68408,183.870,-0.505380E-01
3.68469,183.901,-0.368531E-01
3.68530,183.931,-0.241159E-01
3.68591,183.962,-0.264573E-01
3.68652,183.992,-0.416740E-02
3.68713,184.023,0.373852E-01
3.68774,184.053,-0.354466E-01
3.68835,184.083,0.451387E-01
3.68896,184.114,0.177599E-01
3.68958,184.144,-0.469710E-02
3.69019,184.175,-0.352158E-01
3.69080,184.205,0.251988E-01
3.69141,184.236,-0.600492E-01
3.69202,184.266,0.368634E-01
3.69263,184.297,-0.360724E-02
3.69324,184.327,0.702116E-01
3.69385,184.358,0.344958E-02
3.69446,184.388,0.475582E-02
3.69507,184.419,-0.729226E-02
3.69568,184.449,0.685827E-01
3.69629,184.479,-0.390514E-01
3.69690,184.510,0.119508E-01
3.69751,184.540,0.611008E-01
3.69812,184.571,-0.192571E-01
3.69873,184.601,-0.112463E-01
3.69934,184.632,0.823977E-01
3.69995,184.662,-0.134555E-01
3.70056,184.693,0.625690E-01
3.70117,184.723,-0.148951E-01
3.70178,184.754,0.496239E-01
3.70239,184.784,0.122280E-01
3.70300,184.815,0.978360E-01
3.70361,184.845,-0.166049E-01
3.70422,184.876,0.234810E-01
3.70483,184.906,0.458446E-01
3.70544,184.936,-0.326299E-01
3.70605,184.967,-0.975281E-02
3.70667,184.997,-0.324291E-02
3.70728,185.028,0.102123E-01
3.70789,185.058,-0.542407E-01
3.70850,185.089,-0.207282E-01
3.70911,185.119,-0.567003E-01
3.70972,185.150,-0.949251E-02
3.71033,185.180,0.750985E-01
3.71094,185.211,0.640013E-01
3.71155,185.241,-0.723939E-01
3.71216,185.272,0.112986E-01
3.71277,185.302,-0.132961E-01
3.71338,185.332,-0.295460E-01
3.71399,185.363,0.113574
3.71460,185.393,-0.130717E-01
3.71521,185.424,0.126052
3.71582,185.454,-0.499063E-01
3.71643,185.485,-0.334627E-01
3.71704,185.515,0.102932E-01
3.71765,185.546,-0.170940E-01
3.71826,185.576,0.115547
3.71887,185.607,0.136197E-01
3.71948,185.637,0.103649E-01
3.72009,185.668,0.374557E-02
3.72070,185.698,0.447882E-01
3.72131,185.728,0.197262E-01
3.72192,185.759,0.314467E-01
3.72253,185.789,-0.301155E-01
3.72314,185.820,0.594918E-02
3.72375,185.850,0.365783E-02
3.72437,185.881,-0.100353E-01
3.72498,185.911,0.135033
3.72559,185.942,0.547849E-01
3.72620,185.972,-0.176847E-01
3.72681,186.003,-0.315676E-01
3.72742,186.033,0.205807E-01
3.72803,186.064,0.195388E-01
3.72864,186.094,-0.790273E-02
3.72925,186.124,-0.134599E-01
3.72986,186.155,0.667389E-01
3.73047,186.185,-0.855917E-01
3.73108,186.216,-0.241999E-02
3.73169,186.246,-0.342913E-01
3.73230,186.277,0.252556E-01
3.73291,186.307,0.338134E-01
3.73352,186.338,-0.103500E-01
3.73413,186.368,0.243061E-01
3.73474,186.399,0.935706E-01
3.73535,186.429,0.237706E-01
3.73596,186.460,0.203622E-01
3.73657,186.490,-0.326406E-02
3.73718,186.520,-0.247801E-01
3.73779,186.551,-0.213834E-01
3.73840,186.581,-0.232503E-02
3.73901,186.612,0.174677E-01
3.73962,186.642,0.306399E-01
3.74023,186.673,0.162556E-01
3.74084,186.703,0.278571E-01
3.74146,186.734,0.626302E-01
3.74207,186.764,-0.204221E-01
3.74268,186.795,0.119038E-01
3.74329,186.825,-0.325534E-01
3.74390,186.856,-0.233272E-01
3.74451,186.886,-0.516845E-02
3.74512,186.916,-0.524674E-01
3.74573,186.947,-0.109562E-01
3.74634,186.977,0.833553E-02
3.74695,187.008,-0.346282E-01
3.74756,187.038,0.130711E-01
3.74817,187.069,-0.328683E-01
3.74878,187.099,0.523436E-01
3.74939,187.130,-0.239814E-01
3.75000,187.160,0.333608E-01
3.75061,187.191,-0.493883E-01
3.75122,187.221,0.319795E-01
3.75183,187.252,0.106516E-01
3.75244,187.282,-0.870825E-01
3.75305,187.312,0.313196E-01
3.75366,187.343,0.288620E-01
3.75427,187.373,0.923610E-02
3.75488,187.404,0.177040E-01
3.75549,187.434,0.673080E-01
3.75610,187.465,-0.531166E-01
3.75671,187.495,0.517299E-02
3.75732,187.526,0.735644E-04
3.75793,187.556,-0.385613E-01
3.75854,187.587,0.102811
3.75916,187.617,-0.263798E-01
3.75977,187.648,-0.504907E-01
3.76038,187.678,-0.282605E-01
3.76099,187.708,-0.159960E-01
3.76160,187.739,0.198086E-01
3.76221,187.769,0.294320E-01
3.76282,187.800,0.251264E-01
3.76343,187.830,-0.186952E-01
3.76404,187.861,-0.125935
3.76465,187.891,0.683593E-02
3.76526,187.922,-0.135184
3.76587,187.952,-0.227792E-01
3.76648,187.983,-0.777813E-03
3.76709,188.013,-0.592297E-02
3.76770,188.044,-0.218292E-01
3.76831,188.074,0.374764E-02
3.76892,188.105,-0.117926E-01
3.76953,188.135,-0.135284E-01
3.77014,188.165,0.788679E-01
3.77075,188.196,-0.139453E-01
3.77136,188.226,0.362519E-02
3.77197,188.257,-0.722312E-01
3.77258,188.287,-0.118126E-01
3.77319,188.318,0.652787E-02
3.77380,188.348,-0.365810E-01
3.77441,188.379,-0.519824E-02
3.77502,188.409,0.226219E-01
3.77563,188.440,0.111156
3.77625,188.470,-0.122014
3.77686,188.501,-0.446888E-02
3.77747,188.531,0.850777E-01
3.77808,188.561,-0.336668E-01
3.77869,188.592,0.133351E-01
3.77930,188.622,-0.362490E-01
3.77991,188.653,-0.657025E-01
3.78052,188.683,0.872337E-02
3.78113,188.714,0.208067E-02
3.78174,188.744,0.117667E-01
3.78235,188.775,-0.871888E-01
3.78296,188.805,0.525779E-01
3.78357,188.836,0.543379E-02
3.78418,188.866,-0.238874E-01
3.78479,188.897,0.403371E-02
3.78540,188.927,-0.428954E-02
3.78601,188.957,0.233858
3.78662,188.988,0.298069E-01
3.78723,189.018,0.488031E-01
3.78784,189.049,0.692581E-03
3.78845,189.079,0.143013E-01
3.78906,189.110,0.454072E-02
3.78967,189.140,0.446669E-01
3.79028,189.171,-0.662634E-01
3.79089,189.201,-0.995996E-01
3.79150,189.232,0.400766E-01
3.79211,189.262,0.222949E-01
3.79272,189.293,-0.568423E-01
3.79333,189.323,0.141106E-01
3.79395,189.353,-0.195425E-01
3.79456,189.384,-0.326330E-01
3.79517,189.414,-0.120884E-01
3.79578,189.445,-0.603012E-01
3.79639,189.475,-0.187465E-01
3.79700,189.506,-0.145420E-01
3.79761,189.536,-0.439755E-01
3.79822,189.567,0.368638E-01
3.79883,189.597,0.111901E-01
3.79944,189.628,0.415811E-02
3.80005,189.658,0.145412E-01
3.80066,189.689,-0.135142E-02
3.80127,189.719,-0.162368E-02
3.80188,189.749,-0.734139E-01
3.80249,189.780,0.426003E-01
3.80310,189.810,0.285703E-01
3.80371,189.841,-0.765819E-01
3.80432,189.871,0.204788E-02
3.80493,189.902,0.232898E-01
3.80554,189.932,-0.143563E-01
3.80615,189.963,-0.111122
3.80676,189.993,0.101136
3.80737,190.024,0.996803E-01
3.80798,190.054,-0.391928E-01
3.80859,190.085,0.519011E-01
3.80920,190.115,0.423926E-01
3.80981,190.145,0.208704E-01
3.81042,190.176,-0.207146E-01
3.81104,190.206,-0.444343E-02
3.81165,190.237,0.463616E-01
3.81226,190.267,0.379707E-01
3.81287,190.298,-0.332266E-02
3.81348,190.328,0.424183E-01
3.81409,190.359,0.196039E-01
3.81470,190.389,0.179634E-01
3.81531,190.420,0.172195E-01
3.81592,190.450,-0.402073E-01
3.81653,190.481,0.239182E-01
3.81714,190.511,0.363617E-01
3.81775,190.541,-0.156819E-01
3.81836,190.572,-0.673824E-02
3.81897,190.602,-0.132323E-01
3.81958,190.633,0.932556E-02
3.82019,190.663,0.267198E-01
3.82080,190.694,-0.162046E-01
3.82141,190.724,-0.841487E-03
3.82202,190.755,-0.274635E-01
3.82263,190.785,0.151543E-01
3.82324,190.816,0.464085E-01
3.82385,190.846,-0.211494E-01
3.82446,190.877,-0.369965E-01
3.82507,190.907,-0.161438E-02
3.82568,190.937,-0.826872E-01
3.82629,190.968,-0.337947E-02
3.82690,190.998,0.723675E-01
3.82751,191.029,0.750175E-01
3.82812,191.059,-0.961399E-02
3.82874,191.090,0.959488E-01
3.82935,191.120,0.348397E-01
3.82996,191.151,-0.205104E-01
3.83057,191.181,-0.106447E-02
3.83118,191.212,-0.784189E-01
3.83179,191.242,-0.326295E-01
3.83240,191.273,-0.581944E-01
3.83301,191.303,-0.529253E-02
3.83362,191.334,0.571724E-01
3.83423,191.364,0.447773E-01
3.83484,191.394,0.362513E-01
3.83545,191.425,-0.244491E-02
3.83606,191.455,0.138546
3.83667,191.486,-0.187623E-01
3.83728,191.516,-0.138786E-01
3.83789,191.547,0.465244E-01
3.83850,191.577,0.762418E-01
3.83911,191.608,-0.262515E-01
3.83972,191.638,0.276853E-02
3.84033,191.669,-0.532959E-01
3.84094,191.699,0.104428E-01
3.84155,191.730,0.392326E-01
3.84216,191.760,-0.106096E-01
3.84277,191.790,-0.137830E-02
3.84338,191.821,0.663328E-01
3.84399,191.851,-0.276762E-01
3.84460,191.882,0.179806E-01
3.84521,191.912,-0.557820E-01
3.84583,191.943,0.330742E-01
3.84644,191.973,-0.597671E-01
3.84705,192.004,0.166995E-01
3.84766,192.034,0.545941E-02
3.84827,192.065,0.701528E-02
3.84888,192.095,0.106372
3.84949,192.126,-0.620361E-03
3.85010,192.156,-0.524224E-02
3.85071,192.186,-0.396271E-01
3.85132,192.217,0.449834E-01
3.85193,192.247,0.370156E-01
3.85254,192.278,-0.600856E-01
3.85315,192.308,0.480227E-02
3.85376,192.339,-0.273740E-01
3.85437,192.369,0.860291E-01
3.85498,192.400,-0.143952E-01
3.85559,192.430,-0.223184E-01
3.85620,192.461,-0.816816E-01
3.85681,192.491,0.253533E-02
3.85742,192.522,0.572704E-01
3.85803,192.552,-0.179418E-01
3.85864,192.582,-0.675436E-01
3.85925,192.613,0.161947E-01
3.85986,192.643,-0.596629E-02
3.86047,192.674,-0.923853E-02
3.86108,192.704,-0.373606E-01
3.86169,192.735,-0.956968E-01
3.86230,192.765,0.151124E-02
3.86292,192.796,0.687080E-01
3.86353,192.826,-0.103509E-01
3.86414,192.857,-0.926165E-02
3.86475,192.887,-0.474124E-01
3.86536,192.918,0.227583E-01
3.86597,192.948,-0.177335E-01
3.86658,192.978,-0.106977E-01
3.86719,193.009,0.311887E-01
3.86780,193.039,-0.619335E-02
3.86841,193.070,0.127200
3.86902,193.100,-0.120495
3.86963,193.131,0.199493E-02
3.87024,193.161,0.400087E-01
3.87085,193.192,0.880817E-01
3.87146,193.222,0.171967E-01
3.87207,193.253,-0.153878E-01
3.87268,193.283,-0.121486E-02
3.87329,193.314,0.535166E-01
3.87390,193.344,0.125951E-01
3.87451,193.374,0.193657E-01
3.87512,193.405,0.235051
3.87573,193.435,-0.607291E-01
3.87634,193.466,0.200063E-01
3.87695,193.496,-0.214178E-01
3.87756,193.527,-0.598142E-03
3.87817,193.557,-0.812073E-01
3.87878,193.588,0.170199E-01
3.87939,193.618,-0.570375E-01
3.88000,193.649,-0.359090E-01
3.88062,193.679,-0.401161E-01
3.88123,193.710,-0.178750E-01
3.88184,193.740,-0.165462E-03
3.88245,193.770,0.466046E-01
3.88306,193.801,-0.208940
3.88367,193.831,0.645810E-01
3.88428,193.862,0.354568E-01
3.88489,193.892,0.221668E-01
3.88550,193.923,-0.119234
3.88611,193.953,0.776958E-01
3.88672,193.984,-0.208721E-02
3.88733,194.014,-0.135737E-01
3.88794,194.045,-0.312778E-01
3.88855,194.075,0.865187E-02
3.88916,194.106,0.497074E-01
3.88977,194.136,0.900428E-02
3.89038,194.166,-0.104162
3.89099,194.197,0.351842E-01
3.89160,194.227,0.237132E-01
3.89221,194.258,0.103988E-01
3.89282,194.288,0.956223E-02
3.89343,194.319,0.130886E-01
3.89404,194.349,-0.248536E-02
3.89465,194.380,0.299226E-01
3.89526,194.410,0.307367E-01
3.89587,194.441,0.116684
3.89648,194.471,-0.274388E-01
3.89709,194.502,0.654908E-01
3.89771,194.532,-0.265369E-01
3.89832,194.563,0.842839E-01
3.89893,194.593,0.154591
3.89954,194.623,-0.390606E-01
3.90015,194.654,0.288842E-01
3.90076,194.684,0.386935E-01
3.90137,194.715,-0.396433E-01
3.90198,194.745,0.147742E-01
3.90259,194.776,0.641472E-01
3.90320,194.806,-0.258634E-01
3.90381,194.837,0.353502E-01
3.90442,194.867,-0.342942E-01
3.90503,194.898,-0.384226E-01
3.90564,194.928,0.656930E-02
3.90625,194.959,0.135735
3.90686,194.989,-0.232237E-01
3.90747,195.019,0.139403E-01
3.90808,195.050,-0.131773E-01
3.90869,195.080,-0.324939E-01
3.90930,195.111,0.717841E-01
3.90991,195.141,0.707790E-01
3.91052,195.172,-0.224487E-01
3.91113,195.202,0.794449E-02
3.91174,195.233,0.946291E-02
3.91235,195.263,-0.400406E-01
3.91296,195.294,0.591995E-01
3.91357,195.324,0.224801E-02
3.91418,195.355,0.115748E-01
3.91479,195.385,-0.116565E-01
3.91541,195.415,-0.149194
3.91602,195.446,0.856215E-02
3.91663,195.476,0.759803E-02
3.91724,195.507,0.437635E-01
3.91785,195.537,-0.199245E-01
3.91846,195.568,0.880547E-01
3.91907,195.598,0.238208E-01
3.91968,195.629,0.132552E-01
3.92029,195.659,-0.246970E-01
3.92090,195.690,-0.584820E-02
3.92151,195.720,0.322818E-02
3.92212,195.751,-0.184503
3.92273,195.781,0.501748E-02
3.92334,195.811,0.374595E-01
3.92395,195.842,0.224401
3.92456,195.872,0.498131E-01
3.92517,195.903,0.483535E-02
3.92578,195.933,0.169102E-01
3.92639,195.964,-0.673166E-02
3.92700,195.994,-0.212126E-01
3.92761,196.025,-0.243356E-01
3.92822,196.055,-0.991166E-02
3.92883,196.086,0.195410E-01
3.92944,196.116,0.189626
3.93005,196.147,0.636560E-01
3.93066,196.177,-0.617010E-01
3.93127,196.207,0.441259E-01
3.93188,196.238,-0.133022
3.93250,196.268,-0.187599
3.93311,196.299,-0.115276E-01
3.93372,196.329,0.248224E-01
3.93433,196.360,0.249869E-02
3.93494,196.390,-0.354240E-01
3.93555,196.421,0.239660E-01
3.93616,196.451,-0.321017E-01
3.93677,196.482,-0.396981E-01
3.93738,196.512,-0.839715E-01
3.93799,196.543,-0.581149E-02
3.93860,196.573,0.245941E-02
3.93921,196.603,0.255721E-01
3.93982,196.634,0.602433E-01
3.94043,196.664,-0.143365E-01
3.94104,196.695,0.360541E-01
3.94165,196.725,-0.621581E-01
3.94226,196.756,0.111346E-01
3.94287,196.786,-0.555733E-01
3.94348,196.817,0.676425E-01
3.94409,196.847,-0.147155E-01
3.94470,196.878,0.116984
3.94531,196.908,-0.971553E-01
3.94592,196.939,0.128600
3.94653,196.969,-0.215326E-01
3.94714,196.999,0.611396E-02
3.94775,197.030,0.107216
3.94836,197.060,0.238540E-01
3.94897,197.091,0.120438E-01
3.94958,197.121,0.158510
3.95020,197.152,-0.863335E-01
3.95081,197.182,-0.203117E-01
3.95142,197.213,0.954743E-02
3.95203,197.243,0.322258E-01
3.95264,197.274,0.951420E-03
3.95325,197.304,-0.497390E-01
3.95386,197.335,0.194311E-01
3.95447,197.365,-0.583645E-01
3.95508,197.395,0.693091E-01
3.95569,197.426,0.979388E-02
3.95630,197.456,0.571199E-02
3.95691,197.487,-0.252565E-02
3.95752,197.517,-0.228773
3.95813,197.548,0.411556E-01
3.95874,197.578,-0.419741E-01
3.95935,197.609,-0.195395E-01
3.95996,197.639,-0.308022E-01
3.96057,197.670,-0.300994E-02
3.96118,197.700,-0.117619
3.96179,197.731,-0.106718
3.96240,197.761,-0.230946E-01
3.96301,197.792,0.187732E-01
3.96362,197.822,0.939429E-01
3.96423,197.852,0.611348E-01
3.96484,197.883,-0.179362E-01
3.96545,197.913,0.997773E-02
3.96606,197.944,-0.124976
3.96667,197.974,-0.397130E-01
3.96729,198.005,-0.207652E-02
3.96790,198.035,-0.462192E-03
3.96851,198.066,-0.814261E-01
3.96912,198.096,-0.423645E-01
3.96973,198.127,-0.112833E-01
3.97034,198.157,0.192069E-01
3.97095,198.188,0.465510E-02
3.97156,198.218,0.139137E-01
3.97217,198.248,-0.689352E-01
3.97278,198.279,-0.203609E-01
3.97339,198.309,-0.437432E-03
3.97400,198.340,-0.261086E-01
3.97461,198.370,0.765225E-02
3.97522,198.401,-0.329871E-02
3.97583,198.431,0.118019
3.97644,198.462,-0.616269E-02
3.97705,198.492,0.782452E-03
3.97766,198.523,0.514006E-02
3.97827,198.553,0.769154E-01
3.97888,198.584,0.133024E-01
3.97949,198.614,0.533757E-02
3.98010,198.644,-0.182166E-01
3.98071,198.675,-0.265267E-01
3.98132,198.705,0.303406E-01
3.98193,198.736,-0.649369E-01
3.98254,198.766,0.499094E-01
3.98315,198.797,0.320657E-01
3.98376,198.827,0.115416E-01
3.98438,198.858,-0.149055E-01
3.98499,198.888,-0.986177E-01
3.98560,198.919,-0.346571E-03
3.98621,198.949,-0.218967E-01
3.98682,198.980,0.825660E-01
3.98743,199.010,0.772110E-03
3.98804,199.040,-0.257303E-01
3.98865,199.071,0.775154E-02
3.98926,199.101,-0.369873E-02
3.98987,199.132,-0.222505E-01
3.99048,199.162,-0.232161E-01
3.99109,199.193,-0.693297E-02
3.99170,199.223,0.761383E-02
3.99231,199.254,-0.320895E-01
3.99292,199.284,0.770605E-01
3.99353,199.315,0.454029E-01
3.99414,199.345,0.227043E-01
3.99475,199.376,-0.157655E-01
3.99536,199.406,0.175281E-01
3.99597,199.436,0.229020E-01
3.99658,199.467,0.228676E-01
3.99719,199.497,-0.451036E-02
3.99780,199.528,-0.237757E-01
3.99841,199.558,-0.268759E-02
3.99902,199.589,-0.494401E-03
3.99963,199.619,-0.102944
4.00024,199.650,-0.408513E-01
4.00085,199.680,-0.579110E-01
4.00146,199.711,-0.398187E-01
4.00208,199.741,0.449750E-01
4.00269,199.772,-0.872724E-02
4.00330,199.802,0.198435
4.00391,199.832,0.463821E-01
4.00452,199.863,-0.147986E-01
4.00513,199.893,-0.683385E-01
4.00574,199.924,0.812387E-02
4.00635,199.954,0.535514E-01
4.00696,199.985,0.117121E-01
4.00757,200.015,-0.230413E-01
4.00818,200.046,0.529998E-03
4.00879,200.076,-0.219550E-01
4.00940,200.107,0.535034E-01
4.01001,200.137,0.250156E-01
4.01062,200.168,0.339937E-01
4.01123,200.198,0.100569
4.01184,200.228,-0.178894E-02
4.01245,200.259,0.270803E-01
4.01306,200.289,0.204156E-01
4.01367,200.320,0.129934
4.01428,200.350,0.399510E-01
4.01489,200.381,-0.129108E-01
4.01550,200.411,-0.114842
4.01611,200.442,0.806970E-02
4.01672,200.472,0.300880E-01
4.01733,200.503,0.692594E-01
4.01794,200.533,0.512887E-01
4.01855,200.564,-0.674796E-01
4.01917,200.594,-0.506245E-01
4.01978,200.624,-0.876466E-02
4.02039,200.655,0.185826E-01
4.02100,200.685,0.155882
4.02161,200.716,-0.421331E-02
4.02222,200.746,-0.702671E-02
4.02283,200.777,0.413157E-01
4.02344,200.807,-0.776163E-01
4.02405,200.838,0.119224
4.02466,200.868,0.205670E-02
4.02527,200.899,-0.516486E-01
4.02588,200.929,0.594882E-01
4.02649,200.960,0.282197
4.02710,200.990,0.455711E-01
4.02771,201.021,0.299600E-02
4.02832,201.051,0.663125E-01
4.02893,201.081,-0.181793E-01
4.02954,201.112,0.902135E-01
4.03015,201.142,0.385237E-01
4.03076,201.173,-0.227512E-01
4.03137,201.203,-0.366029E-01
4.03198,201.234,-0.123858E-01
4.03259,201.264,-0.320052E-01
4.03320,201.295,-0.477702E-01
4.03381,201.325,0.167298E-01
4.03442,201.356,-0.124981E-01
4.03503,201.386,-0.123750E-01
4.03564,201.417,0.269554E-02
4.03625,201.447,-0.249121E-02
4.03687,201.477,-0.850378E-02
4.03748,201.508,0.199328E-01
4.03809,201.538,0.222070E-01
4.03870,201.569,0.811444E-01
4.03931,201.599,0.252804E-02
4.03992,201.630,0.345216E-01
4.04053,201.660,-0.169124
4.04114,201.691,0.312973E-02
4.04175,201.721,-0.286736E-01
4.04236,201.752,0.130101E-01
4.04297,201.782,0.256333
4.04358,201.813,-0.483258E-01
4.04419,201.843,-0.904782E-01
4.04480,201.873,0.813448E-01
4.04541,201.904,-0.369411E-01
4.04602,201.934,0.262382E-01
4.04663,201.965,0.402817E-02
4.04724,201.995,-0.122236E-01
4.04785,202.026,0.756869E-01
4.04846,202.056,-0.514010E-01
4.04907,202.087,0.532391E-01
4.04968,202.117,0.149910
4.05029,202.148,0.862737E-02
4.05090,202.178,-0.100896
4.05151,202.209,0.460552E-01
4.05212,202.239,0.301970E-02
4.05273,202.269,0.147003E-01
4.05334,202.300,-0.205513E-01
4.05396,202.330,0.412032E-01
4.05457,202.361,-0.261600E-01
4.05518,202.391,-0.476886E-01
4.05579,202.422,0.328285E-01
4.05640,202.452,-0.307864E-01
4.05701,202.483,-0.515630E-01
4.05762,202.513,-0.313252E-03
4.05823,202.544,0.361397E-01
4.05884,202.574,-0.281980E-02
4.05945,202.605,0.415178E-01
4.06006,202.635,0.704045E-01
4.06067,202.665,-0.469882E-02
4.06128,202.696,0.681449E-01
4.06189,202.726,0.920970E-01
4.06250,202.757,0.149104E-01
4.06311,202.787,0.203869
4.06372,202.818,-0.317411E-02
4.06433,202.848,-0.461349E-02
4.06494,202.879,0.552972E-01
4.06555,202.909,0.452440E-01
4.06616,202.940,0.138434E-02
4.06677,202.970,-0.182738E-01
4.06738,203.001,-0.267854E-01
4.06799,203.031,0.238660E-01
4.06860,203.061,-0.629481E-01
4.06921,203.092,-0.119499E-01
4.06982,203.122,-0.145781
4.07043,203.153,-0.210728E-01
4.07104,203.183,0.167140
4.07166,203.214,-0.802507E-02
4.07227,203.244,0.284004E-01
4.07288,203.275,0.238038E-01
4.07349,203.305,-0.352040E-01
4.07410,203.336,-0.258652
4.07471,203.366,0.202419E-02
4.07532,203.397,-0.620751E-01
4.07593,203.427,-0.989405E-02
4.07654,203.457,0.456318E-01
4.07715,203.488,-0.135304E-01
4.07776,203.518,-0.116647E-02
4.07837,203.549,-0.264119E-01
4.07898,203.579,0.822821E-02
4.07959,203.610,0.106766
4.08020,203.640,0.240752E-01
4.08081,203.671,0.143059E-01
4.08142,203.701,0.152809
4.08203,203.732,0.962859E-02
4.08264,203.762,0.350101E-01
4.08325,203.793,-0.165939E-01
4.08386,203.823,0.548399E-01
4.08447,203.853,0.346026E-01
4.08508,203.884,-0.345927E-01
4.08569,203.914,0.596778E-01
4.08630,203.945,-0.308036E-01
4.08691,203.975,-0.524929E-01
4.08752,204.006,0.510490E-01
4.08813,204.036,-0.136004
4.08875,204.067,0.399418E-01
4.08936,204.097,0.478986E-02
4.08997,204.128,0.101734
4.09058,204.158,0.336929E-02
4.09119,204.189,-0.294075E-01
4.09180,204.219,-0.442165E-01
4.09241,204.250,-0.879823E-01
4.09302,204.280,-0.533304E-03
4.09363,204.310,0.854966E-01
4.09424,204.341,-0.133166E-02
4.09485,204.371,-0.303855E-01
4.09546,204.402,-0.605808E-02
4.09607,204.432,0.275846E-01
4.09668,204.463,0.891176E-02
4.09729,204.493,0.308634E-01
4.09790,204.524,0.381776E-01
4.09851,204.554,-0.112875E-01
4.09912,204.585,0.112481E-01
4.09973,204.615,-0.576221E-02
4.10034,204.646,0.338593E-01
4.10095,204.676,0.937093E-01
4.10156,204.706,0.694331E-01
4.10217,204.737,0.224771E-01
4.10278,204.767,0.120729
4.10339,204.798,-0.120203
4.10400,204.828,-0.338291E-01
4.10461,204.859,0.103907E-02
4.10522,204.889,0.414340E-01
4.10583,204.920,0.344235E-01
4.10645,204.950,0.394777E-01
4.10706,204.981,0.573034E-01
4.10767,205.011,-0.387933E-01
4.10828,205.042,0.175565E-01
4.10889,205.072,0.284905E-01
4.10950,205.102,0.131029E-01
4.11011,205.133,-0.165029E-02
4.11072,205.163,0.180953E-01
4.11133,205.194,-0.691114E-01
4.11194,205.224,0.471535E-02
4.11255,205.255,-0.447326E-01
4.11316,205.285,-0.150223
4.11377,205.316,0.320084E-01
4.11438,205.346,0.105836
4.11499,205.377,0.346119E-01
4.11560,205.407,0.431833E-01
4.11621,205.438,0.484669E-02
4.11682,205.468,0.172513E-01
4.11743,205.498,0.500166E-01
4.11804,205.529,-0.294972E-01
4.11865,205.559,-0.406862E-02
4.11926,205.590,-0.451107E-01
4.11987,205.620,0.441570E-01
4.12048,205.651,-0.908545E-02
4.12109,205.681,0.231988
4.12170,205.712,-0.617490E-02
4.12231,205.742,0.130486
4.12292,205.773,-0.111464E-01
4.12354,205.803,-0.464699E-01
4.12415,205.834,-0.479374E-02
4.12476,205.864,0.611060E-01
4.12537,205.894,0.325863E-01
4.12598,205.925,-0.180663E-01
4.12659,205.955,0.140726E-01
4.12720,205.986,-0.294985E-01
4.12781,206.016,-0.216462E-01
4.12842,206.047,0.410020E-01
4.12903,206.077,0.464215E-01
4.12964,206.108,0.415712E-01
4.13025,206.138,0.775176E-01
4.13086,206.169,0.658481E-01
4.13147,206.199,0.119144
4.13208,206.230,0.257966E-02
4.13269,206.260,0.694757E-01
4.13330,206.290,0.918104E-02
4.13391,206.321,0.150954
4.13452,206.351,0.782475E-01
4.13513,206.382,-0.393063E-01
4.13574,206.412,0.313791E-02
4.13635,206.443,0.598918E-02
4.13696,206.473,-0.973805E-02
4.13757,206.504,0.385417E-02
4.13818,206.534,0.330942E-03
4.13879,206.565,0.811062E-01
4.13940,206.595,-0.790674E-01
4.14001,206.626,-0.296472E-01
4.14062,206.656,-0.270504E-01
4.14124,206.686,-0.125376E-01
4.14185,206.717,0.633897E-01
4.14246,206.747,0.734011E-01
4.14307,206.778,-0.380413E-03
4.14368,206.808,-0.314412E-01
4.14429,206.839,0.143984E-01
4.14490,206.869,-0.216042E-01
4.14551,206.900,-0.798964E-01
4.14612,206.930,0.394621E-01
4.14673,206.961,0.137387E-01
4.14734,206.991,-0.868042E-02
4.14795,207.022,-0.181028E-01
4.14856,207.052,0.397838E-01
4.14917,207.082,-0.417421E-01
4.14978,207.113,-0.222062E-01
4.15039,207.143,0.549428E-01
4.15100,207.174,0.184400
4.15161,207.204,-0.623513E-01
4.15222,207.235,-0.685753E-01
4.15283,207.265,-0.671901E-01
4.15344,207.296,-0.312593E-01
4.15405,207.326,-0.515285E-01
4.15466,207.357,0.918554E-02
4.15527,207.387,0.903582E-01
4.15588,207.418,0.734395E-02
4.15649,207.448,0.479267E-01
4.15710,207.479,-0.287537E-01
4.15771,207.509,-0.389215E-02
4.15833,207.539,-0.573807E-01
4.15894,207.570,0.621567E-01
4.15955,207.600,-0.520148E-01
4.16016,207.631,0.196835E-01
4.16077,207.661,-0.678160E-01
4.16138,207.692,0.350987E-02
4.16199,207.722,0.596489E-01
4.16260,207.753,0.876794E-01
4.16321,207.783,0.130019E-01
4.16382,207.814,-0.195574E-01
4.16443,207.844,0.113614E-01
4.16504,207.875,0.529615E-01
4.16565,207.905,-0.663309E-02
4.16626,207.935,0.366760E-01
4.16687,207.966,-0.308995E-02
4.16748,207.996,0.633795E-02
4.16809,208.027,-0.431716E-01
4.16870,208.057,0.150787E-01
4.16931,208.088,-0.246001E-01
4.16992,208.118,0.240782E-02
4.17053,208.149,0.202669E-01
4.17114,208.179,-0.771644E-02
4.17175,208.210,-0.146341E-03
4.17236,208.240,0.104908
4.17297,208.271,0.192282E-01
4.17358,208.301,0.802564E-02
4.17419,208.331,-0.196801E-01
4.17480,208.362,0.145557
4.17542,208.392,-0.100832E-02
4.17603,208.423,-0.858549E-02
4.17664,208.453,-0.103088E-02
4.17725,208.484,0.107497E-01
4.17786,208.514,-0.305961E-01
4.17847,208.545,0.278569E-01
4.17908,208.575,-0.150676
4.17969,208.606,0.984347E-02
4.18030,208.636,-0.452521E-01
4.18091,208.667,0.113024
4.18152,208.697,0.155154E-01
4.18213,208.727,0.675446E-01
4.18274,208.758,-0.225177E-01
4.18335,208.788,0.488767E-01
4.18396,208.819,0.119613E-01
4.18457,208.849,0.522248E-01
4.18518,208.880,-0.266594E-01
4.18579,208.910,-0.493904E-01
4.18640,208.941,-0.115964
4.18701,208.971,-0.672000E-01
4.18762,209.002,-0.303721E-01
4.18823,209.032,-0.160056E-01
4.18884,209.063,-0.910011E-01
4.18945,209.093,0.954092E-02
4.19006,209.123,-0.122135E-02
4.19067,209.154,0.311275E-01
4.19128,209.184,0.640175E-01
4.19189,209.215,0.515628E-01
4.19250,209.245,0.793295E-01
4.19312,209.276,0.852516E-01
4.19373,209.306,0.302383E-01
4.19434,209.337,-0.136909E-01
4.19495,209.367,0.149810
4.19556,209.398,-0.100460E-01
4.19617,209.428,0.434314E-01
4.19678,209.459,-0.208475E-01
4.19739,209.489,0.919480E-01
4.19800,209.519,-0.305905E-02
4.19861,209.550,-0.974535E-02
4.19922,209.580,0.283506E-01
4.19983,209.611,-0.107030E-02
4.20044,209.641,-0.635345E-01
4.20105,209.672,0.710870E-01
4.20166,209.702,0.663178E-02
4.20227,209.733,-0.140141E-01
4.20288,209.763,-0.450922E-02
4.20349,209.794,-0.310333E-01
4.20410,209.824,0.470604E-01
4.20471,209.855,0.655358E-01
4.20532,209.885,-0.174055
4.20593,209.915,-0.210804E-01
4.20654,209.946,-0.238477E-01
4.20715,209.976,0.179245E-02
4.20776,210.007,-0.673912E-01
4.20837,210.037,0.315878E-01
4.20898,210.068,-0.149386E-02
4.20959,210.098,0.123375E-01
4.21021,210.129,0.218005E-01
4.21082,210.159,0.656835E-04
4.21143,210.190,-0.281865E-01
4.21204,210.220,-0.692588E-01
4.21265,210.251,-0.186843E-01
4.21326,210.281,0.469052E-01
4.21387,210.311,-0.866009E-01
4.21448,210.342,0.237629E-01
4.21509,210.372,-0.535389E-01
4.21570,210.403,-0.134339E-01
4.21631,210.433,-0.100642E-01
4.21692,210.464,-0.904579E-02
4.21753,210.494,0.377778E-01
4.21814,210.525,-0.122133E-01
4.21875,210.555,0.356991E-02
4.21936,210.586,-0.187167E-01
4.21997,210.616,-0.753798E-03
4.22058,210.647,0.598172E-01
4.22119,210.677,-0.931126E-01
4.22180,210.708,0.264940E-03
4.22241,210.738,0.742290E-01
4.22302,210.768,0.313690
4.22363,210.799,-0.101404E-01
4.22424,210.829,-0.601724E-01
4.22485,210.860,0.242560E-01
4.22546,210.890,-0.156480E-01
4.22607,210.921,0.353263E-01
4.22668,210.951,-0.633576E-01
4.22729,210.982,0.113100E-01
4.22791,211.012,0.478380E-01
4.22852,211.043,-0.296153E-02
4.22913,211.073,-0.491126E-01
4.22974,211.104,-0.437077E-01
4.23035,211.134,0.978051E-01
4.23096,211.164,0.509400E-02
4.23157,211.195,-0.982522E-02
4.23218,211.225,0.127760
4.23279,211.256,-0.433261E-01
4.23340,211.286,-0.999559E-01
4.23401,211.317,-0.189545E-01
4.23462,211.347,0.117472E-01
4.23523,211.378,0.346700E-01
4.23584,211.408,-0.200511E-01
4.23645,211.439,-0.651043E-01
4.23706,211.469,0.427286E-02
4.23767,211.500,0.204803
4.23828,211.530,-0.817496E-01
4.23889,211.560,0.121224E-01
4.23950,211.591,-0.177448
4.24011,211.621,0.158130E-02
4.24072,211.652,0.115985
4.24133,211.682,-0.355548E-01
4.24194,211.713,0.172034
4.24255,211.743,-0.604068E-01
4.24316,211.774,0.363588E-01
4.24377,211.804,0.268929E-02
4.24438,211.835,0.716807E-03
4.24500,211.865,-0.436322E-01
4.24561,211.896,-0.615007E-01
4.24622,211.926,0.101253
4.24683,211.956,-0.324588E-01
4.24744,211.987,-0.258045E-01
4.24805,212.017,0.348046E-01
4.24866,212.048,0.405599E-01
4.24927,212.078,0.392959E-01
4.24988,212.109,-0.116030E-01
4.25049,212.139,-0.951932E-01
4.25110,212.170,0.485794E-02
4.25171,212.200,-0.211046E-02
4.25232,212.231,0.703366E-01
4.25293,212.261,0.117642E-01
4.25354,212.292,0.491159E-01
4.25415,212.322,-0.348904E-01
4.25476,212.352,0.733262E-01
4.25537,212.383,0.109748
4.25598,212.413,-0.751385E-01
4.25659,212.444,-0.601477E-02
4.25720,212.474,-0.748997E-02
4.25781,212.505,-0.563520E-03
4.25842,212.535,0.103926
4.25903,212.566,0.278133E-01
4.25964,212.596,-0.412500E-01
4.26025,212.627,-0.374805E-01
4.26086,212.657,-0.163860E-01
4.26147,212.688,0.359814E-02
4.26208,212.718,-0.786127E-01
4.26270,212.748,-0.177510E-01
4.26331,212.779,0.177890E-01
4.26392,212.809,-0.495790E-02
4.26453,212.840,-0.111860
4.26514,212.870,0.486483E-02
4.26575,212.901,0.553001E-01
4.26636,212.931,-0.121025E-01
4.26697,212.962,-0.128672E-01
4.26758,212.992,0.761922E-01
4.26819,213.023,-0.185702
4.26880,213.053,0.178551E-01
4.26941,213.084,0.166855E-01
4.27002,213.114,0.959247E-01
4.27063,213.144,0.270985E-01
4.27124,213.175,0.365971E-01
4.27185,213.205,0.240884E-02
4.27246,213.236,0.358427E-02
4.27307,213.266,-0.293326E-01
4.27368,213.297,0.134739E-01
4.27429,213.327,-0.764147E-02
4.27490,213.358,-0.354075E-02
4.27551,213.388,-0.691828E-02
4.27612,213.419,-0.214938E-01
4.27673,213.449,-0.228261E-02
4.27734,213.480,-0.230114E-02
4.27795,213.510,-0.927558E-01
4.27856,213.540,-0.470438E-01
4.27917,213.571,-0.455733E-01
4.27979,213.601,-0.694296E-01
4.28040,213.632,-0.754461E-01
4.28101,213.662,0.789887E-01
4.28162,213.693,-0.276811E-01
4.28223,213.723,0.664916E-02
4.28284,213.754,-0.100518E-01
4.28345,213.784,-0.112334E-01
4.28406,213.815,0.980440E-01
4.28467,213.845,0.246394E-03
4.28528,213.876,-0.350721E-02
4.28589,213.906,-0.543975E-02
4.28650,213.937,0.803050E-01
4.28711,213.967,0.229592E-01
4.28772,213.997,-0.319456E-01
4.28833,214.028,-0.396778E-01
4.28894,214.058,0.394180E-01
4.28955,214.089,0.121269E-01
4.29016,214.119,-0.114009
4.29077,214.150,0.287024E-01
4.29138,214.180,0.250333E-01
4.29199,214.211,0.175685E-01
4.29260,214.241,-0.232728E-01
4.29321,214.272,0.190729E-01
4.29382,214.302,-0.500947E-01
4.29443,214.333,0.411735E-01
4.29504,214.363,-0.811731E-01
4.29565,214.393,-0.583695E-02
4.29626,214.424,0.812696E-03
4.29688,214.454,-0.294089E-01
4.29749,214.485,-0.612664E-01
4.29810,214.515,0.631947E-01
4.29871,214.546,0.333335E-01
4.29932,214.576,0.274173E-01
4.29993,214.607,0.143858E-01
4.30054,214.637,-0.799156E-01
4.30115,214.668,-0.132285E-01
4.30176,214.698,0.124687
4.30237,214.729,0.126742
4.30298,214.759,0.393247E-01
4.30359,214.789,0.907484E-02
4.30420,214.820,-0.380882E-02
4.30481,214.850,0.620847E-01
4.30542,214.881,0.491652E-01
4.30603,214.911,-0.854117E-02
4.30664,214.942,-0.303128E-01
4.30725,214.972,-0.337179E-01
4.30786,215.003,-0.281273E-01
4.30847,215.033,0.425940E-02
4.30908,215.064,-0.438006E-02
4.30969,215.094,0.107434
4.31030,215.125,-0.126394E-01
4.31091,215.155,0.354381E-01
4.31152,215.185,0.155965E-01
4.31213,215.216,0.183573E-02
4.31274,215.246,0.724015E-02
4.31335,215.277,-0.227171E-02
4.31396,215.307,0.509276E-02
4.31458,215.338,0.197208E-01
4.31519,215.368,-0.301262E-02
4.31580,215.399,-0.177285E-01
4.31641,215.429,-0.539656E-01
4.31702,215.460,0.435501E-02
4.31763,215.490,-0.318370E-01
4.31824,215.521,-0.717993E-02
4.31885,215.551,0.210752E-01
4.31946,215.581,-0.570644E-01
4.32007,215.612,0.355138E-01
4.32068,215.642,0.693999E-01
4.32129,215.673,-0.417360E-01
4.32190,215.703,0.206529E-01
4.32251,215.734,-0.149591E-01
4.32312,215.764,-0.130528E-01
4.32373,215.795,-0.407500E-01
4.32434,215.825,0.487988E-02
4.32495,215.856,-0.682987E-01
4.32556,215.886,0.230321E-01
4.32617,215.917,0.212475E-01
4.32678,215.947,0.241477E-02
4.32739,215.977,0.324560E-01
4.32800,216.008,0.354610E-01
4.32861,216.038,-0.340657E-01
4.32922,216.069,0.142685E-01
4.32983,216.099,0.290511E-01
4.33044,216.130,0.121267E-01
4.33105,216.160,0.113446E-01
4.33167,216.191,0.606568E-01
4.33228,216.221,0.111216
4.33289,216.252,0.164443E-01
4.33350,216.282,0.376639E-02
4.33411,216.313,-0.277817E-01
4.33472,216.343,0.140581E-01
4.33533,216.373,0.344042E-01
4.33594,216.404,-0.194718E-01
4.33655,216.434,0.210979E-01
4.33716,216.465,0.489221E-01
4.33777,216.495,-0.477628E-01
4.33838,216.526,0.689476E-01
4.33899,216.556,0.108180E-02
4.33960,216.587,0.106128E-01
4.34021,216.617,0.343921E-01
4.34082,216.648,-0.327596E-01
4.34143,216.678,-0.614682E-02
4.34204,216.709,0.123220E-01
4.34265,216.739,-0.570998E-02
4.34326,216.769,-0.806131E-01
4.34387,216.800,0.187463E-01
4.34448,216.830,-0.171246E-01
4.34509,216.861,0.205160E-01
4.34570,216.891,0.776528E-01
4.34631,216.922,0.213268E-01
4.34692,216.952,0.379874E-01
4.34753,216.983,0.139703E-01
4.34814,217.013,-0.281051E-01
4.34875,217.044,0.109231
4.34937,217.074,0.142805E-01
4.34998,217.105,-0.104193E-01
4.35059,217.135,0.791353E-01
4.35120,217.166,0.569076E-01
4.35181,217.196,-0.101827E-01
4.35242,217.226,0.211009
4.35303,217.257,0.138864E-01
4.35364,217.287,0.248717E-01
4.35425,217.318,-0.126342
4.35486,217.348,0.195717E-01
4.35547,217.379,-0.241308E-02
4.35608,217.409,-0.751278E-01
4.35669,217.440,0.367272E-01
4.35730,217.470,-0.348346E-01
4.35791,217.501,0.802280E-01
4.35852,217.531,-0.892570E-01
4.35913,217.562,0.250307E-01
4.35974,217.592,-0.662338E-01
4.36035,217.622,-0.172958E-01
4.36096,217.653,-0.164871E-01
4.36157,217.683,0.236651E-01
4.36218,217.714,-0.220310E-02
4.36279,217.744,0.438569E-01
4.36340,217.775,0.251143
4.36401,217.805,0.220805E-01
4.36462,217.836,0.703060E-01
4.36523,217.866,0.756228E-02
4.36584,217.897,-0.103481E-01
4.36646,217.927,0.192156E-01
4.36707,217.958,-0.260973E-01
4.36768,217.988,-0.101394
4.36829,218.018,-0.263883E-02
4.36890,218.049,0.780353E-01
4.36951,218.079,-0.290755E-01
4.37012,218.110,0.116849E-02
4.37073,218.140,0.285256E-01
4.37134,218.171,-0.710246E-01
4.37195,218.201,-0.166439E-01
4.37256,218.232,0.329995E-01
4.37317,218.262,-0.674106E-01
4.37378,218.293,0.233328E-01
4.37439,218.323,-0.128556E-01
4.37500,218.354,-0.424605E-02
4.37561,218.384,-0.506879E-01
4.37622,218.414,-0.105032
4.37683,218.445,-0.106334E-01
4.37744,218.475,0.105849
4.37805,218.506,0.686022E-02
4.37866,218.536,0.230026E-01
4.37927,218.567,0.220670E-01
4.37988,218.597,0.861799E-01
4.38049,218.628,-0.244422E-01
4.38110,218.658,-0.648344E-01
4.38171,218.689,-0.285069E-01
4.38232,218.719,0.694101E-02
4.38293,218.750,-0.163006E-01
4.38354,218.780,0.916383E-01
4.38416,218.810,0.111933E-01
4.38477,218.841,-0.293069E-01
4.38538,218.871,-0.514755E-01
4.38599,218.902,-0.586147E-01
4.38660,218.932,0.305791E-01
4.38721,218.963,0.382165E-01
4.38782,218.993,-0.549322E-01
4.38843,219.024,0.909913E-02
4.38904,219.054,-0.750641E-01
4.38965,219.085,-0.819773E-02
4.39026,219.115,-0.201788E-01
4.39087,219.146,-0.859908E-02
4.39148,219.176,-0.463244E-02
4.39209,219.206,-0.824979E-02
4.39270,219.237,0.141153E-01
4.39331,219.267,-0.218345E-02
4.39392,219.298,0.580927E-02
4.39453,219.328,0.128185
4.39514,219.359,-0.432472E-01
4.39575,219.389,0.204394E-02
4.39636,219.420,-0.406368E-01
4.39697,219.450,-0.955376E-02
4.39758,219.481,0.625557E-01
4.39819,219.511,-0.864049E-02
4.39880,219.542,0.505015E-01
4.39941,219.572,0.972175E-02
4.40002,219.602,-0.280795E-01
4.40063,219.633,0.141121E-02
4.40125,219.663,-0.253034E-01
4.40186,219.694,0.325947E-01
4.40247,219.724,0.150836E-01
4.40308,219.755,0.221172E-01
4.40369,219.785,0.283058E-01
4.40430,219.816,0.293270E-01
4.40491,219.846,0.295022E-01
4.40552,219.877,0.654354E-02
4.40613,219.907,0.269854E-01
4.40674,219.938,0.128541E-01
4.40735,219.968,-0.206644E-01
4.40796,219.998,-0.323328E-01
4.40857,220.029,0.682547E-02
4.40918,220.059,-0.360558E-02
4.40979,220.090,0.312255E-01
4.41040,220.120,0.335703E-01
4.41101,220.151,0.113678
4.41162,220.181,-0.943029E-01
4.41223,220.212,0.288501E-02
4.41284,220.242,-0.301821E-01
4.41345,220.273,-0.154844
4.41406,220.303,-0.417581E-02
4.41467,220.334,-0.286878E-01
4.41528,220.364,0.453120E-01
4.41589,220.395,-0.554198E-02
4.41650,220.425,0.293744E-03
4.41711,220.455,0.403556E-02
4.41772,220.486,-0.311403E-01
4.41833,220.516,-0.199816E-01
4.41895,220.547,-0.960229E-02
4.41956,220.577,0.828026E-02
4.42017,220.608,0.141218E-02
4.42078,220.638,-0.343666E-02
4.42139,220.669,-0.855345E-02
4.42200,220.699,-0.310593E-01
4.42261,220.730,0.269881E-01
4.42322,220.760,-0.427678E-01
4.42383,220.791,0.310606E-01
4.42444,220.821,-0.166271E-01
4.42505,220.851,-0.382258E-02
4.42566,220.882,0.554863E-01
4.42627,220.912,0.124022E-01
4.42688,220.943,0.732500E-01
4.42749,220.973,-0.202105E-01
4.42810,221.004,0.868686E-02
4.42871,221.034,-0.114221
4.42932,221.065,0.623769E-01
4.42993,221.095,-0.306682E-02
4.43054,221.126,0.152166E-01
4.43115,221.156,0.987707E-01
4.43176,221.187,-0.711292E-02
4.43237,221.217,0.349334E-01
4.43298,221.247,-0.244164E-01
4.43359,221.278,0.529616E-01
4.43420,221.308,-0.142828E-02
4.43481,221.339,-0.137815E-01
4.43542,221.369,0.261861E-01
4.43604,221.400,0.138366E-01
4.43665,221.430,0.447906E-01
4.43726,221.461,-0.116401
4.43787,221.491,0.119395
4.43848,221.522,0.563183E-02
4.43909,221.552,-0.221412E-01
4.43970,221.583,0.201278E-01
4.44031,221.613,0.789900E-01
4.44092,221.643,-0.394374E-01
4.44153,221.674,-0.194768
4.44214,221.704,-0.153380E-01
4.44275,221.735,0.756070E-01
4.44336,221.765,-0.544977E-01
4.44397,221.796,0.880997E-01
4.44458,221.826,-0.975452E-02
4.44519,221.857,-0.192722E-01
4.44580,221.887,-0.604277E-03
4.44641,221.918,-0.250138E-01
4.44702,221.948,-0.861277E-01
4.44763,221.979,-0.513593E-01
4.44824,222.009,-0.125203E-01
4.44885,222.039,0.151211E-01
4.44946,222.070,0.725682E-01
4.45007,222.100,0.381741E-01
4.45068,222.131,0.300577E-01
4.45129,222.161,-0.445320E-02
4.45190,222.192,-0.763195E-03
4.45251,222.222,0.699488E-01
4.45312,222.253,0.326979E-02
4.45374,222.283,0.334678E-01
4.45435,222.314,0.184533E-01
4.45496,222.344,-0.787438E-02
4.45557,222.375,-0.633788E-01
4.45618,222.405,0.129676E-02
4.45679,222.435,0.567614E-02
4.45740,222.466,0.653306E-01
4.45801,222.496,0.860861E-02
4.45862,222.527,0.864772E-02
4.45923,222.557,0.823042E-03
4.45984,222.588,-0.105291E-02
4.46045,222.618,0.319531E-01
4.46106,222.649,0.480162E-01
4.46167,222.679,-0.135988E-01
4.46228,222.710,-0.841261E-01
4.46289,222.740,-0.153135E-01
4.46350,222.771,0.959272E-01
4.46411,222.801,0.333716E-01
4.46472,222.831,0.245201E-01
4.46533,222.862,0.156353
4.46594,222.892,0.257876E-01
4.46655,222.923,0.604069E-01
4.46716,222.953,0.808986E-01
4.46777,222.984,-0.316968E-01
4.46838,223.014,-0.204919E-02
4.46899,223.045,0.549320E-01
4.46960,223.075,0.540982E-01
4.47021,223.106,0.151033E-01
4.47083,223.136,0.414245E-01
4.47144,223.167,0.108937
4.47205,223.197,0.206006E-01
4.47266,223.227,0.936364E-01
4.47327,223.258,0.318452E-02
4.47388,223.288,0.468720E-01
4.47449,223.319,-0.194008E-01
4.47510,223.349,0.215995E-01
4.47571,223.380,0.416085E-01
4.47632,223.410,0.271934E-01
4.47693,223.441,0.763724E-01
4.47754,223.471,0.856179E-01
4.47815,223.502,0.465906E-02
4.47876,223.532,-0.470456E-02
4.47937,223.563,0.582044E-01
4.47998,223.593,0.187875E-01
4.48059,223.624,0.969648E-01
4.48120,223.654,0.186724E-01
4.48181,223.684,-0.404834E-01
4.48242,223.715,0.174026E-01
4.48303,223.745,0.941466E-01
4.48364,223.776,-0.410787E-01
4.48425,223.806,0.151773E-01
4.48486,223.837,-0.157033E-01
4.48547,223.867,0.216641E-01
4.48608,223.898,0.632112E-01
4.48669,223.928,-0.711517E-01
4.48730,223.959,0.577872E-01
4.48792,223.989,-0.499365E-01
4.48853,224.020,-0.129264E-02
4.48914,224.050,-0.456025E-01
4.48975,224.080,-0.337778E-01
4.49036,224.111,0.149415E-01
4.49097,224.141,-0.463457E-01
4.49158,224.172,0.366650E-01
4.49219,224.202,-0.715748E-01
4.49280,224.233,0.861620E-01
4.49341,224.263,0.109915E-01
4.49402,224.294,-0.484661E-02
4.49463,224.324,-0.401793E-01
4.49524,224.355,-0.180907
4.49585,224.385,0.828295E-01
4.49646,224.416,0.436331E-01
4.49707,224.446,-0.979243E-03
4.49768,224.476,-0.595152E-01
4.49829,224.507,-0.249559E-02
4.49890,224.537,-0.463150E-01
4.49951,224.568,-0.529465E-02
4.50012,224.598,0.963243E-01
4.50073,224.629,0.697698E-01
4.50134,224.659,0.192347E-01
4.50195,224.690,0.115017
4.50256,224.720,-0.886755E-02
4.50317,224.751,-0.292853E-01
4.50378,224.781,-0.341449E-02
4.50439,224.812,0.179205
4.50500,224.842,0.267496E-01
4.50562,224.872,0.170374E-01
4.50623,224.903,-0.364224E-01
4.50684,224.933,-0.979238E-01
4.50745,224.964,0.476331E-01
4.50806,224.994,-0.857584E-02
4.50867,225.025,-0.166847E-01
4.50928,225.055,0.101256
4.50989,225.086,0.764160E-02
4.51050,225.116,-0.491460E-01
4.51111,225.147,-0.152975E-01
4.51172,225.177,-0.411509E-01
4.51233,225.208,0.453329E-01
4.51294,225.238,0.255496E-01
4.51355,225.268,0.764251E-01
4.51416,225.299,-0.886846E-02
4.51477,225.329,0.683158E-01
4.51538,225.360,0.551605E-02
4.51599,225.390,-0.179571E-01
4.51660,225.421,0.689668E-01
4.51721,225.451,-0.436724E-01
4.51782,225.482,0.891643E-02
4.51843,225.512,0.402237E-01
4.51904,225.543,-0.768623E-01
4.51965,225.573,-0.157574E-01
4.52026,225.604,0.360568E-01
4.52087,225.634,0.156424E-01
4.52148,225.664,-0.981124E-02
4.52209,225.695,-0.994268E-02
4.52271,225.725,0.191055E-01
4.52332,225.756,0.602582E-01
4.52393,225.786,-0.551932E-01
4.52454,225.817,-0.215459E-01
4.52515,225.847,-0.517482E-02
4.52576,225.878,0.135507
4.52637,225.908,0.102253E-01
4.52698,225.939,0.103529
4.52759,225.969,0.202076E-01
4.52820,226.000,-0.131596E-01
4.52881,226.030,0.100459E-01
4.52942,226.060,-0.518755E-02
4.53003,226.091,-0.152586E-01
4.53064,226.121,0.607072E-01
4.53125,226.152,-0.855394E-03
4.53186,226.182,-0.106083E-01
4.53247,226.213,0.714543E-02
4.53308,226.243,0.184469E-01
4.53369,226.274,0.564803E-01
4.53430,226.304,-0.688960E-01
4.53491,226.335,0.126779
4.53552,226.365,0.485517E-01
4.53613,226.396,0.308214E-01
4.53674,226.426,-0.518168E-03
4.53735,226.456,0.184923E-01
4.53796,226.487,0.231594E-01
4.53857,226.517,-0.126197
4.53918,226.548,0.156518E-01
4.53979,226.578,-0.371360E-01
4.54041,226.609,0.523684E-01
4.54102,226.639,0.715936E-02
4.54163,226.670,0.718491E-01
4.54224,226.700,0.226987E-01
4.54285,226.731,-0.467072E-02
4.54346,226.761,-0.202640E-02
4.54407,226.792,-0.754583E-02
4.54468,226.822,0.377577E-01
4.54529,226.853,0.260759E-01
4.54590,226.883,-0.136040E-02
4.54651,226.913,-0.127405
4.54712,226.944,0.849999E-01
4.54773,226.974,0.270745E-01
4.54834,227.005,-0.141656E-01
4.54895,227.035,0.879409E-02
4.54956,227.066,0.611079E-01
4.55017,227.096,-0.107319E-03
4.55078,227.127,-0.196164E-02
4.55139,227.157,-0.579847E-01
4.55200,227.188,0.837377E-01
4.55261,227.218,-0.103558
4.55322,227.249,-0.292809E-01
4.55383,227.279,0.587744E-01
4.55444,227.309,-0.103847
4.55505,227.340,0.608100E-01
4.55566,227.370,0.238893E-02
4.55627,227.401,0.104309E-01
4.55688,227.431,-0.707690E-02
4.55750,227.462,-0.891651E-01
4.55811,227.492,0.103659E-01
4.55872,227.523,0.572251E-01
4.55933,227.553,0.536609E-01
4.55994,227.584,0.660968E-01
4.56055,227.614,-0.594654E-01
4.56116,227.645,-0.214800E-01
4.56177,227.675,0.212411E-03
4.56238,227.705,0.730526E-01
4.56299,227.736,0.163166E-01
4.56360,227.766,-0.724824E-01
4.56421,227.797,0.380925E-01
4.56482,227.827,0.132379
4.56543,227.858,0.163276E-01
4.56604,227.888,-0.555937E-01
4.56665,227.919,0.776645E-01
4.56726,227.949,-0.888056E-01
4.56787,227.980,-0.236105E-01
4.56848,228.010,0.127518E-01
4.56909,228.041,-0.147011E-01
4.56970,228.071,-0.113961E-02
4.57031,228.101,-0.225957E-01
4.57092,228.132,-0.458141E-01
4.57153,228.162,-0.421247E-01
4.57214,228.193,-0.109557E-02
4.57275,228.223,-0.785899E-01
4.57336,228.254,-0.455460E-01
4.57397,228.284,-0.184426E-01
4.57458,228.315,0.970851E-02
4.57520,228.345,-0.341973E-01
4.57581,228.376,0.248610E-01
4.57642,228.406,-0.483259E-02
4.57703,228.437,-0.519695E-01
4.57764,228.467,0.846451E-01
4.57825,228.497,-0.230952E-01
4.57886,228.528,0.164279E-02
4.57947,228.558,-0.111029E-01
4.58008,228.589,0.159409E-01
4.58069,228.619,-0.300148E-01
4.58130,228.650,0.118563E-01
4.58191,228.680,0.259855E-04
4.58252,228.711,0.370630E-01
4.58313,228.741,-0.674944E-01
4.58374,228.772,-0.246534E-01
4.58435,228.802,0.354308E-01
4.58496,228.833,-0.174873
4.58557,228.863,-0.352614E-01
4.58618,228.893,-0.477545E-02
4.58679,228.924,0.109335E-01
4.58740,228.954,0.509004E-01
4.58801,228.985,-0.315965E-01
4.58862,229.015,-0.418554E-01
4.58923,229.046,-0.325044E-01
4.58984,229.076,0.153947
4.59045,229.107,0.185426E-01
4.59106,229.137,0.150437
4.59167,229.168,0.165693
4.59229,229.198,0.588104E-01
4.59290,229.229,-0.452103E-01
4.59351,229.259,0.267303E-02
4.59412,229.289,-0.201082
4.59473,229.320,-0.690181E-03
4.59534,229.350,0.227961E-01
4.59595,229.381,0.378437E-01
4.59656,229.411,-0.114763E-01
4.59717,229.442,-0.764000E-02
4.59778,229.472,0.747830E-01
4.59839,229.503,-0.233970E-01
4.59900,229.533,-0.688603E-02
4.59961,229.564,0.266804E-01
4.60022,229.594,0.534620E-02
4.60083,229.625,-0.214704E-02
4.60144,229.655,-0.388367E-02
4.60205,229.685,0.694784E-01
4.60266,229.716,0.141302E-01
4.60327,229.746,-0.269680E-01
4.60388,229.777,-0.209221E-01
4.60449,229.807,0.269373E-01
4.60510,229.838,0.131744E-01
4.60571,229.868,0.629535E-01
4.60632,229.899,0.444874E-01
4.60693,229.929,0.109129
4.60754,229.960,0.118839E-01
4.60815,229.990,0.697548E-01
4.60876,230.021,0.448397E-02
4.60938,230.051,-0.329941E-03
4.60999,230.082,0.167845E-01
4.61060,230.112,0.298391E-03
4.61121,230.142,0.407733E-01
4.61182,230.173,-0.111831E-01
4.61243,230.203,0.317588E-01
4.61304,230.234,0.626044E-01
4.61365,230.264,-0.240082E-01
4.61426,230.295,0.299687E-01
4.61487,230.325,-0.107580E-02
4.61548,230.356,-0.117856E-01
4.61609,230.386,-0.647131E-01
4.61670,230.417,0.321011E-01
4.61731,230.447,-0.927384E-01
4.61792,230.478,-0.359836E-01
4.61853,230.508,0.301330E-01
4.61914,230.538,-0.669465E-01
4.61975,230.569,-0.132058E-01
4.62036,230.599,-0.385777E-02
4.62097,230.630,0.150539E-01
4.62158,230.660,0.153139
4.62219,230.691,0.575283E-02
4.62280,230.721,-0.259882E-01
4.62341,230.752,0.863784E-01
4.62402,230.782,-0.348740E-01
4.62463,230.813,-0.470885E-01
4.62524,230.843,0.227860E-01
4.62585,230.874,-0.378774E-01
4.62646,230.904,-0.212653E-01
4.62708,230.934,-0.112358E-01
4.62769,230.965,0.118135
4.62830,230.995,0.111202
4.62891,231.026,-0.248522E-01
4.62952,231.056,-0.746803E-01
4.63013,231.087,0.103388
4.63074,231.117,0.392804E-01
4.63135,231.148,-0.995983E-01
4.63196,231.178,-0.420893E-01
4.63257,231.209,-0.180744E-01
4.63318,231.239,0.220919E-01
4.63379,231.270,0.264345E-01
4.63440,231.300,-0.658333E-02
4.63501,231.330,0.918555E-01
4.63562,231.361,0.127688E-01
4.63623,231.391,-0.426196E-01
4.63684,231.422,0.422900E-01
4.63745,231.452,0.930125E-01
4.63806,231.483,-0.186055E-01
4.63867,231.513,0.595396E-01
4.63928,231.544,0.172606E-01
4.63989,231.574,0.112673E-01
4.64050,231.605,-0.965202E-01
4.64111,231.635,-0.759231E-01
4.64172,231.666,-0.883457E-02
4.64233,231.696,-0.467860E-01
4.64294,231.726,-0.825700E-01
4.64355,231.757,-0.791236E-01
4.64417,231.787,0.132579E-01
4.64478,231.818,0.821199E-01
4.64539,231.848,0.394426E-01
4.64600,231.879,-0.731734E-02
4.64661,231.909,-0.196995E-01
4.64722,231.940,0.168877E-01
4.64783,231.970,-0.280396E-01
4.64844,232.001,-0.559900E-02
4.64905,232.031,-0.144227E-01
4.64966,232.062,0.332067E-02
4.65027,232.092,-0.859873E-02
4.65088,232.122,-0.366036E-01
4.65149,232.153,-0.574071E-01
4.65210,232.183,0.261097E-01
4.65271,232.214,0.500845E-01
4.65332,232.244,-0.111799
4.65393,232.275,0.582262E-01
4.65454,232.305,0.281064E-01
4.65515,232.336,0.955303E-02
4.65576,232.366,0.204133E-01
4.65637,232.397,0.441091E-02
4.65698,232.427,-0.241953E-01
4.65759,232.458,0.828424E-01
4.65820,232.488,0.404636E-01
4.65881,232.518,-0.346824E-02
4.65942,232.549,-0.233203E-02
4.66003,232.579,0.160231
4.66064,232.610,-0.489911E-01
4.66125,232.640,0.628728E-01
4.66187,232.671,-0.258263E-01
4.66248,232.701,0.149603E-01
4.66309,232.732,0.199058E-01
4.66370,232.762,-0.451448E-02
4.66431,232.793,0.154077E-01
4.66492,232.823,-0.117005E-01
4.66553,232.854,0.880504E-02
4.66614,232.884,-0.632090E-01
4.66675,232.914,0.441473E-01
4.66736,232.945,-0.159952E-01
4.66797,232.975,0.477065E-01
4.66858,233.006,-0.475299E-01
4.66919,233.036,-0.991973E-02
4.66980,233.067,-0.224830E-01
4.67041,233.097,0.135903
4.67102,233.128,0.213453E-03
4.67163,233.158,0.982766E-01
4.67224,233.189,0.424721E-01
4.67285,233.219,-0.166686E-01
4.67346,233.250,-0.899446E-01
4.67407,233.280,0.782217E-02
4.67468,233.311,-0.376359E-01
4.67529,233.341,-0.157019E-01
4.67590,233.371,0.352350E-01
4.67651,233.402,-0.500061E-01
4.67712,233.432,0.627044E-01
4.67773,233.463,0.439058E-01
4.67834,233.493,-0.112544
4.67896,233.524,-0.121129
4.67957,233.554,0.722857E-01
4.68018,233.585,0.237455E-01
4.68079,233.615,0.192098E-01
4.68140,233.646,-0.586840E-01
4.68201,233.676,0.901451E-01
4.68262,233.707,-0.490085E-01
4.68323,233.737,0.225980E-01
4.68384,233.767,-0.221191E-01
4.68445,233.798,-0.872829E-01
4.68506,233.828,-0.229679E-01
4.68567,233.859,0.212429E-01
4.68628,233.889,-0.249832E-02
4.68689,233.920,-0.104001E-01
4.68750,233.950,0.137905E-01
4.68811,233.981,0.148124E-01
4.68872,234.011,0.126116E-01
4.68933,234.042,0.116544E-01
4.68994,234.072,-0.429810E-01
4.69055,234.103,0.640493E-01
4.69116,234.133,0.187469E-01
4.69177,234.163,0.291800E-01
4.69238,234.194,-0.516137E-01
4.69299,234.224,0.114336E-01
4.69360,234.255,-0.565444E-02
4.69421,234.285,0.110683E-01
4.69482,234.316,-0.395452E-01
4.69543,234.346,0.121898
4.69604,234.377,0.460439E-01
4.69666,234.407,0.663586E-01
4.69727,234.438,-0.271327E-02
4.69788,234.468,0.122986
4.69849,234.499,0.626480E-01
4.69910,234.529,-0.460921E-02
4.69971,234.559,0.306749E-02
4.70032,234.590,0.421439E-02
4.70093,234.620,-0.532177E-01
4.70154,234.651,0.332135E-01
4.70215,234.681,0.367938E-01
4.70276,234.712,-0.386816E-01
4.70337,234.742,0.463059E-01
4.70398,234.773,0.363593E-02
4.70459,234.803,-0.748680E-02
4.70520,234.834,-0.922678E-01
4.70581,234.864,0.290666E-01
4.70642,234.895,0.353894E-01
4.70703,234.925,-0.216221E-01
4.70764,234.955,0.198187E-01
4.70825,234.986,-0.696833E-01
4.70886,235.016,0.163688E-01
4.70947,235.047,0.171980E-01
4.71008,235.077,-0.329333E-02
4.71069,235.108,-0.115881E-02
4.71130,235.138,-0.515774E-01
4.71191,235.169,0.563924E-01
4.71252,235.199,-0.299899E-02
4.71313,235.230,-0.139898E-02
4.71375,235.260,0.125237
4.71436,235.291,-0.998562E-01
4.71497,235.321,0.132339
4.71558,235.351,0.427903E-01
4.71619,235.382,0.105812
4.71680,235.412,-0.519768E-02
4.71741,235.443,-0.216754E-01
4.71802,235.473,-0.563551E-01
4.71863,235.504,0.512360E-02
4.71924,235.534,0.378909E-02
4.71985,235.565,0.450699E-01
4.72046,235.595,-0.149299E-01
4.72107,235.626,0.144247E-01
4.72168,235.656,0.304532E-01
4.72229,235.687,-0.636483E-01
4.72290,235.717,-0.253996E-01
4.72351,235.747,0.928081E-02
4.72412,235.778,-0.325463E-01
4.72473,235.808,0.215876E-01
4.72534,235.839,0.627947E-01
4.72595,235.869,-0.623098E-01
4.72656,235.900,0.119760E-01
4.72717,235.930,-0.204797E-01
4.72778,235.961,0.453588E-02
4.72839,235.991,0.104528
4.72900,236.022,0.154866E-01
4.72961,236.052,0.540532E-01
4.73022,236.083,-0.103356E-01
4.73083,236.113,-0.266240E-02
4.73145,236.143,-0.692236E-02
4.73206,236.174,-0.190135
4.73267,236.204,-0.132084E-01
4.73328,236.235,0.278322E-02
4.73389,236.265,0.648870E-01
4.73450,236.296,-0.132883E-01
4.73511,236.326,0.152450E-01
4.73572,236.357,-0.240926E-01
4.73633,236.387,-0.176448E-02
4.73694,236.418,-0.290216E-01
4.73755,236.448,-0.332937E-01
4.73816,236.479,-0.964067E-01
4.73877,236.509,0.103601E-01
4.73938,236.540,-0.169681E-01
4.73999,236.570,-0.654201E-02
4.74060,236.600,-0.982827E-02
4.74121,236.631,-0.381442E-01
4.74182,236.661,0.113271E-01
4.74243,236.692,0.427733E-01
4.74304,236.722,-0.257079E-01
4.74365,236.753,-0.202578E-01
4.74426,236.783,0.133212
4.74487,236.814,0.639204E-01
4.74548,236.844,0.626119E-01
4.74609,236.875,0.475769E-01
4.74670,236.905,0.423536E-01
4.74731,236.936,0.152513
4.74792,236.966,0.731402E-03
4.74854,236.996,0.280833E-01
4.74915,237.027,0.403363E-01
4.74976,237.057,-0.107871E-01
4.75037,237.088,-0.135398E-01
4.75098,237.118,-0.209326E-01
4.75159,237.149,-0.945339E-02
4.75220,237.179,0.633065E-01
4.75281,237.210,0.330911E-01
4.75342,237.240,0.265298E-01
4.75403,237.271,0.362247E-01
4.75464,237.301,-0.803190E-01
4.75525,237.332,0.319611E-01
4.75586,237.362,0.368768E-02
4.75647,237.392,0.709680E-02
4.75708,237.423,0.150637E-01
4.75769,237.453,-0.252222E-01
4.75830,237.484,0.110499
4.75891,237.514,-0.674889E-01
4.75952,237.545,-0.126294E-01
4.76013,237.575,-0.197599
4.76074,237.606,0.828438E-01
4.76135,237.636,-0.433018E-01
4.76196,237.667,0.125319E-01
4.76257,237.697,-0.190144E-02
4.76318,237.728,-0.565264E-02
4.76379,237.758,-0.118480
4.76440,237.788,0.114816E-02
4.76501,237.819,0.326473E-01
4.76562,237.849,0.101373
4.76624,237.880,0.265582E-01
4.76685,237.910,0.178133
4.76746,237.941,0.175506E-01
4.76807,237.971,-0.127407
4.76868,238.002,0.310691E-02
4.76929,238.032,0.163914E-01
4.76990,238.063,0.899843E-02
4.77051,238.093,0.663013E-01
4.77112,238.124,-0.673076E-01
4.77173,238.154,-0.484871E-02
4.77234,238.184,-0.515979E-01
4.77295,238.215,0.168560E-01
4.77356,238.245,-0.218308
4.77417,238.276,0.355001E-01
4.77478,238.306,-0.638769E-01
4.77539,238.337,-0.119373E-01
4.77600,238.367,0.126055E-02
4.77661,238.398,0.637093E-02
4.77722,238.428,-0.251795E-01
4.77783,238.459,-0.389698E-01
4.77844,238.489,-0.101928
4.77905,238.520,0.331976E-01
4.77966,238.550,0.793796E-02
4.78027,238.580,0.156293E-01
4.78088,238.611,0.814141E-02
4.78149,238.641,0.383831E-02
4.78210,238.672,-0.249656E-01
4.78271,238.702,-0.499035E-01
4.78333,238.733,-0.388725E-01
4.78394,238.763,0.212311E-01
4.78455,238.794,-0.426203E-01
4.78516,238.824,-0.211781E-02
4.78577,238.855,-0.141813E-01
4.78638,238.885,-0.576374E-02
4.78699,238.916,0.102883
4.78760,238.946,0.258902E-01
4.78821,238.976,0.626969E-01
4.78882,239.007,-0.886032E-02
4.78943,239.037,-0.600957E-02
4.79004,239.068,-0.166731E-01
4.79065,239.098,0.257381E-01
4.79126,239.129,0.498731E-01
4.79187,239.159,0.359280E-01
4.79248,239.190,0.106359
4.79309,239.220,0.316902E-01
4.79370,239.251,0.319621E-01
4.79431,239.281,0.384601E-01
4.79492,239.312,0.132367E-01
4.79553,239.342,-0.414345E-01
4.79614,239.372,0.364869E-01
4.79675,239.403,-0.119461
4.79736,239.433,0.465430E-01
4.79797,239.464,0.743597E-01
4.79858,239.494,0.207804
4.79919,239.525,-0.102357
4.79980,239.555,-0.317798E-01
4.80042,239.586,-0.394106E-01
4.80103,239.616,-0.117171E-01
4.80164,239.647,0.374080E-01
4.80225,239.677,-0.122107E-01
4.80286,239.708,-0.949905E-01
4.80347,239.738,-0.200809E-01
4.80408,239.769,-0.525917E-01
4.80469,239.799,-0.436482E-01
4.80530,239.829,0.159339
4.80591,239.860,0.187171E-01
4.80652,239.890,0.473761E-01
4.80713,239.921,-0.393977E-01
4.80774,239.951,-0.568496E-01
4.80835,239.982,0.108775E-01
4.80896,240.012,-0.238305E-01
4.80957,240.043,-0.369196E-01
4.81018,240.073,-0.138167E-01
4.81079,240.104,-0.275530E-01
4.81140,240.134,0.930968E-02
4.81201,240.165,0.567306E-01
4.81262,240.195,0.757196E-01
4.81323,240.225,-0.358842E-01
4.81384,240.256,-0.497172E-01
4.81445,240.286,0.327183E-01
4.81506,240.317,0.892106E-02
4.81567,240.347,0.270923E-01
4.81628,240.378,-0.365480E-01
4.81689,240.408,0.474001E-01
4.81750,240.439,0.602836E-02
4.81812,240.469,0.151185E-01
4.81873,240.500,0.117545E-01
4.81934,240.530,-0.101984E-01
4.81995,240.561,-0.839504E-01
4.82056,240.591,0.464769E-01
4.82117,240.621,0.338861E-01
4.82178,240.652,-0.386835E-01
4.82239,240.682,-0.840306E-01
4.82300,240.713,0.187989E-01
4.82361,240.743,-0.257490
4.82422,240.774,0.219009E-01
4.82483,240.804,-0.421109E-01
4.82544,240.835,-0.385372E-01
4.82605,240.865,-0.654855E-01
4.82666,240.896,-0.931986E-01
4.82727,240.926,0.108945
4.82788,240.957,-0.235649E-01
4.82849,240.987,-0.589037E-01
4.82910,241.017,0.403471E-01
4.82971,241.048,-0.205124E-01
4.83032,241.078,-0.456126E-02
4.83093,241.109,-0.534000E-01
4.83154,241.139,0.220582E-02
4.83215,241.170,-0.338358E-02
4.83276,241.200,-0.122907E-02
4.83337,241.231,-0.455516E-01
4.83398,241.261,-0.588935E-01
4.83459,241.292,-0.421575E-01
4.83521,241.322,0.834002E-01
4.83582,241.353,0.190582
4.83643,241.383,-0.802712E-02
4.83704,241.413,-0.564684E-03
4.83765,241.444,-0.549638E-01
4.83826,241.474,0.704054E-01
4.83887,241.505,-0.727453E-02
4.83948,241.535,0.810124E-01
4.84009,241.566,0.614565E-01
4.84070,241.596,0.100093
4.84131,241.627,0.925046E-02
4.84192,241.657,-0.113266
4.84253,241.688,-0.732873E-02
4.84314,241.718,0.596615E-01
4.84375,241.749,0.657762E-01
4.84436,241.779,0.603353E-02
4.84497,241.809,-0.342196E-01
4.84558,241.840,0.243442E-02
4.84619,241.870,0.192575E-01
4.84680,241.901,-0.160187E-01
4.84741,241.931,0.313764E-01
4.84802,241.962,0.639176E-02
4.84863,241.992,0.141837E-01
4.84924,242.023,0.170336E-01
4.84985,242.053,-0.118916E-01
4.85046,242.084,0.512060E-02
4.85107,242.114,-0.466222E-01
4.85168,242.145,-0.661155E-01
4.85229,242.175,0.149721E-01
4.85291,242.205,-0.588931E-02
4.85352,242.236,-0.257703E-02
4.85413,242.266,0.696478E-01
4.85474,242.297,0.461276E-01
4.85535,242.327,-0.585181E-02
4.85596,242.358,0.362511E-03
4.85657,242.388,0.216838E-01
4.85718,242.419,0.353600E-01
4.85779,242.449,-0.312669E-01
4.85840,242.480,-0.491228E-01
4.85901,242.510,-0.104077
4.85962,242.541,0.563616E-02
4.86023,242.571,-0.789535E-02
4.86084,242.601,0.664777E-01
4.86145,242.632,-0.179335E-01
4.86206,242.662,0.142793E-01
4.86267,242.693,-0.151846E-02
4.86328,242.723,0.176243E-01
4.86389,242.754,-0.829767E-02
4.86450,242.784,-0.825266E-01
4.86511,242.815,-0.334259E-01
4.86572,242.845,-0.635518E-01
4.86633,242.876,-0.851082E-01
4.86694,242.906,0.165574E-01
4.86755,242.937,0.155407E-01
4.86816,242.967,0.153528E-01
4.86877,242.998,-0.503501E-01
4.86938,243.028,0.999929E-01
4.87000,243.058,-0.288422E-01
4.87061,243.089,-0.615796E-03
4.87122,243.119,0.554363E-01
4.87183,243.150,0.391732E-02
4.87244,243.180,0.145565E-03
4.87305,243.211,0.103015
4.87366,243.241,-0.642098E-01
4.87427,243.272,-0.308579E-01
4.87488,243.302,0.217291E-01
4.87549,243.333,0.464466E-01
4.87610,243.363,-0.384016E-01
4.87671,243.394,-0.912703E-01
4.87732,243.424,-0.289128E-01
4.87793,243.454,-0.514011E-01
4.87854,243.485,-0.560544E-01
4.87915,243.515,0.597828E-01
4.87976,243.546,-0.398939E-02
4.88037,243.576,-0.637354E-01
4.88098,243.607,-0.125648E-01
4.88159,243.637,0.154527E-01
4.88220,243.668,0.305426E-01
4.88281,243.698,0.231184E-01
4.88342,243.729,0.198083E-01
4.88403,243.759,0.199513E-01
4.88464,243.790,-0.153717E-01
4.88525,243.820,0.811685E-02
4.88586,243.850,0.368619E-01
4.88647,243.881,0.354832E-02
4.88708,243.911,0.385360E-01
4.88770,243.942,-0.118458E-01
4.88831,243.972,-0.410484E-01
4.88892,244.003,0.117995
4.88953,244.033,0.670101E-01
4.89014,244.064,0.211044E-01
4.89075,244.094,-0.429094E-01
4.89136,244.125,-0.121297
4.89197,244.155,0.150889E-01
4.89258,244.186,-0.338354E-01
4.89319,244.216,0.344011E-01
4.89380,244.246,-0.657528E-01
4.89441,244.277,-0.511491E-02
4.89502,244.307,0.299305E-01
4.89563,244.338,-0.805487E-01
4.89624,244.368,-0.470529E-02
4.89685,244.399,-0.123278E-01
4.89746,244.429,0.284333E-01
4.89807,244.460,0.232249E-01
4.89868,244.490,-0.466047E-01
4.89929,244.521,-0.376016E-01
4.89990,244.551,-0.160462E-01
4.90051,244.582,0.228993E-01
4.90112,244.612,0.807021E-02
4.90173,244.642,-0.190180E-01
4.90234,244.673,0.198341E-01
4.90295,244.703,0.318393E-01
4.90356,244.734,-0.516666E-02
4.90417,244.764,0.868004E-01
4.90479,244.795,0.228600E-01
4.90540,244.825,-0.741155E-01
4.90601,244.856,0.401577E-01
4.90662,244.886,-0.685268E-01
4.90723,244.917,0.348678E-02
4.90784,244.947,-0.139937E-01
4.90845,244.978,0.118508E-01
4.90906,245.008,0.175944E-01
4.90967,245.038,0.407383E-02
4.91028,245.069,0.997783E-01
4.91089,245.099,0.236182
4.91150,245.130,-0.731112E-01
4.91211,245.160,-0.299818E-01
4.91272,245.191,0.318169E-01
4.91333,245.221,0.130045E-02
4.91394,245.252,0.191701
4.91455,245.282,0.144859E-01
4.91516,245.313,-0.111082E-01
4.91577,245.343,0.144242E-01
4.91638,245.374,-0.174413E-01
4.91699,245.404,-0.989988E-01
4.91760,245.434,-0.301694E-01
4.91821,245.465,-0.234904E-01
4.91882,245.495,-0.198315E-02
4.91943,245.526,0.684646E-01
4.92004,245.556,0.124139
4.92065,245.587,0.122737
4.92126,245.617,-0.187892E-03
4.92188,245.648,0.126130E-01
4.92249,245.678,-0.137953
4.92310,245.709,0.164012E-01
4.92371,245.739,0.173564
4.92432,245.770,0.106702
4.92493,245.800,-0.508084E-01
4.92554,245.830,0.105569
4.92615,245.861,0.294059E-01
4.92676,245.891,-0.106402E-01
4.92737,245.922,-0.475713E-01
4.92798,245.952,0.747086E-01
4.92859,245.983,-0.956025E-02
4.92920,246.013,0.197809
4.92981,246.044,-0.510563E-02
4.93042,246.074,-0.379957E-01
4.93103,246.105,-0.139369
4.93164,246.135,0.185300
4.93225,246.166,0.741804E-01
4.93286,246.196,-0.282822E-01
4.93347,246.227,-0.740816E-02
4.93408,246.257,0.818266E-01
4.93469,246.287,-0.478033E-01
4.93530,246.318,0.113472
4.93591,246.348,0.193989E-01
4.93652,246.379,0.119144
4.93713,246.409,-0.750749E-01
4.93774,246.440,0.102465
4.93835,246.470,0.315374E-01
4.93896,246.501,-0.501503E-03
4.93958,246.531,-0.617889E-02
4.94019,246.562,-0.558999E-01
4.94080,246.592,0.542566E-01
4.94141,246.623,-0.914198E-02
4.94202,246.653,-0.215053E-01
4.94263,246.683,0.382081E-01
4.94324,246.714,-0.188799E-01
4.94385,246.744,-0.135112E-01
4.94446,246.775,0.868311E-02
4.94507,246.805,0.242546E-01
4.94568,246.836,-0.573676E-02
4.94629,246.866,0.914660E-01
4.94690,246.897,-0.129270E-01
4.94751,246.927,0.268346E-01
4.94812,246.958,-0.222752E-01
4.94873,246.988,-0.516203E-01
4.94934,247.019,-0.227390E-01
4.94995,247.049,0.510427E-02
4.95056,247.079,-0.456232E-01
4.95117,247.110,0.663829E-01
4.95178,247.140,0.247158E-01
4.95239,247.171,-0.205316E-01
4.95300,247.201,0.707624E-02
4.95361,247.232,0.381354E-01
4.95422,247.262,0.122084
4.95483,247.293,0.429514E-01
4.95544,247.323,0.764513E-02
4.95605,247.354,0.904509E-02
4.95667,247.384,0.497275E-01
4.95728,247.415,-0.127183E-01
4.95789,247.445,0.121371
4.95850,247.475,0.645648E-02
4.95911,247.506,0.975933E-02
4.95972,247.536,0.107394
4.96033,247.567,-0.615166E-02
4.96094,247.597,-0.171203E-01
4.96155,247.628,0.150301E-01
4.96216,247.658,-0.391950E-02
4.96277,247.689,-0.554001E-03
4.96338,247.719,0.203202E-01
4.96399,247.750,-0.165417E-01
4.96460,247.780,0.748427E-01
4.96521,247.811,-0.699818E-02
4.96582,247.841,0.446938E-02
4.96643,247.871,0.501818E-01
4.96704,247.902,-0.390651E-01
4.96765,247.932,-0.103252E-01
4.96826,247.963,-0.160169E-01
4.96887,247.993,0.367722E-01
4.96948,248.024,0.484070E-01
4.97009,248.054,-0.355921E-01
4.97070,248.085,0.197175E-01
4.97131,248.115,-0.826106E-01
4.97192,248.146,0.175961E-01
4.97253,248.176,-0.629119E-01
4.97314,248.207,0.163793E-01
4.97375,248.237,0.110573E-01
4.97437,248.267,0.104564
4.97498,248.298,-0.588381E-02
4.97559,248.328,0.576066E-01
4.97620,248.359,0.870554E-02
4.97681,248.389,-0.778051E-01
4.97742,248.420,-0.190164E-01
4.97803,248.450,0.152925E-01
4.97864,248.481,0.639566E-02
4.97925,248.511,0.224102E-01
4.97986,248.542,0.140602
4.98047,248.572,-0.390575E-02
4.98108,248.603,0.558142E-01
4.98169,248.633,0.899652E-01
4.98230,248.663,0.548850E-01
4.98291,248.694,0.396052E-01
4.98352,248.724,0.887787E-02
4.98413,248.755,-0.537034E-02
4.98474,248.785,0.381035E-02
4.98535,248.816,0.369241E-01
4.98596,248.846,0.614891E-01
4.98657,248.877,-0.332076E-01
4.98718,248.907,-0.143921E-01
4.98779,248.938,0.263489E-01
4.98840,248.968,0.114009
4.98901,248.999,0.359799E-03
4.98962,249.029,0.246104E-01
4.99023,249.060,-0.214154E-01
4.99084,249.090,-0.848848E-01
4.99146,249.120,-0.594638E-01
4.99207,249.151,-0.688568E-01
4.99268,249.181,0.225247E-02
4.99329,249.212,-0.130943E-02
4.99390,249.242,-0.397003E-01
4.99451,249.273,-0.126308E-02
4.99512,249.303,0.323269E-01
4.99573,249.334,-0.187996E-01
4.99634,249.364,-0.190367E-01
4.99695,249.395,0.326081E-02
4.99756,249.425,0.132545
4.99817,249.456,-0.814794E-02
4.99878,249.486,0.159135E-01
4.99939,249.516,-0.452467E-01
5.00000,249.547,0.804778E-02
