Full_(co)spectra
----------------
natural_frequency_[Hz]_->_from_[1/_averaging_interval]_to_[acquisition_frequency_/_2]
normalized_frequency_[#]->_natural_frequency_*_measuring_height_/_wind_speed
y-axis_->_natural_frequency_*_(co)spectrum_/_(co)variance
acquisition_frequency_[Hz]_=_ 10.000
measuring_height_(z-d)_[m]_=_  3.990
wind_speed_[m+1s-1]_=_  1.259
averaging_interval_[min]_=_     30
tapering_window_=_SQUARED_(no_tapering_forced_by_EddyPro._Tapering_is_only_applied_for_binned_(co)spectra)
,,cov(w_ts)
,,3.6604455766019550E-003
natural_frequency,normalized_frequency,f_nat*cospec(w_ts)
0.610352E-03,0.193395E-02,-0.754671E-01
0.122070E-02,0.386790E-02,0.388432E-01
0.183105E-02,0.580185E-02,-0.487691E-02
0.244141E-02,0.773580E-02,0.122548
0.305176E-02,0.966974E-02,0.174083
0.366211E-02,0.116037E-01,0.833210E-01
0.427246E-02,0.135376E-01,0.214404
0.488281E-02,0.154716E-01,-0.129195
0.549316E-02,0.174055E-01,0.183941
0.610352E-02,0.193395E-01,0.116767
0.671387E-02,0.212734E-01,-0.308602E-01
0.732422E-02,0.232074E-01,-0.187701E-01
0.793457E-02,0.251413E-01,0.205298
0.854492E-02,0.270753E-01,0.485758E-01
0.915527E-02,0.290092E-01,0.115695
0.976562E-02,0.309432E-01,0.317279
0.103760E-01,0.328771E-01,-0.281256E-02
0.109863E-01,0.348111E-01,0.204351
0.115967E-01,0.367450E-01,0.765966E-01
0.122070E-01,0.386790E-01,0.570627E-01
0.128174E-01,0.406129E-01,0.198703
0.134277E-01,0.425469E-01,0.835834E-01
0.140381E-01,0.444808E-01,0.581357
0.146484E-01,0.464148E-01,0.623794E-01
0.152588E-01,0.483487E-01,0.682855E-01
0.158691E-01,0.502827E-01,0.405805E-01
0.164795E-01,0.522166E-01,0.169219
0.170898E-01,0.541506E-01,-0.394913E-01
0.177002E-01,0.560845E-01,0.640511
0.183105E-01,0.580185E-01,0.339302
0.189209E-01,0.599524E-01,0.133810E-01
0.195312E-01,0.618864E-01,0.799582E-01
0.201416E-01,0.638203E-01,0.236738
0.207520E-01,0.657543E-01,2.20056
0.213623E-01,0.676882E-01,-0.247653E-02
0.219727E-01,0.696222E-01,0.294864
0.225830E-01,0.715561E-01,0.208336
0.231934E-01,0.734901E-01,0.103717
0.238037E-01,0.754240E-01,0.102742
0.244141E-01,0.773580E-01,0.304023E-01
0.250244E-01,0.792919E-01,0.236017
0.256348E-01,0.812258E-01,0.660650
0.262451E-01,0.831598E-01,0.465534E-01
0.268555E-01,0.850937E-01,-0.142183
0.274658E-01,0.870277E-01,0.590615
0.280762E-01,0.889616E-01,0.260180
0.286865E-01,0.908956E-01,0.256974
0.292969E-01,0.928295E-01,0.154000
0.299072E-01,0.947635E-01,0.235037
0.305176E-01,0.966974E-01,0.652954E-01
0.311279E-01,0.986314E-01,0.172955E-01
0.317383E-01,0.100565,-0.586450E-01
0.323486E-01,0.102499,0.413138
0.329590E-01,0.104433,0.401844
0.335693E-01,0.106367,0.247932
0.341797E-01,0.108301,0.146617
0.347900E-01,0.110235,0.281968
0.354004E-01,0.112169,0.191103
0.360107E-01,0.114103,0.727046E-01
0.366211E-01,0.116037,0.371754E-01
0.372314E-01,0.117971,-0.571999E-01
0.378418E-01,0.119905,0.163284
0.384521E-01,0.121839,-0.583406E-02
0.390625E-01,0.123773,0.121032E-01
0.396729E-01,0.125707,0.681063E-01
0.402832E-01,0.127641,0.352794E-01
0.408936E-01,0.129575,-0.189868E-01
0.415039E-01,0.131509,0.294558E-01
0.421143E-01,0.133442,0.133895
0.427246E-01,0.135376,0.336591E-02
0.433350E-01,0.137310,1.19336
0.439453E-01,0.139244,-0.128773E-01
0.445557E-01,0.141178,0.317585
0.451660E-01,0.143112,0.333544
0.457764E-01,0.145046,1.18048
0.463867E-01,0.146980,0.126199
0.469971E-01,0.148914,0.270197
0.476074E-01,0.150848,-0.386543E-01
0.482178E-01,0.152782,-0.471129E-01
0.488281E-01,0.154716,0.194891
0.494385E-01,0.156650,0.185408
0.500488E-01,0.158584,0.418621
0.506592E-01,0.160518,0.156502
0.512695E-01,0.162452,0.763351
0.518799E-01,0.164386,0.499507E-01
0.524902E-01,0.166320,-0.649493E-02
0.531006E-01,0.168254,-0.157316
0.537109E-01,0.170187,-0.156793E-02
0.543213E-01,0.172121,0.206326
0.549316E-01,0.174055,-0.189875
0.555420E-01,0.175989,0.613462
0.561523E-01,0.177923,0.410864
0.567627E-01,0.179857,-0.571173E-01
0.573730E-01,0.181791,0.935728E-01
0.579834E-01,0.183725,0.409458
0.585938E-01,0.185659,0.294750
0.592041E-01,0.187593,0.776420
0.598145E-01,0.189527,1.05316
0.604248E-01,0.191461,0.131745E-01
0.610352E-01,0.193395,0.277963
0.616455E-01,0.195329,0.296747
0.622559E-01,0.197263,0.151551
0.628662E-01,0.199197,0.704920
0.634766E-01,0.201131,0.240371
0.640869E-01,0.203065,0.174426
0.646973E-01,0.204999,0.344642
0.653076E-01,0.206933,0.456449
0.659180E-01,0.208866,0.843966
0.665283E-01,0.210800,0.133410
0.671387E-01,0.212734,-0.158963
0.677490E-01,0.214668,0.196376
0.683594E-01,0.216602,-0.183743
0.689697E-01,0.218536,0.800719E-01
0.695801E-01,0.220470,0.427618E-01
0.701904E-01,0.222404,0.969323E-02
0.708008E-01,0.224338,0.383748E-01
0.714111E-01,0.226272,0.409863
0.720215E-01,0.228206,-0.172615
0.726318E-01,0.230140,0.265325
0.732422E-01,0.232074,0.783775E-01
0.738525E-01,0.234008,0.231823
0.744629E-01,0.235942,-0.426299E-01
0.750732E-01,0.237876,-0.665269E-01
0.756836E-01,0.239810,0.185770
0.762939E-01,0.241744,0.348364E-01
0.769043E-01,0.243678,0.284947
0.775146E-01,0.245611,0.922833E-01
0.781250E-01,0.247545,0.629091E-01
0.787354E-01,0.249479,-0.569718E-01
0.793457E-01,0.251413,-0.135012
0.799561E-01,0.253347,0.554299E-01
0.805664E-01,0.255281,0.216854
0.811768E-01,0.257215,1.39646
0.817871E-01,0.259149,-0.427962
0.823975E-01,0.261083,0.142186
0.830078E-01,0.263017,0.796729
0.836182E-01,0.264951,-0.344338E-01
0.842285E-01,0.266885,0.417859
0.848389E-01,0.268819,0.930222
0.854492E-01,0.270753,0.178395
0.860596E-01,0.272687,0.622595E-01
0.866699E-01,0.274621,0.491491
0.872803E-01,0.276555,1.27064
0.878906E-01,0.278489,-0.863661E-02
0.885010E-01,0.280423,0.611117E-01
0.891113E-01,0.282357,0.447659
0.897217E-01,0.284290,0.183027
0.903320E-01,0.286224,0.770539E-01
0.909424E-01,0.288158,0.154590
0.915527E-01,0.290092,-0.905352E-01
0.921631E-01,0.292026,0.545347
0.927734E-01,0.293960,0.689202E-01
0.933838E-01,0.295894,1.16825
0.939941E-01,0.297828,0.148637
0.946045E-01,0.299762,0.286462
0.952148E-01,0.301696,0.111009
0.958252E-01,0.303630,0.307004
0.964355E-01,0.305564,-0.419980E-01
0.970459E-01,0.307498,-0.999069E-01
0.976562E-01,0.309432,-0.510002E-02
0.982666E-01,0.311366,0.848038E-01
0.988770E-01,0.313300,0.919826E-01
0.994873E-01,0.315234,0.775183E-01
0.100098,0.317168,0.145908
0.100708,0.319102,-0.311743E-01
0.101318,0.321035,0.543085E-01
0.101929,0.322969,0.548096
0.102539,0.324903,-0.782690E-01
0.103149,0.326837,0.493726E-01
0.103760,0.328771,0.135627
0.104370,0.330705,-0.113189
0.104980,0.332639,0.174564E-01
0.105591,0.334573,0.419302
0.106201,0.336507,0.194880
0.106812,0.338441,-0.300983
0.107422,0.340375,0.198684
0.108032,0.342309,0.207612
0.108643,0.344243,-0.468023E-01
0.109253,0.346177,0.474984
0.109863,0.348111,0.262240
0.110474,0.350045,0.219425
0.111084,0.351979,0.151987
0.111694,0.353913,0.119675
0.112305,0.355847,0.690132E-04
0.112915,0.357781,0.594321E-01
0.113525,0.359714,-0.261296
0.114136,0.361648,0.930340
0.114746,0.363582,0.382851E-01
0.115356,0.365516,0.345671E-01
0.115967,0.367450,1.02133
0.116577,0.369384,-0.758622E-01
0.117188,0.371318,0.420717E-01
0.117798,0.373252,0.926772E-01
0.118408,0.375186,-0.105638
0.119019,0.377120,0.230666
0.119629,0.379054,0.657403E-01
0.120239,0.380988,-0.976480E-01
0.120850,0.382922,0.163956
0.121460,0.384856,0.991135
0.122070,0.386790,0.203216
0.122681,0.388724,0.282911
0.123291,0.390658,0.256710
0.123901,0.392592,0.429673
0.124512,0.394526,0.633296
0.125122,0.396459,0.335020
0.125732,0.398393,0.357380E-01
0.126343,0.400327,0.380894
0.126953,0.402261,0.103269
0.127563,0.404195,-0.634931E-01
0.128174,0.406129,0.448194
0.128784,0.408063,0.139539
0.129395,0.409997,0.251990
0.130005,0.411931,-0.191704E-01
0.130615,0.413865,0.139750
0.131226,0.415799,-0.159381
0.131836,0.417733,-0.130493
0.132446,0.419667,0.141136
0.133057,0.421601,0.160018
0.133667,0.423535,0.499385
0.134277,0.425469,-0.718117E-01
0.134888,0.427403,0.176006E-01
0.135498,0.429337,0.209082
0.136108,0.431271,0.958147E-02
0.136719,0.433205,0.246589
0.137329,0.435138,-0.108451
0.137939,0.437072,0.672349
0.138550,0.439006,-0.233645E-01
0.139160,0.440940,0.440647E-01
0.139771,0.442874,-0.161665
0.140381,0.444808,0.427101
0.140991,0.446742,0.639472
0.141602,0.448676,-0.189152E-01
0.142212,0.450610,0.220235E-02
0.142822,0.452544,0.634384
0.143433,0.454478,0.111574
0.144043,0.456412,0.230062
0.144653,0.458346,-0.200786
0.145264,0.460280,-0.175375E-01
0.145874,0.462214,-0.953896E-01
0.146484,0.464148,0.122609
0.147095,0.466082,0.475017
0.147705,0.468016,-0.560300E-02
0.148315,0.469950,0.447758
0.148926,0.471883,0.775981
0.149536,0.473817,0.412879
0.150146,0.475751,0.228666
0.150757,0.477685,0.772428E-01
0.151367,0.479619,-0.403784E-02
0.151978,0.481553,0.221121
0.152588,0.483487,-0.461220E-01
0.153198,0.485421,-0.149797
0.153809,0.487355,0.753151
0.154419,0.489289,0.695081E-02
0.155029,0.491223,0.498512
0.155640,0.493157,0.574711
0.156250,0.495091,-0.156897
0.156860,0.497025,0.457716
0.157471,0.498959,0.700903
0.158081,0.500893,-0.518881E-01
0.158691,0.502827,0.864155E-01
0.159302,0.504761,0.780630E-02
0.159912,0.506695,0.124377
0.160522,0.508629,-0.421543E-01
0.161133,0.510562,0.168332
0.161743,0.512496,-0.506026E-01
0.162354,0.514430,0.810799E-01
0.162964,0.516364,0.137105
0.163574,0.518298,0.183243
0.164185,0.520232,0.757153E-01
0.164795,0.522166,0.966548E-02
0.165405,0.524100,0.487704
0.166016,0.526034,0.241355
0.166626,0.527968,0.251120
0.167236,0.529902,-0.910253E-02
0.167847,0.531836,0.430362
0.168457,0.533770,0.264537
0.169067,0.535704,0.443305E-01
0.169678,0.537638,0.406816E-01
0.170288,0.539572,0.965128
0.170898,0.541506,0.649982E-01
0.171509,0.543440,0.104084E-01
0.172119,0.545374,0.745870
0.172729,0.547308,0.163125E-01
0.173340,0.549241,0.889982E-01
0.173950,0.551175,0.346675
0.174561,0.553109,-0.191058E-01
0.175171,0.555043,0.309187
0.175781,0.556977,0.380583
0.176392,0.558911,0.399215
0.177002,0.560845,0.179467
0.177612,0.562779,0.920468E-01
0.178223,0.564713,0.434679
0.178833,0.566647,-0.789351E-01
0.179443,0.568581,0.345576
0.180054,0.570515,0.605887E-01
0.180664,0.572449,2.03289
0.181274,0.574383,0.762081
0.181885,0.576317,0.589240
0.182495,0.578251,0.216987
0.183105,0.580185,0.295586
0.183716,0.582119,0.118147
0.184326,0.584053,0.712466E-01
0.184937,0.585986,1.06289
0.185547,0.587920,0.506641E-01
0.186157,0.589854,-0.510376E-01
0.186768,0.591788,0.139735
0.187378,0.593722,-0.758143E-01
0.187988,0.595656,-0.131334
0.188599,0.597590,0.842091
0.189209,0.599524,-0.238056E-01
0.189819,0.601458,0.258733
0.190430,0.603392,0.167434
0.191040,0.605326,-0.659049E-01
0.191650,0.607260,-0.102097E-01
0.192261,0.609194,0.559198
0.192871,0.611128,0.266383E-01
0.193481,0.613062,0.528196E-03
0.194092,0.614996,-0.234590E-01
0.194702,0.616930,-0.124238E-02
0.195312,0.618864,-0.493098E-02
0.195923,0.620798,-0.220978E-01
0.196533,0.622732,0.326392E-01
0.197144,0.624665,-0.148702
0.197754,0.626599,0.237055
0.198364,0.628533,0.116557
0.198975,0.630467,0.212516
0.199585,0.632401,0.650268
0.200195,0.634335,0.107236
0.200806,0.636269,0.214496
0.201416,0.638203,-0.124949
0.202026,0.640137,0.782325E-01
0.202637,0.642071,0.672169E-01
0.203247,0.644005,0.227824
0.203857,0.645939,0.496875
0.204468,0.647873,0.479070
0.205078,0.649807,-0.143378
0.205688,0.651741,-0.151997E-01
0.206299,0.653675,0.601801
0.206909,0.655609,-0.530904E-01
0.207520,0.657543,0.545997
0.208130,0.659477,0.702116E-01
0.208740,0.661410,-0.237523
0.209351,0.663344,0.488736
0.209961,0.665278,0.405592
0.210571,0.667212,0.675483
0.211182,0.669146,0.926817E-01
0.211792,0.671080,-0.251524
0.212402,0.673014,-0.300495E-01
0.213013,0.674948,-0.847538E-02
0.213623,0.676882,0.133905
0.214233,0.678816,-0.153893
0.214844,0.680750,0.722074
0.215454,0.682684,0.322167E-01
0.216064,0.684618,0.462759
0.216675,0.686552,0.331482
0.217285,0.688486,0.118704
0.217896,0.690420,0.183838
0.218506,0.692354,0.693118E-01
0.219116,0.694288,0.672501E-02
0.219727,0.696222,-0.109202
0.220337,0.698156,0.195583
0.220947,0.700089,0.340273
0.221558,0.702023,0.125443
0.222168,0.703957,0.509533
0.222778,0.705891,-0.145887
0.223389,0.707825,0.402403
0.223999,0.709759,-0.276903
0.224609,0.711693,-0.594830E-01
0.225220,0.713627,0.209975
0.225830,0.715561,0.895250
0.226440,0.717495,0.389176
0.227051,0.719429,1.25729
0.227661,0.721363,0.196680
0.228271,0.723297,0.472949
0.228882,0.725231,0.692486
0.229492,0.727165,-0.122026
0.230103,0.729099,0.204623
0.230713,0.731033,0.124589
0.231323,0.732967,0.439828E-01
0.231934,0.734901,0.569452E-01
0.232544,0.736834,0.310881
0.233154,0.738768,0.396326E-01
0.233765,0.740702,-0.174683E-01
0.234375,0.742636,0.207799
0.234985,0.744570,0.109574
0.235596,0.746504,-0.233279
0.236206,0.748438,0.916638E-01
0.236816,0.750372,-0.406691E-01
0.237427,0.752306,0.473536
0.238037,0.754240,-0.873741E-02
0.238647,0.756174,-0.836453E-01
0.239258,0.758108,0.125010
0.239868,0.760042,0.156016
0.240479,0.761976,0.814743E-01
0.241089,0.763910,-0.125409
0.241699,0.765844,0.110145
0.242310,0.767778,0.203151
0.242920,0.769712,0.184883
0.243530,0.771646,0.229213
0.244141,0.773580,0.156260E-01
0.244751,0.775513,0.198842
0.245361,0.777447,0.723624E-01
0.245972,0.779381,-0.299412E-01
0.246582,0.781315,-0.948252E-01
0.247192,0.783249,-0.592648E-01
0.247803,0.785183,-0.173119
0.248413,0.787117,-0.106094E-01
0.249023,0.789051,-0.250227
0.249634,0.790985,0.322706E-01
0.250244,0.792919,-0.196523
0.250854,0.794853,-0.383617E-01
0.251465,0.796787,0.209771
0.252075,0.798721,0.262030
0.252686,0.800655,0.727589E-01
0.253296,0.802589,0.198310
0.253906,0.804523,0.214951E-02
0.254517,0.806457,-0.180993
0.255127,0.808391,0.538485E-01
0.255737,0.810325,0.604916E-01
0.256348,0.812258,-0.312143E-01
0.256958,0.814192,-0.467754E-01
0.257568,0.816126,-0.689967E-01
0.258179,0.818060,0.239193
0.258789,0.819994,0.114887
0.259399,0.821928,0.135133
0.260010,0.823862,-0.391224E-01
0.260620,0.825796,0.548798
0.261230,0.827730,0.300734
0.261841,0.829664,0.784497
0.262451,0.831598,-0.286738
0.263062,0.833532,-0.440012E-01
0.263672,0.835466,-0.257468E-01
0.264282,0.837400,0.396867
0.264893,0.839334,0.131517
0.265503,0.841268,0.827250
0.266113,0.843202,0.582049
0.266724,0.845136,0.224306
0.267334,0.847070,0.428867
0.267944,0.849004,0.488333E-03
0.268555,0.850937,0.294868
0.269165,0.852871,-0.208730E-01
0.269775,0.854805,0.183687
0.270386,0.856739,-0.131817
0.270996,0.858673,0.911318E-01
0.271606,0.860607,0.100580E-02
0.272217,0.862541,0.194836
0.272827,0.864475,0.246369
0.273438,0.866409,0.286496E-01
0.274048,0.868343,0.609452E-01
0.274658,0.870277,0.619718
0.275269,0.872211,-0.367982E-01
0.275879,0.874145,0.100591
0.276489,0.876079,-0.174794
0.277100,0.878013,0.936923E-01
0.277710,0.879947,0.412983
0.278320,0.881881,0.715226E-01
0.278931,0.883815,0.519014E-01
0.279541,0.885749,-0.650092E-01
0.280151,0.887682,-0.136234
0.280762,0.889616,-0.494992E-01
0.281372,0.891550,0.327592
0.281982,0.893484,-0.422181E-03
0.282593,0.895418,0.102616E-01
0.283203,0.897352,0.110659
0.283813,0.899286,0.671648E-02
0.284424,0.901220,0.927835E-01
0.285034,0.903154,0.628772E-01
0.285645,0.905088,0.347046
0.286255,0.907022,0.173084
0.286865,0.908956,-0.315996E-01
0.287476,0.910890,0.181163
0.288086,0.912824,0.173983
0.288696,0.914758,0.841474
0.289307,0.916692,-0.320044
0.289917,0.918626,0.725650
0.290527,0.920560,0.452372E-01
0.291138,0.922494,0.441244
0.291748,0.924428,-0.103955E-01
0.292358,0.926361,-0.710881E-03
0.292969,0.928295,-0.786118E-01
0.293579,0.930229,0.290588
0.294189,0.932163,0.111050E-01
0.294800,0.934097,0.648410E-01
0.295410,0.936031,0.116808E-02
0.296021,0.937965,0.180967
0.296631,0.939899,0.362732
0.297241,0.941833,0.462122
0.297852,0.943767,0.536682
0.298462,0.945701,-0.466366E-01
0.299072,0.947635,0.392324E-02
0.299683,0.949569,0.107640
0.300293,0.951503,-0.200752E-01
0.300903,0.953437,0.459180
0.301514,0.955371,-0.954654E-01
0.302124,0.957305,0.288891
0.302734,0.959239,0.987829
0.303345,0.961173,0.689008
0.303955,0.963106,-0.272433
0.304565,0.965040,-0.795495E-01
0.305176,0.966974,0.198909E-01
0.305786,0.968908,0.440087
0.306396,0.970842,-0.249447E-01
0.307007,0.972776,0.684616
0.307617,0.974710,0.742422E-01
0.308228,0.976644,0.577970
0.308838,0.978578,-0.274685E-01
0.309448,0.980512,0.437148
0.310059,0.982446,-0.186048E-01
0.310669,0.984380,0.529850E-01
0.311279,0.986314,-0.251893
0.311890,0.988248,-0.311936E-01
0.312500,0.990182,0.244347
0.313110,0.992116,0.306177
0.313721,0.994050,0.250608
0.314331,0.995984,0.266522
0.314941,0.997918,0.285564E-01
0.315552,0.999852,0.317431
0.316162,1.00179,0.294080
0.316772,1.00372,0.142496
0.317383,1.00565,-0.636607E-01
0.317993,1.00759,0.204096
0.318604,1.00952,0.623817
0.319214,1.01146,0.935445E-02
0.319824,1.01339,0.278916
0.320435,1.01532,-0.113625
0.321045,1.01726,-0.154726
0.321655,1.01919,1.75839
0.322266,1.02112,0.166001
0.322876,1.02306,0.108885
0.323486,1.02499,0.466717E-01
0.324097,1.02693,0.356627
0.324707,1.02886,0.278801
0.325317,1.03079,0.856402E-01
0.325928,1.03273,0.379419
0.326538,1.03466,0.425838E-02
0.327148,1.03660,0.813762
0.327759,1.03853,0.240513
0.328369,1.04046,-0.139229
0.328979,1.04240,-0.150311
0.329590,1.04433,0.681718
0.330200,1.04627,0.203349
0.330811,1.04820,-0.507193E-01
0.331421,1.05013,-0.326226
0.332031,1.05207,0.204077
0.332642,1.05400,0.793732E-01
0.333252,1.05594,-0.168226E-01
0.333862,1.05787,0.357420E-01
0.334473,1.05980,0.690613
0.335083,1.06174,-0.301634E-01
0.335693,1.06367,-0.477425E-01
0.336304,1.06561,-0.218043E-02
0.336914,1.06754,0.140482
0.337524,1.06947,0.788386
0.338135,1.07141,0.522731
0.338745,1.07334,0.641393E-02
0.339355,1.07528,1.42326
0.339966,1.07721,-0.955317E-01
0.340576,1.07914,-0.529453E-01
0.341187,1.08108,0.424605
0.341797,1.08301,0.187495
0.342407,1.08495,0.199799
0.343018,1.08688,-0.283901E-01
0.343628,1.08881,-0.129363
0.344238,1.09075,0.527092E-01
0.344849,1.09268,0.325460
0.345459,1.09462,-0.452110E-01
0.346069,1.09655,-0.165651
0.346680,1.09848,0.103711
0.347290,1.10042,0.793655E-01
0.347900,1.10235,0.313399
0.348511,1.10428,0.217321E-01
0.349121,1.10622,-0.126478
0.349731,1.10815,0.188802
0.350342,1.11009,-0.243109E-01
0.350952,1.11202,0.347754
0.351562,1.11395,-0.489853E-01
0.352173,1.11589,0.951368E-01
0.352783,1.11782,0.143492
0.353394,1.11976,0.408179
0.354004,1.12169,-0.606536
0.354614,1.12362,0.124558
0.355225,1.12556,0.105253
0.355835,1.12749,0.738290
0.356445,1.12943,-0.125100
0.357056,1.13136,-0.231265E-01
0.357666,1.13329,-0.268293
0.358276,1.13523,0.355901E-01
0.358887,1.13716,-0.142759
0.359497,1.13910,0.788091
0.360107,1.14103,0.639517
0.360718,1.14296,-0.258478
0.361328,1.14490,-0.142668
0.361938,1.14683,0.432193
0.362549,1.14877,0.256119E-01
0.363159,1.15070,0.224135
0.363770,1.15263,-0.913308E-01
0.364380,1.15457,0.717625
0.364990,1.15650,0.207223
0.365601,1.15844,-0.324266
0.366211,1.16037,-0.134195
0.366821,1.16230,0.403599
0.367432,1.16424,0.412067E-01
0.368042,1.16617,0.846309E-01
0.368652,1.16811,-0.591769E-01
0.369263,1.17004,0.644799E-02
0.369873,1.17197,0.436830E-01
0.370483,1.17391,0.273317
0.371094,1.17584,0.533952
0.371704,1.17777,0.285695
0.372314,1.17971,0.570853
0.372925,1.18164,0.465150
0.373535,1.18358,0.614266E-01
0.374146,1.18551,-0.376578E-01
0.374756,1.18744,0.304198
0.375366,1.18938,0.255319
0.375977,1.19131,-0.238052
0.376587,1.19325,0.106315
0.377197,1.19518,-0.535251E-01
0.377808,1.19711,0.582337E-01
0.378418,1.19905,0.395918
0.379028,1.20098,0.120768
0.379639,1.20292,0.931656E-01
0.380249,1.20485,0.157661
0.380859,1.20678,0.439947
0.381470,1.20872,-0.486162E-01
0.382080,1.21065,0.160324
0.382690,1.21259,-0.106185
0.383301,1.21452,-0.590518E-01
0.383911,1.21645,0.584557E-01
0.384521,1.21839,-0.237798E-01
0.385132,1.22032,0.192445
0.385742,1.22226,0.443401
0.386353,1.22419,0.384820E-01
0.386963,1.22612,-0.104865E-01
0.387573,1.22806,-0.276243
0.388184,1.22999,0.972882
0.388794,1.23193,-0.119633E-01
0.389404,1.23386,0.477833
0.390015,1.23579,0.323355
0.390625,1.23773,0.347897
0.391235,1.23966,0.255423E-01
0.391846,1.24160,-0.196411
0.392456,1.24353,0.530564E-01
0.393066,1.24546,-0.158059
0.393677,1.24740,0.406456
0.394287,1.24933,-0.362852
0.394897,1.25126,0.929964E-01
0.395508,1.25320,-0.370327
0.396118,1.25513,0.840648
0.396729,1.25707,0.651381E-01
0.397339,1.25900,0.956009E-01
0.397949,1.26093,-0.358344
0.398560,1.26287,0.882637E-01
0.399170,1.26480,0.369916
0.399780,1.26674,0.712226E-01
0.400391,1.26867,-0.370816
0.401001,1.27060,0.673665E-01
0.401611,1.27254,0.140322E-01
0.402222,1.27447,-0.992784E-01
0.402832,1.27641,0.420269E-01
0.403442,1.27834,0.900148
0.404053,1.28027,0.133529
0.404663,1.28221,-0.552082E-01
0.405273,1.28414,-0.655001E-01
0.405884,1.28608,0.514270E-01
0.406494,1.28801,-0.120238E-02
0.407104,1.28994,0.354236
0.407715,1.29188,0.210549
0.408325,1.29381,0.250687
0.408936,1.29575,-0.892548E-01
0.409546,1.29768,0.171036
0.410156,1.29961,0.286665
0.410767,1.30155,0.783152
0.411377,1.30348,0.395902E-01
0.411987,1.30542,-0.223585
0.412598,1.30735,0.224006
0.413208,1.30928,0.103676
0.413818,1.31122,0.122999
0.414429,1.31315,0.148163
0.415039,1.31509,0.143395
0.415649,1.31702,0.550988
0.416260,1.31895,0.164102
0.416870,1.32089,0.626851E-02
0.417480,1.32282,-0.204700E-01
0.418091,1.32475,0.136462
0.418701,1.32669,0.718947E-01
0.419312,1.32862,0.155483
0.419922,1.33056,0.392358
0.420532,1.33249,-0.104030
0.421143,1.33442,-0.206361
0.421753,1.33636,-0.235432
0.422363,1.33829,-0.327425
0.422974,1.34023,0.591763
0.423584,1.34216,-0.100105
0.424194,1.34409,-0.178619
0.424805,1.34603,0.354860
0.425415,1.34796,0.544462
0.426025,1.34990,0.349709
0.426636,1.35183,-0.156696E-01
0.427246,1.35376,0.201946
0.427856,1.35570,0.124881
0.428467,1.35763,0.326535E-01
0.429077,1.35957,0.435342E-01
0.429688,1.36150,-0.867726E-01
0.430298,1.36343,-0.186240E-01
0.430908,1.36537,-0.851709E-01
0.431519,1.36730,-0.946578E-01
0.432129,1.36924,-0.737651E-01
0.432739,1.37117,0.548615E-01
0.433350,1.37310,0.289811E-02
0.433960,1.37504,-0.348648E-01
0.434570,1.37697,-0.641129E-01
0.435181,1.37891,0.309035
0.435791,1.38084,0.243515
0.436401,1.38277,0.216086
0.437012,1.38471,-0.138315E-01
0.437622,1.38664,0.266449
0.438232,1.38858,-0.206517E-01
0.438843,1.39051,-0.177677
0.439453,1.39244,-0.261530E-01
0.440063,1.39438,-0.322792E-01
0.440674,1.39631,0.286394
0.441284,1.39824,0.227610
0.441895,1.40018,0.454644E-01
0.442505,1.40211,-0.112136E-01
0.443115,1.40405,0.457946E-02
0.443726,1.40598,0.432747
0.444336,1.40791,-0.141012E-01
0.444946,1.40985,0.213085
0.445557,1.41178,0.396227
0.446167,1.41372,0.718604
0.446777,1.41565,0.180148
0.447388,1.41758,0.190640E-01
0.447998,1.41952,0.204230
0.448608,1.42145,0.113069
0.449219,1.42339,0.417378E-01
0.449829,1.42532,0.117256
0.450439,1.42725,0.120396
0.451050,1.42919,-0.723206E-01
0.451660,1.43112,0.766105E-01
0.452271,1.43306,0.213164
0.452881,1.43499,0.299453
0.453491,1.43692,-0.419080E-01
0.454102,1.43886,-0.176691E-02
0.454712,1.44079,0.677285
0.455322,1.44273,0.736441E-01
0.455933,1.44466,-0.618380E-01
0.456543,1.44659,0.230392
0.457153,1.44853,0.379011
0.457764,1.45046,0.306098
0.458374,1.45240,-0.116227E-03
0.458984,1.45433,0.726866
0.459595,1.45626,-0.407451E-02
0.460205,1.45820,-0.161037
0.460815,1.46013,0.705205E-02
0.461426,1.46207,-0.346816E-01
0.462036,1.46400,-0.175279E-01
0.462646,1.46593,0.325121
0.463257,1.46787,0.266457
0.463867,1.46980,-0.522229E-01
0.464478,1.47174,-0.155795
0.465088,1.47367,0.179883
0.465698,1.47560,0.306461
0.466309,1.47754,0.147719E-01
0.466919,1.47947,0.798831
0.467529,1.48140,0.831434
0.468140,1.48334,-0.206482E-01
0.468750,1.48527,0.169307
0.469360,1.48721,0.588513
0.469971,1.48914,0.960317E-01
0.470581,1.49107,0.335641E-01
0.471191,1.49301,0.266823
0.471802,1.49494,0.287077
0.472412,1.49688,0.336216
0.473022,1.49881,0.112904E-01
0.473633,1.50074,0.223732
0.474243,1.50268,1.54077
0.474854,1.50461,-0.129244E-01
0.475464,1.50655,0.143454E-01
0.476074,1.50848,0.666293
0.476685,1.51041,0.493352E-01
0.477295,1.51235,-0.338943E-01
0.477905,1.51428,0.836432E-01
0.478516,1.51622,0.528921
0.479126,1.51815,0.550722E-01
0.479736,1.52008,-0.126049
0.480347,1.52202,0.420577E-01
0.480957,1.52395,0.728339E-01
0.481567,1.52589,-0.139604
0.482178,1.52782,-0.207561E-01
0.482788,1.52975,0.774929
0.483398,1.53169,-0.610623E-01
0.484009,1.53362,-0.292350E-01
0.484619,1.53556,-0.241548
0.485229,1.53749,-0.650956E-02
0.485840,1.53942,0.294998
0.486450,1.54136,0.252344E-01
0.487061,1.54329,-0.231802
0.487671,1.54523,0.220482
0.488281,1.54716,0.622312E-01
0.488892,1.54909,-0.246251E-01
0.489502,1.55103,0.730489E-01
0.490112,1.55296,0.107573
0.490723,1.55489,0.293744
0.491333,1.55683,0.176068E-01
0.491943,1.55876,-0.283961E-01
0.492554,1.56070,0.178964
0.493164,1.56263,-0.121122
0.493774,1.56456,0.644065
0.494385,1.56650,0.722015E-01
0.494995,1.56843,0.167672E-01
0.495605,1.57037,-0.229340
0.496216,1.57230,0.276095
0.496826,1.57423,0.966937E-01
0.497437,1.57617,-0.306435E-01
0.498047,1.57810,0.257025
0.498657,1.58004,0.103596
0.499268,1.58197,-0.264309E-01
0.499878,1.58390,0.331459
0.500488,1.58584,-0.154589
0.501099,1.58777,0.274882
0.501709,1.58971,-0.199830E-01
0.502319,1.59164,0.158071
0.502930,1.59357,0.192886
0.503540,1.59551,0.658060E-04
0.504150,1.59744,0.360865E-01
0.504761,1.59938,0.384814
0.505371,1.60131,0.699695E-01
0.505981,1.60324,0.139904
0.506592,1.60518,0.428597E-01
0.507202,1.60711,0.406378
0.507812,1.60905,0.176875
0.508423,1.61098,-0.498912E-01
0.509033,1.61291,0.234571
0.509644,1.61485,0.436651
0.510254,1.61678,-0.371912E-01
0.510864,1.61872,-0.156455
0.511475,1.62065,-0.141627
0.512085,1.62258,0.139588
0.512695,1.62452,-0.328782
0.513306,1.62645,0.599514E-01
0.513916,1.62838,0.366734E-03
0.514526,1.63032,0.350832E-01
0.515137,1.63225,0.280943E-01
0.515747,1.63419,-0.284599
0.516357,1.63612,0.737923E-01
0.516968,1.63805,0.118680E-01
0.517578,1.63999,0.125430
0.518188,1.64192,0.421960
0.518799,1.64386,0.211260E-01
0.519409,1.64579,0.194026
0.520020,1.64772,-0.409236E-02
0.520630,1.64966,0.825304E-01
0.521240,1.65159,-0.237870
0.521851,1.65353,-0.318504E-01
0.522461,1.65546,0.306799
0.523071,1.65739,-0.114028E-01
0.523682,1.65933,0.510517
0.524292,1.66126,0.320552
0.524902,1.66320,0.719086E-01
0.525513,1.66513,0.137730
0.526123,1.66706,0.546396
0.526733,1.66900,0.223099
0.527344,1.67093,0.259646
0.527954,1.67287,-0.325298
0.528564,1.67480,-0.345053E-01
0.529175,1.67673,-0.179009E-01
0.529785,1.67867,-0.387155E-01
0.530396,1.68060,0.187074
0.531006,1.68254,-0.304988
0.531616,1.68447,0.922488E-02
0.532227,1.68640,-0.128799
0.532837,1.68834,0.362416
0.533447,1.69027,0.402149
0.534058,1.69221,0.182925E-01
0.534668,1.69414,-0.553484E-01
0.535278,1.69607,0.245415
0.535889,1.69801,-0.215043E-01
0.536499,1.69994,0.894407
0.537109,1.70187,-0.872625E-01
0.537720,1.70381,-0.114785E-01
0.538330,1.70574,0.284701
0.538940,1.70768,0.165989
0.539551,1.70961,0.736149E-01
0.540161,1.71154,0.971962E-01
0.540771,1.71348,0.834366E-01
0.541382,1.71541,0.159692
0.541992,1.71735,0.517708
0.542603,1.71928,-0.110077
0.543213,1.72121,0.201290
0.543823,1.72315,0.152214
0.544434,1.72508,0.863904E-01
0.545044,1.72702,-0.116836
0.545654,1.72895,0.192334
0.546265,1.73088,0.211399
0.546875,1.73282,-0.154451E-01
0.547485,1.73475,0.940700E-03
0.548096,1.73669,0.211653
0.548706,1.73862,0.108664
0.549316,1.74055,-0.257331
0.549927,1.74249,-0.542675E-01
0.550537,1.74442,-0.150730
0.551147,1.74636,0.599261
0.551758,1.74829,-0.741508E-01
0.552368,1.75022,0.160478
0.552979,1.75216,0.727380E-01
0.553589,1.75409,0.469734E-01
0.554199,1.75603,0.565525E-01
0.554810,1.75796,0.485334
0.555420,1.75989,-0.296295E-01
0.556030,1.76183,-0.679833E-01
0.556641,1.76376,0.757708
0.557251,1.76570,-0.295479E-01
0.557861,1.76763,-0.131832
0.558472,1.76956,0.305680
0.559082,1.77150,0.150187
0.559692,1.77343,0.488151E-01
0.560303,1.77536,-0.157699
0.560913,1.77730,0.797063E-01
0.561523,1.77923,0.311821
0.562134,1.78117,-0.285508
0.562744,1.78310,0.133353
0.563354,1.78503,0.195772
0.563965,1.78697,0.359176E-01
0.564575,1.78890,0.177084E-03
0.565186,1.79084,0.188457
0.565796,1.79277,0.196295
0.566406,1.79470,0.856564E-01
0.567017,1.79664,0.744881E-01
0.567627,1.79857,-0.117561
0.568237,1.80051,0.501669
0.568848,1.80244,0.657027E-01
0.569458,1.80437,0.221183
0.570068,1.80631,0.686137
0.570679,1.80824,0.301470
0.571289,1.81018,-0.726586E-01
0.571899,1.81211,0.668950E-02
0.572510,1.81404,-0.940172E-01
0.573120,1.81598,0.279432
0.573730,1.81791,-0.417089E-01
0.574341,1.81985,0.696058E-01
0.574951,1.82178,-0.336297E-02
0.575562,1.82371,0.184767E-01
0.576172,1.82565,0.290686
0.576782,1.82758,-0.217505E-01
0.577393,1.82952,0.220219
0.578003,1.83145,0.216302
0.578613,1.83338,-0.128196
0.579224,1.83532,0.292115E-01
0.579834,1.83725,0.133227
0.580444,1.83919,0.316896
0.581055,1.84112,0.107198
0.581665,1.84305,0.145244
0.582275,1.84499,0.975567E-01
0.582886,1.84692,0.327967E-01
0.583496,1.84886,0.722604E-01
0.584106,1.85079,-0.680644E-01
0.584717,1.85272,0.164988
0.585327,1.85466,0.149871
0.585938,1.85659,0.389198
0.586548,1.85852,-0.256578E-01
0.587158,1.86046,-0.444312
0.587769,1.86239,0.252106
0.588379,1.86433,0.612798E-02
0.588989,1.86626,-0.570004E-01
0.589600,1.86819,0.251488E-01
0.590210,1.87013,0.619872E-01
0.590820,1.87206,0.871347E-01
0.591431,1.87400,0.222805
0.592041,1.87593,0.114585
0.592651,1.87786,-0.259786E-02
0.593262,1.87980,0.299980
0.593872,1.88173,0.205320
0.594482,1.88367,0.136057
0.595093,1.88560,0.499381
0.595703,1.88753,-0.340098E-01
0.596313,1.88947,0.290667
0.596924,1.89140,1.16434
0.597534,1.89334,0.121639
0.598145,1.89527,0.991185E-01
0.598755,1.89720,-0.234853E-01
0.599365,1.89914,0.773653E-01
0.599976,1.90107,0.450274E-01
0.600586,1.90301,-0.809925E-01
0.601196,1.90494,0.123306
0.601807,1.90687,0.691473E-01
0.602417,1.90881,-0.131791
0.603027,1.91074,-0.549541E-01
0.603638,1.91268,0.314912E-01
0.604248,1.91461,0.345376E-01
0.604858,1.91654,0.183590
0.605469,1.91848,0.831592E-01
0.606079,1.92041,-0.251395
0.606689,1.92235,-0.918268E-01
0.607300,1.92428,0.894658E-02
0.607910,1.92621,0.843092E-01
0.608521,1.92815,0.347254
0.609131,1.93008,0.358076E-01
0.609741,1.93201,-0.171365
0.610352,1.93395,-0.260705
0.610962,1.93588,0.492234E-01
0.611572,1.93782,-0.900758E-01
0.612183,1.93975,0.349829E-01
0.612793,1.94168,0.250682
0.613403,1.94362,0.597435E-01
0.614014,1.94555,0.198637E-01
0.614624,1.94749,-0.735447E-01
0.615234,1.94942,0.237528
0.615845,1.95135,-0.289145
0.616455,1.95329,-0.152411
0.617065,1.95522,0.303829
0.617676,1.95716,0.657652
0.618286,1.95909,0.397622
0.618896,1.96102,0.531603E-01
0.619507,1.96296,0.500909
0.620117,1.96489,0.157034
0.620728,1.96683,0.337803
0.621338,1.96876,-0.465480E-01
0.621948,1.97069,0.275124
0.622559,1.97263,-0.112351
0.623169,1.97456,0.245598
0.623779,1.97650,0.152287
0.624390,1.97843,-0.200352
0.625000,1.98036,0.202050
0.625610,1.98230,0.879922E-01
0.626221,1.98423,0.128168E-01
0.626831,1.98617,-0.105759
0.627441,1.98810,0.990539E-01
0.628052,1.99003,-0.170054
0.628662,1.99197,0.134238E-01
0.629272,1.99390,0.936168E-02
0.629883,1.99584,0.384666E-01
0.630493,1.99777,-0.213177E-01
0.631104,1.99970,0.326599
0.631714,2.00164,-0.546371E-01
0.632324,2.00357,-0.259024
0.632935,2.00550,-0.126215
0.633545,2.00744,0.122163
0.634155,2.00937,0.339395E-02
0.634766,2.01131,-0.700516E-01
0.635376,2.01324,-0.564497E-01
0.635986,2.01517,-0.687946E-01
0.636597,2.01711,0.383324E-01
0.637207,2.01904,0.456850
0.637817,2.02098,-0.106078
0.638428,2.02291,0.254101
0.639038,2.02484,0.328825
0.639648,2.02678,0.164386
0.640259,2.02871,-0.426571E-01
0.640869,2.03065,0.614526E-01
0.641479,2.03258,0.428386
0.642090,2.03451,0.756385E-01
0.642700,2.03645,-0.159265
0.643311,2.03838,0.767459E-01
0.643921,2.04032,0.555219
0.644531,2.04225,0.104639
0.645142,2.04418,-0.496151E-01
0.645752,2.04612,0.151117E-01
0.646362,2.04805,-0.200187E-01
0.646973,2.04999,-0.109595
0.647583,2.05192,0.439624
0.648193,2.05385,0.105976
0.648804,2.05579,0.977261E-01
0.649414,2.05772,-0.223168
0.650024,2.05966,0.907829E-01
0.650635,2.06159,0.230364
0.651245,2.06352,0.613956E-01
0.651855,2.06546,-0.381550E-01
0.652466,2.06739,0.209272E-01
0.653076,2.06933,0.340458E-01
0.653687,2.07126,0.735504E-01
0.654297,2.07319,0.883278E-02
0.654907,2.07513,0.375598E-01
0.655518,2.07706,0.690583E-02
0.656128,2.07899,0.396245E-02
0.656738,2.08093,0.484899E-01
0.657349,2.08286,-0.368050
0.657959,2.08480,-0.378719E-01
0.658569,2.08673,0.322698E-01
0.659180,2.08866,0.147710
0.659790,2.09060,-0.720922E-01
0.660400,2.09253,0.348710E-01
0.661011,2.09447,0.597944
0.661621,2.09640,0.412288E-01
0.662231,2.09833,-0.837921E-01
0.662842,2.10027,0.399405E-01
0.663452,2.10220,-0.473665E-02
0.664062,2.10414,0.104062
0.664673,2.10607,-0.405463E-02
0.665283,2.10800,-0.261088E-01
0.665894,2.10994,-0.645249E-01
0.666504,2.11187,0.159607
0.667114,2.11381,-0.630303E-01
0.667725,2.11574,0.341022
0.668335,2.11767,0.279212E-01
0.668945,2.11961,-0.156880
0.669556,2.12154,-0.427824E-01
0.670166,2.12348,0.453008
0.670776,2.12541,-0.541579
0.671387,2.12734,-0.726698E-02
0.671997,2.12928,-0.386073E-02
0.672607,2.13121,0.323886E-01
0.673218,2.13315,-0.541131E-01
0.673828,2.13508,-0.129098
0.674438,2.13701,0.605719E-01
0.675049,2.13895,0.318138
0.675659,2.14088,0.998385E-01
0.676270,2.14282,0.228773
0.676880,2.14475,0.328882
0.677490,2.14668,0.317685E-01
0.678101,2.14862,0.152637
0.678711,2.15055,-0.264965E-01
0.679321,2.15248,0.456799
0.679932,2.15442,-0.919603E-02
0.680542,2.15635,-0.956019E-01
0.681152,2.15829,0.358836
0.681763,2.16022,-0.142908E-01
0.682373,2.16215,0.868014E-01
0.682983,2.16409,-0.246568E-01
0.683594,2.16602,0.436157
0.684204,2.16796,0.266235E-01
0.684814,2.16989,0.351323E-01
0.685425,2.17182,0.322238
0.686035,2.17376,0.209001
0.686646,2.17569,0.148376
0.687256,2.17763,-0.236913E-01
0.687866,2.17956,-0.136085E-01
0.688477,2.18149,0.409687E-02
0.689087,2.18343,0.240012E-01
0.689697,2.18536,0.689616E-01
0.690308,2.18730,0.350065
0.690918,2.18923,0.805465E-01
0.691528,2.19116,-0.120368
0.692139,2.19310,0.272650E-02
0.692749,2.19503,0.145788
0.693359,2.19697,0.188020
0.693970,2.19890,-0.467431E-01
0.694580,2.20083,0.125273
0.695190,2.20277,0.669381E-01
0.695801,2.20470,-0.183266E-01
0.696411,2.20664,0.384688E-01
0.697021,2.20857,-0.308049
0.697632,2.21050,0.171292
0.698242,2.21244,0.616392E-01
0.698853,2.21437,0.143372E-01
0.699463,2.21631,0.314944
0.700073,2.21824,0.332339
0.700684,2.22017,-0.709881E-02
0.701294,2.22211,0.613342E-01
0.701904,2.22404,0.634222E-01
0.702515,2.22598,-0.426392E-01
0.703125,2.22791,0.148827
0.703735,2.22984,0.662755E-01
0.704346,2.23178,-0.968005E-01
0.704956,2.23371,-0.100808E-01
0.705566,2.23564,0.784163E-01
0.706177,2.23758,-0.132906
0.706787,2.23951,0.811867E-02
0.707397,2.24145,-0.398104E-01
0.708008,2.24338,0.204337E-01
0.708618,2.24531,-0.360768E-01
0.709229,2.24725,-0.432692E-01
0.709839,2.24918,0.364761E-02
0.710449,2.25112,-0.842755E-01
0.711060,2.25305,0.903781E-01
0.711670,2.25498,-0.523922E-01
0.712280,2.25692,0.235920
0.712891,2.25885,0.405123E-01
0.713501,2.26079,0.559018E-02
0.714111,2.26272,-0.116426E-01
0.714722,2.26465,0.200394
0.715332,2.26659,-0.187614E-01
0.715942,2.26852,0.117090E-01
0.716553,2.27046,0.954459E-02
0.717163,2.27239,0.584855
0.717773,2.27432,0.151230E-01
0.718384,2.27626,0.552588
0.718994,2.27819,0.347690E-01
0.719604,2.28013,0.132434
0.720215,2.28206,0.912349E-01
0.720825,2.28399,0.109651
0.721436,2.28593,0.200582
0.722046,2.28786,0.257372
0.722656,2.28980,0.117997
0.723267,2.29173,-0.133298
0.723877,2.29366,-0.217844
0.724487,2.29560,0.319949
0.725098,2.29753,0.992925E-01
0.725708,2.29947,-0.410159E-01
0.726318,2.30140,0.203984E-01
0.726929,2.30333,-0.289919E-01
0.727539,2.30527,0.529356E-01
0.728149,2.30720,-0.157424
0.728760,2.30913,0.399579E-01
0.729370,2.31107,0.431383E-01
0.729980,2.31300,0.256278
0.730591,2.31494,0.609475E-01
0.731201,2.31687,0.164715
0.731812,2.31880,0.381473
0.732422,2.32074,0.294494E-01
0.733032,2.32267,0.479262E-02
0.733643,2.32461,0.247819E-01
0.734253,2.32654,0.949706E-01
0.734863,2.32847,0.230976
0.735474,2.33041,0.170778E-01
0.736084,2.33234,0.724725E-01
0.736694,2.33428,0.336145
0.737305,2.33621,0.151562
0.737915,2.33814,-0.344420E-01
0.738525,2.34008,-0.216299
0.739136,2.34201,-0.195989
0.739746,2.34395,0.155671
0.740356,2.34588,0.127044
0.740967,2.34781,-0.158679
0.741577,2.34975,0.850731E-01
0.742188,2.35168,0.277304
0.742798,2.35362,0.131989
0.743408,2.35555,-0.261830E-02
0.744019,2.35748,0.291151
0.744629,2.35942,-0.557129E-01
0.745239,2.36135,0.463427
0.745850,2.36329,-0.113281
0.746460,2.36522,0.527944E-01
0.747070,2.36715,0.295837
0.747681,2.36909,0.554179E-01
0.748291,2.37102,0.174323
0.748901,2.37296,-0.121314E-01
0.749512,2.37489,0.298673
0.750122,2.37682,-0.123952
0.750732,2.37876,-0.743042E-01
0.751343,2.38069,-0.114293
0.751953,2.38262,0.224064
0.752563,2.38456,0.154938
0.753174,2.38649,0.319603
0.753784,2.38843,-0.147783
0.754395,2.39036,0.165122
0.755005,2.39229,0.380382E-01
0.755615,2.39423,-0.134091
0.756226,2.39616,0.389472
0.756836,2.39810,0.153787
0.757446,2.40003,0.903832E-01
0.758057,2.40196,0.945892E-02
0.758667,2.40390,0.161422E-01
0.759277,2.40583,0.125664
0.759888,2.40777,-0.728671E-01
0.760498,2.40970,-0.178379E-01
0.761108,2.41163,0.136491
0.761719,2.41357,-0.495160E-01
0.762329,2.41550,0.319267E-01
0.762939,2.41744,-0.862035E-01
0.763550,2.41937,-0.685226E-01
0.764160,2.42130,0.959126E-03
0.764771,2.42324,0.136861
0.765381,2.42517,0.233258
0.765991,2.42711,-0.604371E-01
0.766602,2.42904,0.113627
0.767212,2.43097,0.135084
0.767822,2.43291,-0.147711E-02
0.768433,2.43484,-0.261734E-01
0.769043,2.43678,0.226256
0.769653,2.43871,-0.892727E-01
0.770264,2.44064,-0.122120
0.770874,2.44258,-0.912530E-01
0.771484,2.44451,-0.724071E-01
0.772095,2.44645,0.121775E-02
0.772705,2.44838,-0.664790E-01
0.773315,2.45031,-0.100000E-02
0.773926,2.45225,0.693215E-01
0.774536,2.45418,0.213677E-01
0.775146,2.45611,-0.537344E-01
0.775757,2.45805,-0.240998E-01
0.776367,2.45998,0.406391
0.776978,2.46192,0.494404E-03
0.777588,2.46385,0.766174
0.778198,2.46578,0.183972
0.778809,2.46772,0.230111
0.779419,2.46965,0.298566
0.780029,2.47159,0.136038
0.780640,2.47352,0.507309E-01
0.781250,2.47545,0.126828E-01
0.781860,2.47739,-0.124626
0.782471,2.47932,0.161681
0.783081,2.48126,-0.116421
0.783691,2.48319,0.385916
0.784302,2.48512,0.156626
0.784912,2.48706,-0.168507E-01
0.785522,2.48899,0.115858
0.786133,2.49093,0.173352
0.786743,2.49286,-0.119844
0.787354,2.49479,0.353546
0.787964,2.49673,0.292542E-01
0.788574,2.49866,0.222704
0.789185,2.50060,0.250438
0.789795,2.50253,0.309223
0.790405,2.50446,-0.194302
0.791016,2.50640,-0.363491E-01
0.791626,2.50833,0.371458
0.792236,2.51027,0.199638E-01
0.792847,2.51220,0.166737
0.793457,2.51413,0.146102
0.794067,2.51607,0.666723E-01
0.794678,2.51800,0.290088
0.795288,2.51994,0.153491
0.795898,2.52187,0.255053E-01
0.796509,2.52380,0.307333
0.797119,2.52574,0.322806
0.797729,2.52767,-0.922516E-01
0.798340,2.52960,0.342629
0.798950,2.53154,0.158098E-01
0.799561,2.53347,0.516422E-01
0.800171,2.53541,0.408427
0.800781,2.53734,0.236246
0.801392,2.53927,0.838890E-01
0.802002,2.54121,0.284577
0.802612,2.54314,0.254048
0.803223,2.54508,0.118817
0.803833,2.54701,-0.445595E-02
0.804443,2.54894,0.657724E-01
0.805054,2.55088,-0.813116E-01
0.805664,2.55281,0.447133E-01
0.806274,2.55475,-0.616371E-01
0.806885,2.55668,0.704002E-01
0.807495,2.55861,-0.340532E-01
0.808105,2.56055,0.242297E-01
0.808716,2.56248,0.361220E-01
0.809326,2.56442,-0.152271
0.809937,2.56635,0.346899
0.810547,2.56828,0.963914E-01
0.811157,2.57022,0.107360
0.811768,2.57215,-0.306079E-01
0.812378,2.57409,-0.617953E-02
0.812988,2.57602,0.190872
0.813599,2.57795,-0.127066
0.814209,2.57989,0.329819
0.814819,2.58182,-0.411760E-01
0.815430,2.58376,-0.148162
0.816040,2.58569,0.272402
0.816650,2.58762,0.307536E-01
0.817261,2.58956,0.222793
0.817871,2.59149,0.638382E-01
0.818481,2.59343,0.121318
0.819092,2.59536,-0.636941E-02
0.819702,2.59729,0.503622E-02
0.820312,2.59923,-0.252560
0.820923,2.60116,0.275044E-01
0.821533,2.60310,-0.312530E-01
0.822144,2.60503,0.552433E-01
0.822754,2.60696,0.142268
0.823364,2.60890,0.174177
0.823975,2.61083,-0.199836
0.824585,2.61276,0.619586E-01
0.825195,2.61470,0.112900
0.825806,2.61663,-0.514327E-01
0.826416,2.61857,0.183249
0.827026,2.62050,-0.256283
0.827637,2.62243,0.240646
0.828247,2.62437,0.961450E-01
0.828857,2.62630,-0.423913E-01
0.829468,2.62824,0.592222E-01
0.830078,2.63017,0.440121
0.830688,2.63210,0.204435
0.831299,2.63404,0.164764
0.831909,2.63597,0.687689E-01
0.832520,2.63791,0.118507
0.833130,2.63984,-0.431569E-01
0.833740,2.64177,-0.150833E-02
0.834351,2.64371,0.304179
0.834961,2.64564,0.501153
0.835571,2.64758,-0.190227
0.836182,2.64951,0.199742
0.836792,2.65144,-0.735223E-01
0.837402,2.65338,-0.271133E-02
0.838013,2.65531,0.205912
0.838623,2.65725,0.585387E-01
0.839233,2.65918,0.335361
0.839844,2.66111,0.127265
0.840454,2.66305,0.821709
0.841064,2.66498,-0.163451
0.841675,2.66692,0.277602
0.842285,2.66885,-0.155534
0.842896,2.67078,-0.423699E-01
0.843506,2.67272,0.489824
0.844116,2.67465,0.160209
0.844727,2.67659,0.609728E-01
0.845337,2.67852,-0.444138E-02
0.845947,2.68045,-0.234192E-01
0.846558,2.68239,-0.696431E-01
0.847168,2.68432,0.284090E-01
0.847778,2.68625,0.153132
0.848389,2.68819,0.164018
0.848999,2.69012,0.288550
0.849609,2.69206,0.954342E-01
0.850220,2.69399,0.158016
0.850830,2.69592,-0.709278E-01
0.851440,2.69786,0.229905
0.852051,2.69979,0.196010
0.852661,2.70173,0.636390E-01
0.853271,2.70366,0.515861E-01
0.853882,2.70559,0.419917E-01
0.854492,2.70753,0.504278E-01
0.855103,2.70946,0.338599
0.855713,2.71140,-0.248542
0.856323,2.71333,-0.129225
0.856934,2.71526,0.234496E-01
0.857544,2.71720,0.674414E-01
0.858154,2.71913,-0.633288E-02
0.858765,2.72107,-0.696589E-01
0.859375,2.72300,0.207587
0.859985,2.72493,0.215487
0.860596,2.72687,0.499418
0.861206,2.72880,-0.782965E-01
0.861816,2.73074,0.210208E-01
0.862427,2.73267,-0.699460E-01
0.863037,2.73460,0.160362E-02
0.863647,2.73654,0.387893E-01
0.864258,2.73847,-0.119184
0.864868,2.74041,-0.109426E-01
0.865479,2.74234,0.233851
0.866089,2.74427,0.657299E-01
0.866699,2.74621,0.185671
0.867310,2.74814,0.292660
0.867920,2.75008,0.210864
0.868530,2.75201,-0.350045E-01
0.869141,2.75394,0.284543
0.869751,2.75588,-0.714683E-01
0.870361,2.75781,-0.292655
0.870972,2.75974,0.236043E-01
0.871582,2.76168,0.260815
0.872192,2.76361,0.225135E-01
0.872803,2.76555,0.189860
0.873413,2.76748,0.118624
0.874023,2.76941,-0.643368E-02
0.874634,2.77135,-0.137074
0.875244,2.77328,0.252783
0.875854,2.77522,0.407383
0.876465,2.77715,-0.312341E-01
0.877075,2.77908,0.292111E-01
0.877686,2.78102,0.151656
0.878296,2.78295,0.559936
0.878906,2.78489,-0.409535E-01
0.879517,2.78682,0.622828E-01
0.880127,2.78875,0.970839E-01
0.880737,2.79069,0.304436
0.881348,2.79262,0.933046E-01
0.881958,2.79456,0.135596
0.882568,2.79649,0.124424
0.883179,2.79842,0.373881
0.883789,2.80036,-0.155658
0.884399,2.80229,0.964196E-01
0.885010,2.80423,0.133108
0.885620,2.80616,0.186767
0.886230,2.80809,-0.128807E-01
0.886841,2.81003,0.473109
0.887451,2.81196,0.168362E-01
0.888062,2.81390,-0.699259E-01
0.888672,2.81583,0.129151
0.889282,2.81776,0.302623E-01
0.889893,2.81970,0.538159E-02
0.890503,2.82163,0.112545
0.891113,2.82357,-0.647397E-01
0.891724,2.82550,0.160742
0.892334,2.82743,0.187414
0.892944,2.82937,0.589630E-02
0.893555,2.83130,0.230785E-01
0.894165,2.83323,-0.172993
0.894775,2.83517,0.123889
0.895386,2.83710,0.325616
0.895996,2.83904,-0.828600E-01
0.896606,2.84097,-0.166201E-01
0.897217,2.84290,0.154874
0.897827,2.84484,0.128700E-01
0.898438,2.84677,-0.494640E-01
0.899048,2.84871,-0.359243E-01
0.899658,2.85064,0.815405E-01
0.900269,2.85257,0.404696E-01
0.900879,2.85451,0.156794E-01
0.901489,2.85644,-0.153952E-01
0.902100,2.85838,0.144633
0.902710,2.86031,0.131726E-01
0.903320,2.86224,-0.760568E-01
0.903931,2.86418,-0.114861
0.904541,2.86611,1.20554
0.905151,2.86805,0.546232
0.905762,2.86998,0.181068
0.906372,2.87191,0.108618
0.906982,2.87385,0.435062
0.907593,2.87578,0.136608
0.908203,2.87772,0.739415E-01
0.908813,2.87965,-0.279662
0.909424,2.88158,0.357699
0.910034,2.88352,0.906741E-01
0.910645,2.88545,0.156524
0.911255,2.88739,0.153446
0.911865,2.88932,0.827323E-02
0.912476,2.89125,0.270570
0.913086,2.89319,0.181583
0.913696,2.89512,-0.969124E-02
0.914307,2.89706,0.125466
0.914917,2.89899,0.705453
0.915527,2.90092,-0.828581E-01
0.916138,2.90286,-0.100939E-01
0.916748,2.90479,0.255097
0.917358,2.90672,0.203070
0.917969,2.90866,0.589059
0.918579,2.91059,0.456007E-01
0.919189,2.91253,0.127600
0.919800,2.91446,0.253924
0.920410,2.91639,0.886490E-01
0.921021,2.91833,-0.431765E-01
0.921631,2.92026,0.104935
0.922241,2.92220,-0.203271
0.922852,2.92413,0.393020
0.923462,2.92606,0.143788
0.924072,2.92800,0.140797
0.924683,2.92993,0.176376
0.925293,2.93187,0.687881E-01
0.925903,2.93380,0.101732
0.926514,2.93573,0.377883E-01
0.927124,2.93767,-0.163645
0.927734,2.93960,0.579671
0.928345,2.94154,-0.140401E-01
0.928955,2.94347,-0.418734E-01
0.929565,2.94540,0.348028E-01
0.930176,2.94734,0.735258E-03
0.930786,2.94927,0.867690E-01
0.931396,2.95121,0.519392E-01
0.932007,2.95314,0.763542E-01
0.932617,2.95507,0.193920
0.933228,2.95701,-0.174693
0.933838,2.95894,0.129658
0.934448,2.96088,-0.541933E-01
0.935059,2.96281,0.856407E-01
0.935669,2.96474,-0.130702
0.936279,2.96668,-0.129723
0.936890,2.96861,0.295662
0.937500,2.97055,0.695810E-01
0.938110,2.97248,0.369950E-01
0.938721,2.97441,0.253889
0.939331,2.97635,-0.196483
0.939941,2.97828,0.514713
0.940552,2.98022,0.134753E-01
0.941162,2.98215,0.156356
0.941772,2.98408,0.555439E-01
0.942383,2.98602,0.701374E-01
0.942993,2.98795,0.297337E-01
0.943604,2.98988,0.418449E-02
0.944214,2.99182,-0.441774E-01
0.944824,2.99375,0.323395
0.945435,2.99569,0.157735
0.946045,2.99762,0.712515E-01
0.946655,2.99955,0.213815
0.947266,3.00149,0.455190
0.947876,3.00342,0.111437
0.948486,3.00536,0.267370
0.949097,3.00729,0.164590
0.949707,3.00922,-0.246426
0.950317,3.01116,-0.316276E-01
0.950928,3.01309,0.423877E-01
0.951538,3.01503,-0.599744E-01
0.952148,3.01696,-0.128434E-01
0.952759,3.01889,0.190162
0.953369,3.02083,0.118730
0.953979,3.02276,0.347370
0.954590,3.02470,0.137362
0.955200,3.02663,0.277960E-01
0.955811,3.02856,-0.923319E-01
0.956421,3.03050,-0.576868E-01
0.957031,3.03243,0.587540E-01
0.957642,3.03437,-0.443257E-01
0.958252,3.03630,-0.210573
0.958862,3.03823,0.612777E-01
0.959473,3.04017,0.420739E-01
0.960083,3.04210,0.311763E-02
0.960693,3.04404,0.340931E-01
0.961304,3.04597,0.443699E-01
0.961914,3.04790,0.157906
0.962524,3.04984,0.342685
0.963135,3.05177,0.445290E-01
0.963745,3.05371,-0.850542E-01
0.964355,3.05564,-0.716617E-01
0.964966,3.05757,-0.377896E-01
0.965576,3.05951,-0.307719E-01
0.966187,3.06144,0.217980E-01
0.966797,3.06337,-0.673060E-01
0.967407,3.06531,-0.890178E-01
0.968018,3.06724,0.883644E-01
0.968628,3.06918,0.144111
0.969238,3.07111,-0.300801E-01
0.969849,3.07304,-0.191211E-01
0.970459,3.07498,0.255510
0.971069,3.07691,0.221237
0.971680,3.07885,-0.455391E-01
0.972290,3.08078,0.471079
0.972900,3.08271,0.398418
0.973511,3.08465,0.434831
0.974121,3.08658,-0.384325E-01
0.974731,3.08852,0.625083E-01
0.975342,3.09045,0.422280
0.975952,3.09238,-0.707383E-01
0.976562,3.09432,-0.470793E-01
0.977173,3.09625,-0.447911E-01
0.977783,3.09819,0.731480E-01
0.978394,3.10012,0.192338
0.979004,3.10205,0.730740E-01
0.979614,3.10399,0.144875
0.980225,3.10592,0.668179
0.980835,3.10786,-0.242166E-02
0.981445,3.10979,0.628393
0.982056,3.11172,0.150993
0.982666,3.11366,0.135698E-01
0.983276,3.11559,-0.391694E-01
0.983887,3.11753,-0.396479E-01
0.984497,3.11946,-0.145934
0.985107,3.12139,0.351321
0.985718,3.12333,-0.606872E-01
0.986328,3.12526,-0.862032E-02
0.986938,3.12720,0.157090E-01
0.987549,3.12913,0.541442
0.988159,3.13106,0.178483
0.988770,3.13300,0.198963
0.989380,3.13493,-0.178837
0.989990,3.13686,0.137103
0.990601,3.13880,-0.583012E-01
0.991211,3.14073,-0.452297E-01
0.991821,3.14267,0.112207
0.992432,3.14460,0.261362E-01
0.993042,3.14653,0.478667E-01
0.993652,3.14847,-0.166936
0.994263,3.15040,-0.208279E-01
0.994873,3.15234,0.615312E-01
0.995483,3.15427,0.110267
0.996094,3.15620,0.603061E-01
0.996704,3.15814,0.397051E-01
0.997314,3.16007,-0.846674E-02
0.997925,3.16201,0.674500E-01
0.998535,3.16394,0.197367E-01
0.999146,3.16587,-0.312667E-01
0.999756,3.16781,-0.127724E-02
1.00037,3.16974,0.237078
1.00098,3.17168,-0.586335E-01
1.00159,3.17361,0.317805E-02
1.00220,3.17554,0.385760
1.00281,3.17748,0.533131E-01
1.00342,3.17941,0.124120
1.00403,3.18135,-0.557930E-01
1.00464,3.18328,-0.180138
1.00525,3.18521,0.310998
1.00586,3.18715,0.213490E-01
1.00647,3.18908,0.359717
1.00708,3.19102,-0.672446E-01
1.00769,3.19295,-0.284573E-01
1.00830,3.19488,0.111180
1.00891,3.19682,-0.629005E-03
1.00952,3.19875,0.506237E-01
1.01013,3.20069,0.261474E-01
1.01074,3.20262,-0.315902E-01
1.01135,3.20455,0.132688E-01
1.01196,3.20649,0.197689
1.01257,3.20842,0.125526
1.01318,3.21035,-0.394128E-01
1.01379,3.21229,0.157177E-01
1.01440,3.21422,0.199710
1.01501,3.21616,-0.243495
1.01562,3.21809,0.976003E-01
1.01624,3.22002,0.486267E-01
1.01685,3.22196,0.136731
1.01746,3.22389,0.319625
1.01807,3.22583,0.599774
1.01868,3.22776,0.159608
1.01929,3.22969,0.322668
1.01990,3.23163,0.215190
1.02051,3.23356,0.234863
1.02112,3.23550,-0.157087
1.02173,3.23743,0.253918E-01
1.02234,3.23936,0.241445E-01
1.02295,3.24130,0.165881
1.02356,3.24323,0.111850E-01
1.02417,3.24517,0.329511
1.02478,3.24710,0.137579E-01
1.02539,3.24903,-0.127409
1.02600,3.25097,-0.494609E-01
1.02661,3.25290,-0.170480E-01
1.02722,3.25484,0.293159
1.02783,3.25677,-0.116880
1.02844,3.25870,0.115075
1.02905,3.26064,0.124455E-01
1.02966,3.26257,0.558937E-01
1.03027,3.26451,0.272402
1.03088,3.26644,-0.194418E-01
1.03149,3.26837,0.128897E-02
1.03210,3.27031,-0.172388
1.03271,3.27224,0.486315
1.03333,3.27418,0.354914
1.03394,3.27611,0.369624
1.03455,3.27804,1.03027
1.03516,3.27998,0.314105
1.03577,3.28191,0.325587
1.03638,3.28385,-0.467840E-01
1.03699,3.28578,0.572803E-01
1.03760,3.28771,0.215121
1.03821,3.28965,0.287792
1.03882,3.29158,0.224686
1.03943,3.29351,-0.373987E-01
1.04004,3.29545,0.197824
1.04065,3.29738,0.929392E-02
1.04126,3.29932,0.431385E-01
1.04187,3.30125,0.390519
1.04248,3.30318,0.108893
1.04309,3.30512,0.801395E-01
1.04370,3.30705,0.100952
1.04431,3.30899,0.841579E-01
1.04492,3.31092,0.331022E-01
1.04553,3.31285,0.354932E-01
1.04614,3.31479,0.273825E-01
1.04675,3.31672,-0.427696E-01
1.04736,3.31866,0.155173
1.04797,3.32059,0.998857E-01
1.04858,3.32252,0.128905
1.04919,3.32446,0.969701E-02
1.04980,3.32639,-0.386877E-02
1.05042,3.32833,0.610360
1.05103,3.33026,-0.623027E-01
1.05164,3.33219,-0.119069
1.05225,3.33413,0.118242
1.05286,3.33606,0.130431
1.05347,3.33800,0.245807
1.05408,3.33993,0.478276E-01
1.05469,3.34186,-0.182439E-01
1.05530,3.34380,0.105736
1.05591,3.34573,-0.201222
1.05652,3.34767,-0.117686E-01
1.05713,3.34960,0.133050E-01
1.05774,3.35153,-0.110665E-01
1.05835,3.35347,0.165000E-01
1.05896,3.35540,0.943534E-01
1.05957,3.35734,-0.798085E-01
1.06018,3.35927,0.563347
1.06079,3.36120,0.222781E-01
1.06140,3.36314,0.582669E-01
1.06201,3.36507,0.780646E-01
1.06262,3.36700,0.579121E-02
1.06323,3.36894,0.582906E-01
1.06384,3.37087,0.594897
1.06445,3.37281,0.114736
1.06506,3.37474,0.693765E-01
1.06567,3.37667,0.192585
1.06628,3.37861,-0.109881E-01
1.06689,3.38054,0.218069E-01
1.06750,3.38248,0.141330
1.06812,3.38441,0.213659
1.06873,3.38634,-0.761977E-02
1.06934,3.38828,-0.178578
1.06995,3.39021,-0.187622E-01
1.07056,3.39215,-0.968026E-01
1.07117,3.39408,0.125279
1.07178,3.39601,-0.154536E-01
1.07239,3.39795,0.115746
1.07300,3.39988,0.291618E-01
1.07361,3.40182,-0.722068E-03
1.07422,3.40375,-0.353199E-01
1.07483,3.40568,-0.297352E-01
1.07544,3.40762,0.265088E-01
1.07605,3.40955,0.280130
1.07666,3.41149,-0.655220E-01
1.07727,3.41342,0.156929
1.07788,3.41535,0.578034E-01
1.07849,3.41729,-0.364078E-01
1.07910,3.41922,0.320830
1.07971,3.42116,0.545339
1.08032,3.42309,-0.544353E-01
1.08093,3.42502,0.282618
1.08154,3.42696,-0.466684E-01
1.08215,3.42889,-0.976265E-01
1.08276,3.43083,0.150805
1.08337,3.43276,-0.477287E-01
1.08398,3.43469,-0.784773E-03
1.08459,3.43663,0.166286E-01
1.08521,3.43856,0.129511
1.08582,3.44049,-0.911024E-01
1.08643,3.44243,-0.376945E-01
1.08704,3.44436,0.429992E-01
1.08765,3.44630,-0.513075E-01
1.08826,3.44823,-0.239260E-02
1.08887,3.45016,-0.750862E-01
1.08948,3.45210,0.325594
1.09009,3.45403,-0.328989E-01
1.09070,3.45597,-0.852504E-01
1.09131,3.45790,0.493830
1.09192,3.45983,0.239216
1.09253,3.46177,0.134781
1.09314,3.46370,0.746494E-01
1.09375,3.46564,0.105343
1.09436,3.46757,-0.324556E-01
1.09497,3.46950,0.685986E-01
1.09558,3.47144,-0.834822E-01
1.09619,3.47337,-0.445818E-01
1.09680,3.47531,0.158662E-02
1.09741,3.47724,0.263776
1.09802,3.47917,0.188911E-01
1.09863,3.48111,0.613464E-01
1.09924,3.48304,-0.481329E-01
1.09985,3.48498,-0.720802E-02
1.10046,3.48691,0.179579E-01
1.10107,3.48884,0.300817
1.10168,3.49078,0.338864
1.10229,3.49271,0.527835
1.10291,3.49465,-0.177695
1.10352,3.49658,0.167811
1.10413,3.49851,0.455020E-02
1.10474,3.50045,0.103297
1.10535,3.50238,0.108398
1.10596,3.50432,-0.110361
1.10657,3.50625,0.160287E-01
1.10718,3.50818,-0.356123E-01
1.10779,3.51012,-0.159365E-01
1.10840,3.51205,-0.143854
1.10901,3.51398,0.781663E-02
1.10962,3.51592,0.113059E-01
1.11023,3.51785,-0.370075E-01
1.11084,3.51979,0.533751E-01
1.11145,3.52172,0.299852E-01
1.11206,3.52365,0.165878E-01
1.11267,3.52559,-0.199046
1.11328,3.52752,0.156556
1.11389,3.52946,0.124360
1.11450,3.53139,0.127670
1.11511,3.53332,0.369930E-01
1.11572,3.53526,0.157185
1.11633,3.53719,-0.535708E-01
1.11694,3.53913,-0.475021E-01
1.11755,3.54106,0.191640E-01
1.11816,3.54299,0.941738E-01
1.11877,3.54493,0.286155
1.11938,3.54686,0.291018E-01
1.12000,3.54880,0.140076E-01
1.12061,3.55073,0.166635E-01
1.12122,3.55266,-0.845982E-02
1.12183,3.55460,0.425434
1.12244,3.55653,0.488413E-01
1.12305,3.55847,0.931912E-01
1.12366,3.56040,0.118248
1.12427,3.56233,0.773859E-01
1.12488,3.56427,0.222854
1.12549,3.56620,-0.209560E-01
1.12610,3.56814,-0.106956
1.12671,3.57007,0.287496E-01
1.12732,3.57200,-0.913656E-01
1.12793,3.57394,0.138807
1.12854,3.57587,-0.634069E-02
1.12915,3.57781,0.704961E-02
1.12976,3.57974,-0.107832
1.13037,3.58167,0.177391
1.13098,3.58361,0.167960E-01
1.13159,3.58554,0.784554E-01
1.13220,3.58747,-0.132772E-01
1.13281,3.58941,0.160728
1.13342,3.59134,0.189738
1.13403,3.59328,-0.102924
1.13464,3.59521,0.247939E-01
1.13525,3.59714,0.285185E-01
1.13586,3.59908,0.189052
1.13647,3.60101,0.282309E-01
1.13708,3.60295,-0.133434
1.13770,3.60488,0.136896
1.13831,3.60681,0.290433
1.13892,3.60875,0.244936
1.13953,3.61068,0.117416
1.14014,3.61262,-0.477283E-02
1.14075,3.61455,-0.104830
1.14136,3.61648,-0.380871E-01
1.14197,3.61842,0.743212E-01
1.14258,3.62035,0.309438E-01
1.14319,3.62229,0.203535
1.14380,3.62422,0.341192E-01
1.14441,3.62615,0.892612E-01
1.14502,3.62809,-0.909998E-01
1.14563,3.63002,0.298609
1.14624,3.63196,0.512640E-01
1.14685,3.63389,0.552712E-01
1.14746,3.63582,0.184091E-01
1.14807,3.63776,0.121700
1.14868,3.63969,0.325719
1.14929,3.64163,-0.261556E-01
1.14990,3.64356,0.603459E-01
1.15051,3.64549,-0.157181E-01
1.15112,3.64743,-0.120011
1.15173,3.64936,0.100810
1.15234,3.65130,-0.177117E-01
1.15295,3.65323,0.102660
1.15356,3.65516,0.472449E-01
1.15417,3.65710,-0.119256
1.15479,3.65903,-0.903578E-01
1.15540,3.66097,0.958030E-01
1.15601,3.66290,0.421555
1.15662,3.66483,0.105389
1.15723,3.66677,-0.389274E-02
1.15784,3.66870,-0.137444
1.15845,3.67063,-0.177526
1.15906,3.67257,0.158596
1.15967,3.67450,-0.280680
1.16028,3.67644,0.821569E-01
1.16089,3.67837,0.143901
1.16150,3.68030,0.313987
1.16211,3.68224,0.522286E-01
1.16272,3.68417,-0.477990E-02
1.16333,3.68611,-0.145125
1.16394,3.68804,0.198703E-01
1.16455,3.68997,0.147883E-01
1.16516,3.69191,-0.126791E-01
1.16577,3.69384,0.236999
1.16638,3.69578,0.562481E-01
1.16699,3.69771,0.107359
1.16760,3.69964,-0.169486E-01
1.16821,3.70158,0.382091E-02
1.16882,3.70351,-0.276742E-02
1.16943,3.70545,-0.777770E-01
1.17004,3.70738,0.407895E-01
1.17065,3.70931,-0.512620E-01
1.17126,3.71125,0.148695
1.17188,3.71318,-0.166693
1.17249,3.71512,0.385407E-01
1.17310,3.71705,0.231386
1.17371,3.71898,-0.110092
1.17432,3.72092,-0.876134E-01
1.17493,3.72285,-0.103826
1.17554,3.72479,0.673405E-01
1.17615,3.72672,0.211923
1.17676,3.72865,-0.191026
1.17737,3.73059,-0.100772E-01
1.17798,3.73252,-0.310099E-01
1.17859,3.73446,-0.330466
1.17920,3.73639,-0.104538
1.17981,3.73832,0.754096E-01
1.18042,3.74026,-0.351446E-01
1.18103,3.74219,0.142646E-01
1.18164,3.74412,0.770265E-01
1.18225,3.74606,-0.139269E-02
1.18286,3.74799,0.726120E-01
1.18347,3.74993,0.199942
1.18408,3.75186,-0.412567E-01
1.18469,3.75379,0.123133
1.18530,3.75573,0.368481E-01
1.18591,3.75766,0.107962
1.18652,3.75960,0.426159E-01
1.18713,3.76153,0.698911E-01
1.18774,3.76346,-0.111585E-01
1.18835,3.76540,-0.838545E-01
1.18896,3.76733,0.476316E-01
1.18958,3.76927,-0.135825
1.19019,3.77120,-0.634973E-01
1.19080,3.77313,0.103019
1.19141,3.77507,-0.112188
1.19202,3.77700,0.119614
1.19263,3.77894,0.159405
1.19324,3.78087,0.205952E-01
1.19385,3.78280,0.216053
1.19446,3.78474,0.187702
1.19507,3.78667,0.754302E-01
1.19568,3.78861,0.517891
1.19629,3.79054,-0.754119E-02
1.19690,3.79247,0.365284E-01
1.19751,3.79441,-0.589948E-01
1.19812,3.79634,0.230531
1.19873,3.79828,-0.608858E-02
1.19934,3.80021,-0.646550E-01
1.19995,3.80214,0.251736E-01
1.20056,3.80408,0.780987E-01
1.20117,3.80601,0.963964E-01
1.20178,3.80795,-0.843012E-01
1.20239,3.80988,0.199451E-01
1.20300,3.81181,0.246918
1.20361,3.81375,-0.151536
1.20422,3.81568,0.185436
1.20483,3.81761,-0.718039E-01
1.20544,3.81955,-0.133845
1.20605,3.82148,0.127372E-01
1.20667,3.82342,-0.940677E-01
1.20728,3.82535,-0.748626E-02
1.20789,3.82728,0.613767E-01
1.20850,3.82922,0.182893
1.20911,3.83115,-0.111146
1.20972,3.83309,0.745697E-01
1.21033,3.83502,0.182168
1.21094,3.83695,-0.108723
1.21155,3.83889,0.431382
1.21216,3.84082,-0.352040E-01
1.21277,3.84276,0.961085E-03
1.21338,3.84469,-0.154496
1.21399,3.84662,0.377252
1.21460,3.84856,0.676635E-01
1.21521,3.85049,0.562942E-01
1.21582,3.85243,0.380739
1.21643,3.85436,0.296122E-01
1.21704,3.85629,0.859729E-01
1.21765,3.85823,-0.180672E-01
1.21826,3.86016,0.237652
1.21887,3.86210,-0.856744E-01
1.21948,3.86403,-0.483178E-02
1.22009,3.86596,0.608206E-01
1.22070,3.86790,0.423693E-02
1.22131,3.86983,-0.770793E-01
1.22192,3.87177,0.720414E-02
1.22253,3.87370,-0.156871E-01
1.22314,3.87563,0.426710E-01
1.22375,3.87757,-0.775503E-02
1.22437,3.87950,-0.125558E-01
1.22498,3.88144,0.205548
1.22559,3.88337,-0.156563E-01
1.22620,3.88530,0.171002
1.22681,3.88724,0.246436
1.22742,3.88917,-0.326913E-01
1.22803,3.89110,-0.381177E-01
1.22864,3.89304,-0.420694E-01
1.22925,3.89497,0.201512
1.22986,3.89691,-0.115809
1.23047,3.89884,0.307623E-01
1.23108,3.90077,0.696431E-01
1.23169,3.90271,0.110729
1.23230,3.90464,0.795011E-01
1.23291,3.90658,0.166606
1.23352,3.90851,0.222555
1.23413,3.91044,0.807965E-01
1.23474,3.91238,-0.370224E-01
1.23535,3.91431,0.104043
1.23596,3.91625,-0.268907
1.23657,3.91818,0.322235E-01
1.23718,3.92011,0.409998E-01
1.23779,3.92205,0.365588E-02
1.23840,3.92398,0.636552E-01
1.23901,3.92592,-0.473910E-01
1.23962,3.92785,-0.849207E-01
1.24023,3.92978,0.278407
1.24084,3.93172,0.502023E-02
1.24146,3.93365,-0.732893E-01
1.24207,3.93559,0.214326E-01
1.24268,3.93752,-0.144758E-01
1.24329,3.93945,0.153862E-01
1.24390,3.94139,-0.187829E-01
1.24451,3.94332,0.616799
1.24512,3.94526,0.127102
1.24573,3.94719,-0.497534E-01
1.24634,3.94912,-0.569869E-01
1.24695,3.95106,0.280279
1.24756,3.95299,0.148347
1.24817,3.95493,-0.242121E-01
1.24878,3.95686,-0.105226
1.24939,3.95879,-0.170946
1.25000,3.96073,-0.121225
1.25061,3.96266,0.534901E-01
1.25122,3.96459,0.104332
1.25183,3.96653,0.316524
1.25244,3.96846,0.202892E-02
1.25305,3.97040,0.324810E-01
1.25366,3.97233,-0.161422E-01
1.25427,3.97426,0.106280E-01
1.25488,3.97620,-0.219864E-02
1.25549,3.97813,0.866288E-01
1.25610,3.98007,-0.216576
1.25671,3.98200,0.239939
1.25732,3.98393,0.292246
1.25793,3.98587,0.165876
1.25854,3.98780,-0.352162E-02
1.25916,3.98974,0.270628
1.25977,3.99167,-0.293554E-01
1.26038,3.99360,0.396579E-01
1.26099,3.99554,0.119304
1.26160,3.99747,0.164648
1.26221,3.99941,-0.555111E-01
1.26282,4.00134,0.206705E-01
1.26343,4.00327,-0.320561E-01
1.26404,4.00521,-0.241512
1.26465,4.00714,-0.561420E-01
1.26526,4.00908,-0.167664E-01
1.26587,4.01101,-0.624780E-01
1.26648,4.01294,0.120438
1.26709,4.01488,0.236799
1.26770,4.01681,-0.195562E-01
1.26831,4.01875,0.192142
1.26892,4.02068,-0.840453E-01
1.26953,4.02261,0.186398E-01
1.27014,4.02455,0.100732
1.27075,4.02648,-0.597541E-01
1.27136,4.02842,0.300107E-01
1.27197,4.03035,0.168973E-01
1.27258,4.03228,0.136851
1.27319,4.03422,-0.147700E-01
1.27380,4.03615,-0.647644E-01
1.27441,4.03809,-0.834712E-01
1.27502,4.04002,0.382407E-01
1.27563,4.04195,0.206338
1.27625,4.04389,0.181758
1.27686,4.04582,-0.154805
1.27747,4.04775,0.366336E-01
1.27808,4.04969,-0.773160E-01
1.27869,4.05162,0.520015E-01
1.27930,4.05356,-0.588933E-02
1.27991,4.05549,0.104097
1.28052,4.05742,-0.188613E-01
1.28113,4.05936,0.680770E-01
1.28174,4.06129,0.835206E-01
1.28235,4.06323,-0.219846E-01
1.28296,4.06516,0.147634
1.28357,4.06709,0.169636E-01
1.28418,4.06903,0.226585
1.28479,4.07096,0.288991E-01
1.28540,4.07290,-0.279331E-02
1.28601,4.07483,0.319232E-01
1.28662,4.07676,0.125151E-01
1.28723,4.07870,0.514066E-01
1.28784,4.08063,0.496181E-01
1.28845,4.08257,0.219774E-01
1.28906,4.08450,0.128232
1.28967,4.08643,0.266153
1.29028,4.08837,0.211482
1.29089,4.09030,-0.180045E-03
1.29150,4.09224,0.548490E-01
1.29211,4.09417,-0.859424E-04
1.29272,4.09610,-0.247926E-01
1.29333,4.09804,0.160399
1.29395,4.09997,-0.350264E-01
1.29456,4.10191,0.293546E-01
1.29517,4.10384,0.257347
1.29578,4.10577,-0.675669E-01
1.29639,4.10771,-0.157845
1.29700,4.10964,0.221554
1.29761,4.11158,-0.209508
1.29822,4.11351,0.193691
1.29883,4.11544,0.384386E-01
1.29944,4.11738,-0.498747E-01
1.30005,4.11931,0.105386
1.30066,4.12124,0.953495E-01
1.30127,4.12318,0.783473E-01
1.30188,4.12511,0.201463
1.30249,4.12705,0.609360E-01
1.30310,4.12898,-0.734989E-01
1.30371,4.13091,0.164241E-01
1.30432,4.13285,0.129863
1.30493,4.13478,-0.547832E-01
1.30554,4.13672,-0.794327E-01
1.30615,4.13865,-0.326730E-01
1.30676,4.14058,-0.161722E-01
1.30737,4.14252,0.228636
1.30798,4.14445,0.293212E-01
1.30859,4.14639,-0.649537E-01
1.30920,4.14832,-0.505528E-01
1.30981,4.15025,0.196711E-01
1.31042,4.15219,-0.650483E-01
1.31104,4.15412,0.112893
1.31165,4.15606,0.739796E-01
1.31226,4.15799,0.453749
1.31287,4.15992,-0.574511E-01
1.31348,4.16186,0.122300
1.31409,4.16379,-0.169037E-01
1.31470,4.16573,0.326884E-01
1.31531,4.16766,0.579430E-01
1.31592,4.16959,-0.300600E-01
1.31653,4.17153,0.103341
1.31714,4.17346,-0.115148E-01
1.31775,4.17540,0.129695
1.31836,4.17733,0.105687E-01
1.31897,4.17926,0.244979
1.31958,4.18120,0.112384E-01
1.32019,4.18313,-0.908384E-02
1.32080,4.18507,0.370193E-01
1.32141,4.18700,0.657350E-01
1.32202,4.18893,0.130326
1.32263,4.19087,0.401433E-02
1.32324,4.19280,0.988152E-01
1.32385,4.19473,-0.254247
1.32446,4.19667,0.215092E-01
1.32507,4.19860,-0.119337
1.32568,4.20054,0.390574
1.32629,4.20247,0.184143
1.32690,4.20440,0.286858
1.32751,4.20634,-0.293107
1.32812,4.20827,-0.906263E-01
1.32874,4.21021,0.195199E-01
1.32935,4.21214,-0.367004E-01
1.32996,4.21407,0.262451
1.33057,4.21601,0.982050E-01
1.33118,4.21794,-0.293511E-01
1.33179,4.21988,0.315314
1.33240,4.22181,0.352774E-01
1.33301,4.22374,0.423281
1.33362,4.22568,-0.185738E-01
1.33423,4.22761,0.297042E-01
1.33484,4.22955,0.584876E-01
1.33545,4.23148,0.722739E-01
1.33606,4.23341,-0.403470E-01
1.33667,4.23535,0.774870
1.33728,4.23728,0.545695
1.33789,4.23922,-0.941091E-01
1.33850,4.24115,-0.415355E-01
1.33911,4.24308,0.116732E-01
1.33972,4.24502,-0.166214
1.34033,4.24695,-0.249970E-01
1.34094,4.24889,0.162424
1.34155,4.25082,-0.554901E-02
1.34216,4.25275,-0.629410E-01
1.34277,4.25469,-0.624814E-01
1.34338,4.25662,-0.476267E-01
1.34399,4.25856,0.164980E-01
1.34460,4.26049,0.336654E-02
1.34521,4.26242,-0.390629E-02
1.34583,4.26436,0.144756E-01
1.34644,4.26629,-0.889339E-01
1.34705,4.26822,0.612256E-01
1.34766,4.27016,0.484109E-01
1.34827,4.27209,0.261197E-01
1.34888,4.27403,-0.532396E-01
1.34949,4.27596,0.907322E-01
1.35010,4.27789,0.176202
1.35071,4.27983,-0.710348E-01
1.35132,4.28176,0.142957
1.35193,4.28370,0.632435
1.35254,4.28563,0.137664
1.35315,4.28756,0.165485
1.35376,4.28950,0.137347
1.35437,4.29143,-0.427126E-01
1.35498,4.29337,0.224139
1.35559,4.29530,0.166476
1.35620,4.29723,0.144121
1.35681,4.29917,-0.348010E-01
1.35742,4.30110,-0.365352E-02
1.35803,4.30304,0.842798E-01
1.35864,4.30497,-0.114205
1.35925,4.30690,0.361654E-01
1.35986,4.30884,0.187815E-01
1.36047,4.31077,0.465015E-01
1.36108,4.31271,-0.292752E-01
1.36169,4.31464,0.101840E-01
1.36230,4.31657,0.151569
1.36292,4.31851,-0.168555
1.36353,4.32044,0.160395
1.36414,4.32238,-0.631964E-01
1.36475,4.32431,-0.320958E-03
1.36536,4.32624,0.133056
1.36597,4.32818,0.158507
1.36658,4.33011,0.365414
1.36719,4.33205,0.159839
1.36780,4.33398,-0.584855E-01
1.36841,4.33591,0.850664E-01
1.36902,4.33785,0.325307E-01
1.36963,4.33978,-0.918509E-01
1.37024,4.34171,0.633274E-01
1.37085,4.34365,-0.365703E-01
1.37146,4.34558,0.154521E-01
1.37207,4.34752,0.127424
1.37268,4.34945,0.547783E-01
1.37329,4.35138,0.285883
1.37390,4.35332,0.280179
1.37451,4.35525,-0.136085E-01
1.37512,4.35719,0.221446
1.37573,4.35912,-0.266356E-01
1.37634,4.36105,-0.238368E-01
1.37695,4.36299,0.127916E-01
1.37756,4.36492,0.661694E-01
1.37817,4.36686,-0.588224E-01
1.37878,4.36879,0.386608
1.37939,4.37072,0.105478
1.38000,4.37266,0.182246E-01
1.38062,4.37459,0.242016
1.38123,4.37653,0.889470
1.38184,4.37846,0.201685
1.38245,4.38039,0.305288
1.38306,4.38233,0.270469
1.38367,4.38426,0.269092
1.38428,4.38620,0.462836E-01
1.38489,4.38813,-0.217264
1.38550,4.39006,-0.197139
1.38611,4.39200,0.282090E-01
1.38672,4.39393,0.126142
1.38733,4.39587,0.508160E-01
1.38794,4.39780,0.116417
1.38855,4.39973,0.106295
1.38916,4.40167,-0.498335E-01
1.38977,4.40360,0.317622E-01
1.39038,4.40554,-0.377793E-01
1.39099,4.40747,0.381510
1.39160,4.40940,0.247523E-01
1.39221,4.41134,0.126874
1.39282,4.41327,0.226378
1.39343,4.41521,-0.679846E-01
1.39404,4.41714,0.748228E-01
1.39465,4.41907,-0.238337E-01
1.39526,4.42101,0.670967E-01
1.39587,4.42294,0.945936E-01
1.39648,4.42487,0.143273
1.39709,4.42681,0.117238E-01
1.39771,4.42874,0.956658E-01
1.39832,4.43068,0.646977E-01
1.39893,4.43261,0.374981E-02
1.39954,4.43454,-0.132926E-02
1.40015,4.43648,0.192908
1.40076,4.43841,-0.161495E-01
1.40137,4.44035,-0.532209E-01
1.40198,4.44228,0.913794E-01
1.40259,4.44421,0.272531E-01
1.40320,4.44615,-0.615709E-01
1.40381,4.44808,0.439028
1.40442,4.45002,-0.135538E-01
1.40503,4.45195,0.108921E-01
1.40564,4.45388,0.977756E-01
1.40625,4.45582,0.448351E-01
1.40686,4.45775,-0.563156E-01
1.40747,4.45969,0.219375
1.40808,4.46162,0.143555E-01
1.40869,4.46355,0.762207E-01
1.40930,4.46549,0.153305
1.40991,4.46742,-0.750563E-01
1.41052,4.46936,0.428916
1.41113,4.47129,-0.463946E-01
1.41174,4.47322,-0.288243E-02
1.41235,4.47516,0.214387
1.41296,4.47709,0.142643
1.41357,4.47903,-0.103883
1.41418,4.48096,-0.916502E-01
1.41479,4.48289,-0.162634
1.41541,4.48483,-0.293053E-01
1.41602,4.48676,0.205349
1.41663,4.48870,0.407433E-01
1.41724,4.49063,0.889099E-02
1.41785,4.49256,0.268151
1.41846,4.49450,0.595586E-01
1.41907,4.49643,0.133741
1.41968,4.49836,-0.156669
1.42029,4.50030,0.458370
1.42090,4.50223,0.102566
1.42151,4.50417,0.138398
1.42212,4.50610,0.387401
1.42273,4.50803,0.147535
1.42334,4.50997,0.246794E-01
1.42395,4.51190,-0.859622E-01
1.42456,4.51384,0.149585
1.42517,4.51577,0.270101E-01
1.42578,4.51770,-0.135654
1.42639,4.51964,0.157945
1.42700,4.52157,0.375182E-01
1.42761,4.52351,0.206307
1.42822,4.52544,-0.442199E-01
1.42883,4.52737,0.191762
1.42944,4.52931,-0.272658E-01
1.43005,4.53124,0.939474E-01
1.43066,4.53318,0.157447
1.43127,4.53511,0.123947
1.43188,4.53704,0.101638
1.43250,4.53898,0.887865E-01
1.43311,4.54091,-0.138846
1.43372,4.54285,-0.753218E-01
1.43433,4.54478,0.422978E-01
1.43494,4.54671,0.143931
1.43555,4.54865,0.818486E-01
1.43616,4.55058,0.181765E-01
1.43677,4.55252,0.188369E-01
1.43738,4.55445,0.315364E-01
1.43799,4.55638,0.194862E-01
1.43860,4.55832,0.226073
1.43921,4.56025,0.209069
1.43982,4.56219,0.237110E-01
1.44043,4.56412,0.268878
1.44104,4.56605,0.441426E-01
1.44165,4.56799,0.614089E-01
1.44226,4.56992,0.272514E-01
1.44287,4.57185,0.235257E-01
1.44348,4.57379,-0.204985
1.44409,4.57572,0.111926
1.44470,4.57766,-0.596763E-01
1.44531,4.57959,0.407981
1.44592,4.58152,-0.409108E-01
1.44653,4.58346,0.280813E-01
1.44714,4.58539,-0.102977
1.44775,4.58733,0.562369E-01
1.44836,4.58926,0.266036E-02
1.44897,4.59119,-0.892789E-02
1.44958,4.59313,0.227003E-01
1.45020,4.59506,-0.771938E-01
1.45081,4.59700,0.852580E-01
1.45142,4.59893,0.111595
1.45203,4.60086,0.115742
1.45264,4.60280,0.101392
1.45325,4.60473,0.285790E-02
1.45386,4.60667,-0.257261E-01
1.45447,4.60860,-0.350802E-01
1.45508,4.61053,0.149659
1.45569,4.61247,-0.158870
1.45630,4.61440,-0.176012
1.45691,4.61634,-0.174244
1.45752,4.61827,-0.582411E-02
1.45813,4.62020,0.414162E-01
1.45874,4.62214,-0.186140E-01
1.45935,4.62407,0.205295
1.45996,4.62601,0.750979E-01
1.46057,4.62794,-0.539439E-01
1.46118,4.62987,0.753913E-01
1.46179,4.63181,0.519010E-01
1.46240,4.63374,-0.930011E-02
1.46301,4.63568,0.203792
1.46362,4.63761,0.530787E-01
1.46423,4.63954,0.122233
1.46484,4.64148,0.181213
1.46545,4.64341,0.198146
1.46606,4.64534,0.177789
1.46667,4.64728,0.593571E-01
1.46729,4.64921,-0.703350E-01
1.46790,4.65115,0.564738
1.46851,4.65308,-0.567962E-01
1.46912,4.65501,-0.348370E-01
1.46973,4.65695,0.251339E-02
1.47034,4.65888,0.135685
1.47095,4.66082,0.831667E-01
1.47156,4.66275,0.400862E-01
1.47217,4.66468,-0.937335E-01
1.47278,4.66662,0.160581
1.47339,4.66855,-0.744996E-01
1.47400,4.67049,0.442963E-01
1.47461,4.67242,0.114695
1.47522,4.67435,-0.535379E-01
1.47583,4.67629,-0.360285E-02
1.47644,4.67822,-0.776071E-01
1.47705,4.68016,0.221647E-01
1.47766,4.68209,0.983879E-01
1.47827,4.68402,-0.127633
1.47888,4.68596,0.422861E-01
1.47949,4.68789,0.115545E-01
1.48010,4.68983,0.272410E-01
1.48071,4.69176,0.167562E-01
1.48132,4.69369,0.174432E-01
1.48193,4.69563,-0.817998E-02
1.48254,4.69756,0.399381E-01
1.48315,4.69950,0.116513
1.48376,4.70143,-0.422885E-02
1.48438,4.70336,0.273911E-01
1.48499,4.70530,0.169692E-01
1.48560,4.70723,0.143261
1.48621,4.70917,0.178188
1.48682,4.71110,-0.113730E-03
1.48743,4.71303,0.278520E-01
1.48804,4.71497,-0.103681E-03
1.48865,4.71690,-0.135777E-01
1.48926,4.71883,0.710247E-01
1.48987,4.72077,0.245608
1.49048,4.72270,0.584436E-01
1.49109,4.72464,-0.100219
1.49170,4.72657,0.693493E-01
1.49231,4.72850,0.225765
1.49292,4.73044,-0.673094E-01
1.49353,4.73237,0.132673
1.49414,4.73431,-0.381572E-01
1.49475,4.73624,0.159671
1.49536,4.73817,0.293309E-01
1.49597,4.74011,0.306471
1.49658,4.74204,0.652062E-01
1.49719,4.74398,-0.807355E-01
1.49780,4.74591,0.852016E-01
1.49841,4.74784,-0.264526E-01
1.49902,4.74978,-0.553954E-01
1.49963,4.75171,-0.604525E-01
1.50024,4.75365,-0.387943
1.50085,4.75558,0.251180E-01
1.50146,4.75751,0.529557E-01
1.50208,4.75945,0.238038
1.50269,4.76138,-0.193045E-01
1.50330,4.76332,0.599532E-03
1.50391,4.76525,0.460435E-01
1.50452,4.76718,0.542316E-01
1.50513,4.76912,-0.179180E-01
1.50574,4.77105,0.791611E-01
1.50635,4.77299,0.123476
1.50696,4.77492,0.429568E-01
1.50757,4.77685,0.128354E-01
1.50818,4.77879,0.226200E-01
1.50879,4.78072,0.441983E-02
1.50940,4.78266,0.291125E-01
1.51001,4.78459,0.774396E-01
1.51062,4.78652,0.751796E-01
1.51123,4.78846,0.159298E-01
1.51184,4.79039,-0.429065E-02
1.51245,4.79233,-0.348873E-01
1.51306,4.79426,0.474041E-01
1.51367,4.79619,0.206070
1.51428,4.79813,0.457291E-01
1.51489,4.80006,0.926886E-01
1.51550,4.80199,0.981148E-01
1.51611,4.80393,-0.376374E-02
1.51672,4.80586,0.191888
1.51733,4.80780,0.169627
1.51794,4.80973,0.301517E-01
1.51855,4.81166,0.232229
1.51917,4.81360,0.186288E-01
1.51978,4.81553,-0.258486E-01
1.52039,4.81747,-0.249877
1.52100,4.81940,0.342427E-01
1.52161,4.82133,-0.111710E-01
1.52222,4.82327,0.130161
1.52283,4.82520,0.144705
1.52344,4.82714,0.392221E-01
1.52405,4.82907,0.301027
1.52466,4.83100,0.203382
1.52527,4.83294,0.493679
1.52588,4.83487,-0.274701E-01
1.52649,4.83681,0.615171E-01
1.52710,4.83874,-0.575141E-02
1.52771,4.84067,-0.358204E-01
1.52832,4.84261,-0.804295E-01
1.52893,4.84454,0.143563
1.52954,4.84648,0.216817
1.53015,4.84841,-0.692188E-01
1.53076,4.85034,0.209067
1.53137,4.85228,-0.627417E-01
1.53198,4.85421,0.179153
1.53259,4.85615,0.612116E-01
1.53320,4.85808,-0.228556
1.53381,4.86001,0.534473E-01
1.53442,4.86195,-0.304227E-02
1.53503,4.86388,-0.340405E-02
1.53564,4.86582,-0.531173E-01
1.53625,4.86775,-0.104899
1.53687,4.86968,0.125601E-01
1.53748,4.87162,0.210947
1.53809,4.87355,-0.188515E-01
1.53870,4.87548,0.388990
1.53931,4.87742,0.242453E-01
1.53992,4.87935,0.352071E-01
1.54053,4.88129,-0.163065E-01
1.54114,4.88322,-0.119042
1.54175,4.88515,-0.605717E-01
1.54236,4.88709,-0.755894E-01
1.54297,4.88902,0.587988E-01
1.54358,4.89096,-0.196242
1.54419,4.89289,0.538887E-01
1.54480,4.89482,-0.315149E-01
1.54541,4.89676,0.236563E-02
1.54602,4.89869,-0.432895E-01
1.54663,4.90063,-0.234412E-01
1.54724,4.90256,0.295092
1.54785,4.90449,0.478655E-01
1.54846,4.90643,0.195635
1.54907,4.90836,0.192014
1.54968,4.91030,0.200532
1.55029,4.91223,0.258442E-01
1.55090,4.91416,-0.650984E-01
1.55151,4.91610,0.802735E-01
1.55212,4.91803,-0.744885E-01
1.55273,4.91997,0.424588E-01
1.55334,4.92190,-0.103655
1.55396,4.92383,-0.131327E-01
1.55457,4.92577,0.336252E-01
1.55518,4.92770,0.806245E-01
1.55579,4.92964,-0.231200
1.55640,4.93157,-0.717497E-02
1.55701,4.93350,0.958134E-01
1.55762,4.93544,-0.690574E-01
1.55823,4.93737,0.595212E-01
1.55884,4.93931,0.855884E-01
1.55945,4.94124,-0.459920E-02
1.56006,4.94317,0.639405E-04
1.56067,4.94511,0.483942E-01
1.56128,4.94704,0.227925E-01
1.56189,4.94897,-0.433624E-01
1.56250,4.95091,0.156899E-01
1.56311,4.95284,0.114972E-02
1.56372,4.95478,0.747831E-01
1.56433,4.95671,0.582452E-01
1.56494,4.95864,0.111463
1.56555,4.96058,0.458382E-01
1.56616,4.96251,0.148067
1.56677,4.96445,0.465222E-01
1.56738,4.96638,0.117780
1.56799,4.96831,0.262258
1.56860,4.97025,0.569699E-01
1.56921,4.97218,0.238177
1.56982,4.97412,-0.630474E-01
1.57043,4.97605,-0.116841
1.57104,4.97798,0.145724E-01
1.57166,4.97992,-0.289328
1.57227,4.98185,0.349956E-02
1.57288,4.98379,0.206343
1.57349,4.98572,0.139340
1.57410,4.98765,-0.752296E-01
1.57471,4.98959,-0.212571E-01
1.57532,4.99152,0.299558
1.57593,4.99346,-0.114416
1.57654,4.99539,0.351479E-01
1.57715,4.99732,-0.877880E-01
1.57776,4.99926,0.141690
1.57837,5.00119,0.122389E-01
1.57898,5.00313,0.141865
1.57959,5.00506,0.102672E-01
1.58020,5.00699,-0.626329E-01
1.58081,5.00893,0.691134E-01
1.58142,5.01086,0.177559E-01
1.58203,5.01280,0.300473E-01
1.58264,5.01473,0.440132E-01
1.58325,5.01666,0.698091E-01
1.58386,5.01860,0.541847E-01
1.58447,5.02053,0.265696
1.58508,5.02246,0.832641E-01
1.58569,5.02440,0.685429E-01
1.58630,5.02633,0.956325E-01
1.58691,5.02827,0.325832E-01
1.58752,5.03020,-0.924330E-01
1.58813,5.03213,0.124229
1.58875,5.03407,-0.237963E-01
1.58936,5.03600,0.684299E-01
1.58997,5.03794,0.497873E-01
1.59058,5.03987,0.100108E-01
1.59119,5.04180,0.934704E-02
1.59180,5.04374,0.204082E-01
1.59241,5.04567,0.162010
1.59302,5.04761,0.652260E-01
1.59363,5.04954,0.380559E-01
1.59424,5.05147,-0.769092E-02
1.59485,5.05341,0.189587E-01
1.59546,5.05534,-0.545099E-02
1.59607,5.05728,0.695570E-01
1.59668,5.05921,-0.104525
1.59729,5.06114,-0.449432E-01
1.59790,5.06308,0.179681
1.59851,5.06501,-0.137049E-01
1.59912,5.06695,-0.710890E-02
1.59973,5.06888,0.245262E-01
1.60034,5.07081,0.248339
1.60095,5.07275,-0.125156
1.60156,5.07468,-0.170299
1.60217,5.07662,0.745608E-01
1.60278,5.07855,-0.147105
1.60339,5.08048,0.730461E-01
1.60400,5.08242,-0.200555E-01
1.60461,5.08435,0.424890
1.60522,5.08629,-0.823616E-01
1.60583,5.08822,-0.681714E-01
1.60645,5.09015,0.286424
1.60706,5.09209,0.174422
1.60767,5.09402,0.105336
1.60828,5.09595,-0.358218E-01
1.60889,5.09789,0.138407E-01
1.60950,5.09982,0.145269
1.61011,5.10176,0.113954
1.61072,5.10369,0.106008
1.61133,5.10562,0.163671
1.61194,5.10756,-0.210628E-02
1.61255,5.10949,-0.150261E-01
1.61316,5.11143,0.434645E-01
1.61377,5.11336,-0.708886E-01
1.61438,5.11529,-0.408867E-01
1.61499,5.11723,0.741995E-01
1.61560,5.11916,0.137353
1.61621,5.12110,-0.846144E-01
1.61682,5.12303,0.169309E-01
1.61743,5.12496,0.735865E-01
1.61804,5.12690,-0.694758E-01
1.61865,5.12883,0.192806E-01
1.61926,5.13077,0.582411
1.61987,5.13270,-0.550428E-01
1.62048,5.13463,0.924791E-01
1.62109,5.13657,0.614554E-01
1.62170,5.13850,0.408445E-01
1.62231,5.14044,-0.151107
1.62292,5.14237,-0.151105
1.62354,5.14430,-0.405225E-01
1.62415,5.14624,-0.243331
1.62476,5.14817,0.446980E-01
1.62537,5.15011,-0.159595E-01
1.62598,5.15204,0.146462
1.62659,5.15397,-0.246819E-01
1.62720,5.15591,0.178225
1.62781,5.15784,0.199149E-01
1.62842,5.15978,0.121359
1.62903,5.16171,0.768097E-01
1.62964,5.16364,0.216630
1.63025,5.16558,0.101947
1.63086,5.16751,0.639313E-01
1.63147,5.16945,0.308376
1.63208,5.17138,0.817311E-01
1.63269,5.17331,0.173922
1.63330,5.17525,0.283568E-01
1.63391,5.17718,-0.355027E-01
1.63452,5.17911,-0.151713
1.63513,5.18105,-0.237029E-01
1.63574,5.18298,0.220268
1.63635,5.18492,-0.405326E-01
1.63696,5.18685,-0.317221E-01
1.63757,5.18878,0.751664E-01
1.63818,5.19072,-0.126127
1.63879,5.19265,0.550447E-03
1.63940,5.19459,-0.548330E-01
1.64001,5.19652,0.283489
1.64062,5.19845,0.190218
1.64124,5.20039,0.707515E-01
1.64185,5.20232,0.680732E-01
1.64246,5.20426,-0.180569E-03
1.64307,5.20619,0.300443
1.64368,5.20812,-0.373283E-01
1.64429,5.21006,0.381069E-01
1.64490,5.21199,0.168242
1.64551,5.21393,0.203273E-02
1.64612,5.21586,0.668186E-01
1.64673,5.21779,0.267222
1.64734,5.21973,0.461927E-01
1.64795,5.22166,0.178694E-01
1.64856,5.22360,0.724199E-02
1.64917,5.22553,0.105686
1.64978,5.22746,0.580519E-01
1.65039,5.22940,0.194111E-02
1.65100,5.23133,-0.244606E-01
1.65161,5.23327,-0.161622E-01
1.65222,5.23520,-0.351224E-01
1.65283,5.23713,-0.731588E-01
1.65344,5.23907,0.284609E-01
1.65405,5.24100,0.505731E-01
1.65466,5.24294,-0.174718E-01
1.65527,5.24487,-0.104056
1.65588,5.24680,0.121585E-02
1.65649,5.24874,0.100464
1.65710,5.25067,0.204740E-01
1.65771,5.25260,0.494299E-02
1.65833,5.25454,0.189618E-01
1.65894,5.25647,0.109475
1.65955,5.25841,-0.333449E-01
1.66016,5.26034,-0.140110E-01
1.66077,5.26227,0.138740
1.66138,5.26421,0.623509E-01
1.66199,5.26614,0.496841E-02
1.66260,5.26808,0.116402
1.66321,5.27001,-0.951280E-02
1.66382,5.27194,-0.190721E-01
1.66443,5.27388,-0.127915
1.66504,5.27581,0.489348E-01
1.66565,5.27775,0.241709E-01
1.66626,5.27968,-0.355744E-01
1.66687,5.28161,-0.168612E-02
1.66748,5.28355,-0.123267E-01
1.66809,5.28548,0.123126
1.66870,5.28742,0.705523E-01
1.66931,5.28935,0.376782E-01
1.66992,5.29128,0.214211
1.67053,5.29322,0.350491E-01
1.67114,5.29515,0.832457E-01
1.67175,5.29709,-0.233058E-01
1.67236,5.29902,0.119154
1.67297,5.30095,0.119306
1.67358,5.30289,-0.219478E-01
1.67419,5.30482,-0.874953E-02
1.67480,5.30676,-0.600210E-01
1.67542,5.30869,-0.807767E-01
1.67603,5.31062,0.259205E-01
1.67664,5.31256,-0.305360E-02
1.67725,5.31449,-0.107831
1.67786,5.31643,0.120023
1.67847,5.31836,0.108983
1.67908,5.32029,0.936919E-02
1.67969,5.32223,-0.377086E-01
1.68030,5.32416,-0.315578E-01
1.68091,5.32609,0.257238
1.68152,5.32803,0.224514
1.68213,5.32996,0.735830E-02
1.68274,5.33190,-0.135319
1.68335,5.33383,0.164911
1.68396,5.33576,0.100411
1.68457,5.33770,-0.389736E-01
1.68518,5.33963,0.194407E-01
1.68579,5.34157,0.160925
1.68640,5.34350,-0.191035E-01
1.68701,5.34543,-0.662566E-01
1.68762,5.34737,0.380782E-01
1.68823,5.34930,-0.260464E-02
1.68884,5.35124,-0.236792E-01
1.68945,5.35317,-0.739444E-01
1.69006,5.35510,0.410242
1.69067,5.35704,0.522737E-01
1.69128,5.35897,0.126134
1.69189,5.36091,0.123765
1.69250,5.36284,-0.468810E-01
1.69312,5.36477,0.357077E-02
1.69373,5.36671,-0.514867E-01
1.69434,5.36864,0.475892E-01
1.69495,5.37058,0.798993E-02
1.69556,5.37251,0.624438E-01
1.69617,5.37444,-0.509106E-01
1.69678,5.37638,0.540319E-01
1.69739,5.37831,-0.559666E-01
1.69800,5.38025,-0.458324E-01
1.69861,5.38218,-0.461052E-01
1.69922,5.38411,0.100844
1.69983,5.38605,0.144587
1.70044,5.38798,0.852671E-01
1.70105,5.38992,0.413094E-02
1.70166,5.39185,0.184151
1.70227,5.39378,0.813522E-01
1.70288,5.39572,0.465210E-01
1.70349,5.39765,-0.353903E-01
1.70410,5.39958,-0.449264E-01
1.70471,5.40152,-0.860312E-01
1.70532,5.40345,0.563618
1.70593,5.40539,0.483151E-01
1.70654,5.40732,0.524065E-01
1.70715,5.40925,0.332706
1.70776,5.41119,0.780194E-01
1.70837,5.41312,0.282807
1.70898,5.41506,0.674698E-01
1.70959,5.41699,0.695226E-01
1.71021,5.41892,0.272428
1.71082,5.42086,0.104963
1.71143,5.42279,0.324706E-01
1.71204,5.42473,0.322974E-01
1.71265,5.42666,0.218441
1.71326,5.42859,-0.124415E-01
1.71387,5.43053,-0.332371E-01
1.71448,5.43246,-0.352180E-01
1.71509,5.43440,-0.147673E-01
1.71570,5.43633,0.175661
1.71631,5.43826,0.254199E-02
1.71692,5.44020,0.567339E-01
1.71753,5.44213,-0.969453E-01
1.71814,5.44407,-0.337644E-01
1.71875,5.44600,-0.170637E-01
1.71936,5.44793,0.966223E-01
1.71997,5.44987,0.858586E-02
1.72058,5.45180,-0.143673
1.72119,5.45374,-0.140240
1.72180,5.45567,0.783402E-01
1.72241,5.45760,0.756198E-01
1.72302,5.45954,0.770081E-01
1.72363,5.46147,-0.699134E-01
1.72424,5.46341,-0.419868E-01
1.72485,5.46534,0.354166E-01
1.72546,5.46727,-0.281529E-01
1.72607,5.46921,0.149517
1.72668,5.47114,0.100526
1.72729,5.47308,-0.739631E-01
1.72791,5.47501,-0.159073E-02
1.72852,5.47694,0.406968E-01
1.72913,5.47888,-0.252708E-02
1.72974,5.48081,0.873295E-01
1.73035,5.48274,0.167769
1.73096,5.48468,0.105352E-02
1.73157,5.48661,0.102676E-01
1.73218,5.48855,0.305807E-01
1.73279,5.49048,-0.546741E-01
1.73340,5.49241,0.118604E-02
1.73401,5.49435,-0.188170
1.73462,5.49628,0.820098E-02
1.73523,5.49822,-0.101242
1.73584,5.50015,0.212952E-01
1.73645,5.50208,-0.114163
1.73706,5.50402,-0.684458E-02
1.73767,5.50595,0.489758E-01
1.73828,5.50789,-0.491295E-01
1.73889,5.50982,-0.651902E-01
1.73950,5.51175,-0.117370E-02
1.74011,5.51369,0.854787E-01
1.74072,5.51562,0.719176E-02
1.74133,5.51756,0.200294
1.74194,5.51949,0.179114
1.74255,5.52142,0.650334E-01
1.74316,5.52336,0.193130
1.74377,5.52529,-0.107118
1.74438,5.52723,0.249716E-02
1.74500,5.52916,-0.395761E-01
1.74561,5.53109,0.641029E-01
1.74622,5.53303,-0.394339E-01
1.74683,5.53496,-0.991855E-01
1.74744,5.53690,0.185163E-01
1.74805,5.53883,-0.932779E-02
1.74866,5.54076,-0.442628E-01
1.74927,5.54270,0.310252
1.74988,5.54463,0.123097
1.75049,5.54657,0.489984E-02
1.75110,5.54850,-0.214045E-02
1.75171,5.55043,0.123339
1.75232,5.55237,0.185168
1.75293,5.55430,0.194976
1.75354,5.55623,-0.790296E-01
1.75415,5.55817,-0.908653E-01
1.75476,5.56010,-0.301799E-01
1.75537,5.56204,0.385569
1.75598,5.56397,0.898970E-02
1.75659,5.56590,0.163584
1.75720,5.56784,0.588732E-01
1.75781,5.56977,-0.791220E-01
1.75842,5.57171,-0.544382E-01
1.75903,5.57364,0.853725E-01
1.75964,5.57557,-0.434520E-02
1.76025,5.57751,0.246842
1.76086,5.57944,-0.219178E-01
1.76147,5.58138,0.447184E-01
1.76208,5.58331,0.267684
1.76270,5.58524,-0.308006E-02
1.76331,5.58718,-0.201960E-01
1.76392,5.58911,0.103676
1.76453,5.59105,0.279976E-01
1.76514,5.59298,0.258331
1.76575,5.59491,0.232471E-01
1.76636,5.59685,0.699566E-01
1.76697,5.59878,0.716675E-01
1.76758,5.60072,0.503132E-01
1.76819,5.60265,-0.246198
1.76880,5.60458,0.208394
1.76941,5.60652,0.645954E-02
1.77002,5.60845,0.637034
1.77063,5.61039,-0.107066
1.77124,5.61232,-0.296528E-01
1.77185,5.61425,0.120350
1.77246,5.61619,0.241879E-01
1.77307,5.61812,0.413372E-01
1.77368,5.62006,-0.201528E-01
1.77429,5.62199,-0.452218E-01
1.77490,5.62392,0.628543E-01
1.77551,5.62586,0.134303E-01
1.77612,5.62779,0.139064
1.77673,5.62972,0.103136
1.77734,5.63166,0.201693E-01
1.77795,5.63359,-0.175014
1.77856,5.63553,-0.261498E-01
1.77917,5.63746,-0.609481E-02
1.77979,5.63939,0.105432E-01
1.78040,5.64133,0.713271E-01
1.78101,5.64326,0.200535
1.78162,5.64520,0.207689
1.78223,5.64713,0.875912E-01
1.78284,5.64906,0.615199E-01
1.78345,5.65100,0.473930E-01
1.78406,5.65293,0.402737E-01
1.78467,5.65487,0.179202
1.78528,5.65680,0.184785E-01
1.78589,5.65873,0.307518
1.78650,5.66067,-0.272478E-01
1.78711,5.66260,0.122763
1.78772,5.66454,0.365126
1.78833,5.66647,0.195268E-01
1.78894,5.66840,0.518153E-01
1.78955,5.67034,0.289718
1.79016,5.67227,0.540450E-01
1.79077,5.67421,0.960888E-01
1.79138,5.67614,0.659086E-02
1.79199,5.67807,-0.891342E-01
1.79260,5.68001,0.987214E-01
1.79321,5.68194,0.331532E-01
1.79382,5.68388,-0.937973E-01
1.79443,5.68581,0.513506E-01
1.79504,5.68774,0.142270
1.79565,5.68968,-0.153446E-01
1.79626,5.69161,0.859291E-02
1.79688,5.69355,0.913505E-01
1.79749,5.69548,0.519582E-01
1.79810,5.69741,-0.125836E-01
1.79871,5.69935,0.902766E-01
1.79932,5.70128,0.208517
1.79993,5.70321,0.103358E-01
1.80054,5.70515,0.338089E-01
1.80115,5.70708,0.117820
1.80176,5.70902,0.209504E-01
1.80237,5.71095,0.262063E-01
1.80298,5.71288,0.533028E-01
1.80359,5.71482,-0.133578
1.80420,5.71675,0.999496E-01
1.80481,5.71869,-0.378368E-01
1.80542,5.72062,-0.793712E-01
1.80603,5.72255,-0.303656E-01
1.80664,5.72449,0.931677E-01
1.80725,5.72642,0.107783E-01
1.80786,5.72836,0.575046E-01
1.80847,5.73029,0.869125E-01
1.80908,5.73222,-0.274009E-01
1.80969,5.73416,0.127312
1.81030,5.73609,-0.636597E-01
1.81091,5.73803,-0.136630
1.81152,5.73996,0.161568
1.81213,5.74189,-0.235643E-01
1.81274,5.74383,0.132435E-01
1.81335,5.74576,0.613021E-02
1.81396,5.74770,0.111685
1.81458,5.74963,0.154326E-01
1.81519,5.75156,0.264810E-02
1.81580,5.75350,-0.112287
1.81641,5.75543,-0.228170E-02
1.81702,5.75737,0.206228E-01
1.81763,5.75930,0.230672
1.81824,5.76123,0.162815
1.81885,5.76317,-0.744925E-01
1.81946,5.76510,0.919991E-01
1.82007,5.76704,0.159179
1.82068,5.76897,-0.149105E-01
1.82129,5.77090,0.256786E-01
1.82190,5.77284,0.103588
1.82251,5.77477,0.274155E-01
1.82312,5.77670,0.770922E-02
1.82373,5.77864,-0.159376
1.82434,5.78057,-0.583998E-01
1.82495,5.78251,-0.828212E-01
1.82556,5.78444,0.908526E-01
1.82617,5.78637,-0.689199E-01
1.82678,5.78831,0.621790E-01
1.82739,5.79024,-0.275968E-01
1.82800,5.79218,0.255599E-02
1.82861,5.79411,0.213312E-01
1.82922,5.79604,0.313550
1.82983,5.79798,-0.508544E-02
1.83044,5.79991,-0.664124E-01
1.83105,5.80185,0.124027
1.83167,5.80378,-0.881332E-01
1.83228,5.80571,0.404958
1.83289,5.80765,0.232829E-01
1.83350,5.80958,0.163209
1.83411,5.81152,0.840815E-02
1.83472,5.81345,-0.522891E-02
1.83533,5.81538,-0.400456E-01
1.83594,5.81732,0.927812E-01
1.83655,5.81925,0.457819E-01
1.83716,5.82119,0.739113E-01
1.83777,5.82312,0.209448
1.83838,5.82505,-0.900486E-01
1.83899,5.82699,-0.100776E-01
1.83960,5.82892,-0.174521E-02
1.84021,5.83086,-0.918525E-01
1.84082,5.83279,0.826690E-01
1.84143,5.83472,0.294018E-01
1.84204,5.83666,0.389716E-01
1.84265,5.83859,0.104197E-01
1.84326,5.84053,-0.452036E-01
1.84387,5.84246,0.591363
1.84448,5.84439,-0.291959E-01
1.84509,5.84633,0.324997E-01
1.84570,5.84826,0.252397E-01
1.84631,5.85020,0.179837
1.84692,5.85213,0.175404E-01
1.84753,5.85406,0.144824
1.84814,5.85600,0.395681E-02
1.84875,5.85793,0.171694E-02
1.84937,5.85986,0.212562
1.84998,5.86180,0.719429E-01
1.85059,5.86373,0.189977
1.85120,5.86567,0.198748
1.85181,5.86760,-0.245253E-01
1.85242,5.86953,0.238934
1.85303,5.87147,0.117516
1.85364,5.87340,0.104438
1.85425,5.87534,-0.490066E-01
1.85486,5.87727,0.479627E-01
1.85547,5.87920,0.180199
1.85608,5.88114,0.190164E-01
1.85669,5.88307,0.167198E-01
1.85730,5.88501,-0.667469E-03
1.85791,5.88694,0.769796E-02
1.85852,5.88887,-0.122185E-01
1.85913,5.89081,0.372470E-01
1.85974,5.89274,0.273196
1.86035,5.89468,-0.190271E-01
1.86096,5.89661,0.298163
1.86157,5.89854,0.164727E-01
1.86218,5.90048,-0.258981E-01
1.86279,5.90241,-0.219063E-02
1.86340,5.90435,0.816590E-01
1.86401,5.90628,-0.427595E-03
1.86462,5.90821,-0.619195E-02
1.86523,5.91015,-0.466841E-02
1.86584,5.91208,-0.600628E-01
1.86646,5.91402,0.824408E-01
1.86707,5.91595,0.164848
1.86768,5.91788,-0.108366E-01
1.86829,5.91982,-0.340044E-01
1.86890,5.92175,0.267542E-01
1.86951,5.92369,0.244571E-01
1.87012,5.92562,0.953989E-01
1.87073,5.92755,0.548364E-02
1.87134,5.92949,0.978333E-01
1.87195,5.93142,0.219879E-01
1.87256,5.93335,-0.363099E-01
1.87317,5.93529,0.164387E-01
1.87378,5.93722,0.470442E-01
1.87439,5.93916,0.906611E-01
1.87500,5.94109,-0.535702E-01
1.87561,5.94302,0.769342E-01
1.87622,5.94496,0.284242E-01
1.87683,5.94689,-0.214455E-01
1.87744,5.94883,0.172592
1.87805,5.95076,-0.131753E-01
1.87866,5.95269,-0.684898E-01
1.87927,5.95463,0.284281
1.87988,5.95656,0.110117
1.88049,5.95850,0.612258
1.88110,5.96043,0.240347E-01
1.88171,5.96236,0.727940E-01
1.88232,5.96430,-0.138835
1.88293,5.96623,-0.631543E-02
1.88354,5.96817,-0.462358E-01
1.88416,5.97010,0.334959E-02
1.88477,5.97203,-0.116765
1.88538,5.97397,0.269644
1.88599,5.97590,-0.479073E-01
1.88660,5.97784,0.116920
1.88721,5.97977,0.100638
1.88782,5.98170,-0.129430
1.88843,5.98364,-0.320756E-01
1.88904,5.98557,0.203878
1.88965,5.98751,0.101133
1.89026,5.98944,-0.113652
1.89087,5.99137,0.193823
1.89148,5.99331,-0.526130E-01
1.89209,5.99524,-0.420844E-01
1.89270,5.99718,-0.454435E-01
1.89331,5.99911,-0.121162E-01
1.89392,6.00104,0.339640E-01
1.89453,6.00298,0.526818E-01
1.89514,6.00491,0.273165E-01
1.89575,6.00684,0.719079E-01
1.89636,6.00878,0.151945E-01
1.89697,6.01071,0.181828
1.89758,6.01265,-0.331688E-01
1.89819,6.01458,-0.370509E-01
1.89880,6.01651,-0.162410E-01
1.89941,6.01845,0.365993E-01
1.90002,6.02038,0.180407
1.90063,6.02232,0.481486E-01
1.90125,6.02425,0.687798E-01
1.90186,6.02618,-0.462788E-01
1.90247,6.02812,0.589387E-01
1.90308,6.03005,0.447406E-01
1.90369,6.03199,-0.112332
1.90430,6.03392,0.118088
1.90491,6.03585,0.413360E-01
1.90552,6.03779,0.210803E-01
1.90613,6.03972,-0.629000E-01
1.90674,6.04166,0.512115E-01
1.90735,6.04359,-0.813045E-01
1.90796,6.04552,0.197257E-01
1.90857,6.04746,-0.573674E-01
1.90918,6.04939,-0.326052E-01
1.90979,6.05133,0.677478E-01
1.91040,6.05326,0.314912
1.91101,6.05519,0.273703E-01
1.91162,6.05713,0.263018
1.91223,6.05906,0.390603
1.91284,6.06100,0.150599E-01
1.91345,6.06293,0.862294E-02
1.91406,6.06486,0.684171E-01
1.91467,6.06680,0.132502
1.91528,6.06873,-0.113804
1.91589,6.07067,0.592890E-01
1.91650,6.07260,0.172523E-01
1.91711,6.07453,0.554542E-01
1.91772,6.07647,0.118432
1.91833,6.07840,0.176380E-01
1.91895,6.08033,0.118069
1.91956,6.08227,0.250887
1.92017,6.08420,-0.326309
1.92078,6.08614,0.170176E-01
1.92139,6.08807,-0.121318E-01
1.92200,6.09000,0.611331E-01
1.92261,6.09194,0.113074
1.92322,6.09387,-0.844138E-02
1.92383,6.09581,0.936969E-01
1.92444,6.09774,0.295874E-01
1.92505,6.09967,0.282287
1.92566,6.10161,-0.534150E-01
1.92627,6.10354,-0.268027E-01
1.92688,6.10548,0.603055E-01
1.92749,6.10741,-0.414317E-01
1.92810,6.10934,-0.405876E-01
1.92871,6.11128,0.137460
1.92932,6.11321,0.168137
1.92993,6.11515,0.460934E-01
1.93054,6.11708,-0.864733E-01
1.93115,6.11901,0.277983E-01
1.93176,6.12095,0.880729E-01
1.93237,6.12288,0.104244
1.93298,6.12482,-0.129393
1.93359,6.12675,0.363656E-01
1.93420,6.12868,0.696608E-01
1.93481,6.13062,-0.157709E-01
1.93542,6.13255,0.786671E-02
1.93604,6.13449,0.247277E-01
1.93665,6.13642,-0.772955E-01
1.93726,6.13835,-0.637188E-01
1.93787,6.14029,0.297527E-01
1.93848,6.14222,0.181494
1.93909,6.14416,0.770363E-02
1.93970,6.14609,-0.318961E-01
1.94031,6.14802,-0.159868
1.94092,6.14996,-0.498801E-02
1.94153,6.15189,0.988939E-03
1.94214,6.15382,-0.316120E-01
1.94275,6.15576,0.534594E-01
1.94336,6.15769,0.528928E-01
1.94397,6.15963,-0.336118E-01
1.94458,6.16156,-0.532048E-01
1.94519,6.16349,0.620125E-01
1.94580,6.16543,-0.336877E-01
1.94641,6.16736,0.339746E-02
1.94702,6.16930,0.258865E-02
1.94763,6.17123,0.223685E-02
1.94824,6.17316,0.350937E-02
1.94885,6.17510,-0.198656E-01
1.94946,6.17703,0.243342
1.95007,6.17897,0.577477E-01
1.95068,6.18090,0.625939E-01
1.95129,6.18283,-0.786428E-02
1.95190,6.18477,0.682971E-01
1.95251,6.18670,0.529689E-01
1.95312,6.18864,0.492769
1.95374,6.19057,0.177239
1.95435,6.19250,-0.290832E-01
1.95496,6.19444,0.566220E-01
1.95557,6.19637,-0.416998E-01
1.95618,6.19831,0.617834E-01
1.95679,6.20024,0.117466
1.95740,6.20217,0.109135
1.95801,6.20411,0.710401E-01
1.95862,6.20604,-0.627551E-01
1.95923,6.20798,0.448710E-01
1.95984,6.20991,-0.301790E-02
1.96045,6.21184,-0.708680E-01
1.96106,6.21378,0.309430E-01
1.96167,6.21571,-0.662318E-01
1.96228,6.21765,0.157458E-01
1.96289,6.21958,0.151882
1.96350,6.22151,0.368584E-01
1.96411,6.22345,-0.383154E-02
1.96472,6.22538,0.210660E-01
1.96533,6.22732,-0.371373E-01
1.96594,6.22925,0.120815
1.96655,6.23118,0.488875E-01
1.96716,6.23312,0.421171E-01
1.96777,6.23505,-0.537676E-02
1.96838,6.23698,-0.176361
1.96899,6.23892,0.159845E-02
1.96960,6.24085,-0.187997E-01
1.97021,6.24279,-0.115893E-01
1.97083,6.24472,-0.245619E-02
1.97144,6.24665,0.281725E-01
1.97205,6.24859,-0.444022E-01
1.97266,6.25052,0.113133
1.97327,6.25246,0.111870
1.97388,6.25439,-0.348632E-01
1.97449,6.25632,0.501991E-01
1.97510,6.25826,0.186562
1.97571,6.26019,0.170744E-03
1.97632,6.26213,0.534910E-01
1.97693,6.26406,-0.634185E-01
1.97754,6.26599,-0.267006
1.97815,6.26793,-0.825756E-01
1.97876,6.26986,-0.275141E-01
1.97937,6.27180,0.824708E-01
1.97998,6.27373,-0.578150E-02
1.98059,6.27566,-0.336086E-01
1.98120,6.27760,0.283141E-01
1.98181,6.27953,0.181013
1.98242,6.28147,-0.123958E-01
1.98303,6.28340,-0.266483E-01
1.98364,6.28533,0.799147E-01
1.98425,6.28727,0.223505E-01
1.98486,6.28920,0.262858
1.98547,6.29114,0.124608
1.98608,6.29307,0.298010E-01
1.98669,6.29500,0.932646E-01
1.98730,6.29694,0.200961
1.98792,6.29887,0.147438E-01
1.98853,6.30081,0.197073E-01
1.98914,6.30274,-0.158048
1.98975,6.30467,0.413936E-01
1.99036,6.30661,0.234233
1.99097,6.30854,0.238783
1.99158,6.31047,0.657018
1.99219,6.31241,0.774919E-01
1.99280,6.31434,-0.350385E-01
1.99341,6.31628,-0.672505E-01
1.99402,6.31821,0.107899
1.99463,6.32014,0.146691
1.99524,6.32208,-0.147581
1.99585,6.32401,0.476245E-01
1.99646,6.32595,-0.124231E-01
1.99707,6.32788,0.744443E-01
1.99768,6.32981,-0.167401
1.99829,6.33175,-0.191501E-01
1.99890,6.33368,-0.570530E-01
1.99951,6.33562,0.384360E-01
2.00012,6.33755,0.867418E-01
2.00073,6.33948,0.664987E-01
2.00134,6.34142,-0.219135
2.00195,6.34335,0.219822E-01
2.00256,6.34529,-0.184779E-01
2.00317,6.34722,-0.860982E-02
2.00378,6.34915,0.378533
2.00439,6.35109,0.796311E-01
2.00500,6.35302,-0.334348E-02
2.00562,6.35496,0.382156E-01
2.00623,6.35689,0.634275E-01
2.00684,6.35882,-0.120135
2.00745,6.36076,-0.452997E-01
2.00806,6.36269,-0.127921E-01
2.00867,6.36463,-0.322698E-01
2.00928,6.36656,0.235432E-01
2.00989,6.36849,0.433411
2.01050,6.37043,-0.175485
2.01111,6.37236,0.819453E-02
2.01172,6.37430,0.238755E-01
2.01233,6.37623,-0.644624E-01
2.01294,6.37816,0.868690E-01
2.01355,6.38010,0.263477E-01
2.01416,6.38203,-0.125546E-01
2.01477,6.38396,0.884215E-01
2.01538,6.38590,-0.147536E-01
2.01599,6.38783,-0.114891E-01
2.01660,6.38977,-0.434218E-01
2.01721,6.39170,0.394376E-02
2.01782,6.39363,-0.132719
2.01843,6.39557,0.194366E-01
2.01904,6.39750,0.856334E-01
2.01965,6.39944,-0.227247E-01
2.02026,6.40137,0.849740E-02
2.02087,6.40330,0.252194E-01
2.02148,6.40524,-0.341638E-02
2.02209,6.40717,-0.288474E-01
2.02271,6.40911,0.397832E-01
2.02332,6.41104,0.955351E-01
2.02393,6.41297,0.590212E-01
2.02454,6.41491,0.351672
2.02515,6.41684,-0.155324E-01
2.02576,6.41878,0.668136E-01
2.02637,6.42071,0.750739E-01
2.02698,6.42264,-0.409288E-01
2.02759,6.42458,0.313673E-01
2.02820,6.42651,-0.739575E-01
2.02881,6.42845,0.194499E-01
2.02942,6.43038,0.755214E-01
2.03003,6.43231,-0.449791E-02
2.03064,6.43425,0.923411E-01
2.03125,6.43618,0.952971E-01
2.03186,6.43812,-0.831922E-02
2.03247,6.44005,-0.283932E-01
2.03308,6.44198,-0.634199E-01
2.03369,6.44392,0.943071E-01
2.03430,6.44585,-0.275782E-01
2.03491,6.44779,0.610286E-01
2.03552,6.44972,-0.274658E-01
2.03613,6.45165,0.149517E-01
2.03674,6.45359,-0.118616
2.03735,6.45552,-0.739937E-01
2.03796,6.45745,0.161254
2.03857,6.45939,0.180857
2.03918,6.46132,-0.960192E-02
2.03979,6.46326,0.211204
2.04041,6.46519,0.410633E-01
2.04102,6.46712,0.662350E-01
2.04163,6.46906,0.273637E-01
2.04224,6.47099,0.919991E-01
2.04285,6.47293,-0.421294E-01
2.04346,6.47486,0.670511E-01
2.04407,6.47679,-0.494920E-01
2.04468,6.47873,-0.525958E-02
2.04529,6.48066,0.279072E-01
2.04590,6.48260,-0.149029
2.04651,6.48453,-0.197035E-01
2.04712,6.48646,-0.257116E-02
2.04773,6.48840,-0.140240
2.04834,6.49033,0.384704E-01
2.04895,6.49227,0.342122E-01
2.04956,6.49420,-0.217806E-02
2.05017,6.49613,0.330176E-02
2.05078,6.49807,0.135539
2.05139,6.50000,0.362410E-01
2.05200,6.50194,-0.526299E-02
2.05261,6.50387,0.371654E-02
2.05322,6.50580,-0.624091E-02
2.05383,6.50774,-0.124867E-01
2.05444,6.50967,-0.464193E-01
2.05505,6.51161,0.449391E-02
2.05566,6.51354,0.462416E-01
2.05627,6.51547,0.247782E-01
2.05688,6.51741,-0.607918E-02
2.05750,6.51934,-0.526673E-02
2.05811,6.52128,-0.373699E-02
2.05872,6.52321,0.542517E-01
2.05933,6.52514,0.171526E-01
2.05994,6.52708,-0.103542
2.06055,6.52901,-0.443154E-01
2.06116,6.53094,-0.175266
2.06177,6.53288,0.348575E-01
2.06238,6.53481,0.587773E-01
2.06299,6.53675,-0.389481E-01
2.06360,6.53868,0.300308
2.06421,6.54061,0.626493E-01
2.06482,6.54255,0.486800E-01
2.06543,6.54448,0.169512
2.06604,6.54642,0.554822E-01
2.06665,6.54835,0.259009E-01
2.06726,6.55028,0.413832E-01
2.06787,6.55222,-0.380524E-01
2.06848,6.55415,-0.511861E-01
2.06909,6.55609,0.840936E-01
2.06970,6.55802,0.600239E-01
2.07031,6.55995,-0.178560
2.07092,6.56189,0.226683E-02
2.07153,6.56382,0.703944E-01
2.07214,6.56576,0.584454E-01
2.07275,6.56769,-0.778666E-01
2.07336,6.56962,0.205283E-02
2.07397,6.57156,-0.332937E-01
2.07458,6.57349,0.201661E-01
2.07520,6.57543,0.325991E-01
2.07581,6.57736,0.246902E-01
2.07642,6.57929,-0.274921E-01
2.07703,6.58123,-0.575175E-01
2.07764,6.58316,0.613273E-02
2.07825,6.58510,0.190868
2.07886,6.58703,0.961696E-01
2.07947,6.58896,0.101064E-01
2.08008,6.59090,0.451422E-01
2.08069,6.59283,0.125460
2.08130,6.59477,0.545088E-02
2.08191,6.59670,-0.278273E-01
2.08252,6.59863,0.154901
2.08313,6.60057,-0.831160E-01
2.08374,6.60250,-0.171757E-01
2.08435,6.60444,-0.365732E-01
2.08496,6.60637,0.148816
2.08557,6.60830,0.149719
2.08618,6.61024,0.138154
2.08679,6.61217,0.141675E-01
2.08740,6.61410,0.120232
2.08801,6.61604,-0.512078E-01
2.08862,6.61797,-0.427359E-01
2.08923,6.61991,0.238792E-01
2.08984,6.62184,0.904712E-01
2.09045,6.62377,0.317758E-02
2.09106,6.62571,-0.378750E-01
2.09167,6.62764,-0.355846E-01
2.09229,6.62958,0.239565E-01
2.09290,6.63151,0.501895E-01
2.09351,6.63344,0.216429E-01
2.09412,6.63538,0.165882
2.09473,6.63731,0.653673E-01
2.09534,6.63925,0.109202
2.09595,6.64118,0.928578E-01
2.09656,6.64311,0.197372E-01
2.09717,6.64505,0.823959E-01
2.09778,6.64698,0.159627
2.09839,6.64892,-0.641402E-02
2.09900,6.65085,-0.566563E-01
2.09961,6.65278,-0.249781E-01
2.10022,6.65472,0.555681E-01
2.10083,6.65665,0.125699E-01
2.10144,6.65859,0.710743E-02
2.10205,6.66052,-0.229210
2.10266,6.66245,0.777153E-01
2.10327,6.66439,0.442974E-01
2.10388,6.66632,0.445702E-01
2.10449,6.66826,-0.231684E-02
2.10510,6.67019,-0.110637
2.10571,6.67212,-0.417859E-01
2.10632,6.67406,0.479911E-01
2.10693,6.67599,0.787528E-01
2.10754,6.67793,-0.784134E-01
2.10815,6.67986,0.163367E-01
2.10876,6.68179,-0.284813E-01
2.10938,6.68373,-0.666522E-02
2.10999,6.68566,0.378303E-01
2.11060,6.68759,-0.465112E-01
2.11121,6.68953,0.717152E-01
2.11182,6.69146,0.669706E-01
2.11243,6.69340,0.455435E-01
2.11304,6.69533,-0.451737E-01
2.11365,6.69726,-0.276689E-01
2.11426,6.69920,0.769060E-02
2.11487,6.70113,-0.363156E-01
2.11548,6.70307,0.265325E-02
2.11609,6.70500,0.815996E-02
2.11670,6.70693,0.375447E-01
2.11731,6.70887,-0.816777E-01
2.11792,6.71080,0.864351E-02
2.11853,6.71274,0.170870
2.11914,6.71467,-0.423693E-01
2.11975,6.71660,0.104452
2.12036,6.71854,0.130412E-01
2.12097,6.72047,0.647925E-02
2.12158,6.72241,0.191201E-01
2.12219,6.72434,0.341194E-01
2.12280,6.72627,0.796455E-01
2.12341,6.72821,0.108087
2.12402,6.73014,0.114746E-01
2.12463,6.73208,-0.110134
2.12524,6.73401,0.126622E-01
2.12585,6.73594,0.139851
2.12646,6.73788,-0.796389E-01
2.12708,6.73981,0.641693E-02
2.12769,6.74175,0.154356
2.12830,6.74368,-0.503469E-01
2.12891,6.74561,-0.305279E-01
2.12952,6.74755,-0.396614E-01
2.13013,6.74948,0.184873
2.13074,6.75142,-0.168713E-01
2.13135,6.75335,-0.180835E-01
2.13196,6.75528,-0.741931E-02
2.13257,6.75722,0.228799E-01
2.13318,6.75915,-0.235211E-02
2.13379,6.76108,-0.298204E-01
2.13440,6.76302,-0.172861E-01
2.13501,6.76495,0.213030E-01
2.13562,6.76689,0.287173E-01
2.13623,6.76882,0.227886E-01
2.13684,6.77075,0.163938E-01
2.13745,6.77269,0.137804
2.13806,6.77462,0.191473E-01
2.13867,6.77656,-0.268068E-01
2.13928,6.77849,0.130330E-01
2.13989,6.78042,0.100689
2.14050,6.78236,0.243015E-01
2.14111,6.78429,0.121440
2.14172,6.78623,-0.870152E-02
2.14233,6.78816,0.159964
2.14294,6.79009,0.103057E-01
2.14355,6.79203,-0.113911
2.14417,6.79396,-0.617836E-01
2.14478,6.79590,0.164606
2.14539,6.79783,-0.138819E-01
2.14600,6.79976,0.411419E-01
2.14661,6.80170,0.967626E-02
2.14722,6.80363,-0.349508E-01
2.14783,6.80557,0.621616E-01
2.14844,6.80750,0.735300E-01
2.14905,6.80943,0.170554
2.14966,6.81137,0.786356E-01
2.15027,6.81330,0.159351E-01
2.15088,6.81524,0.297608E-01
2.15149,6.81717,0.331765E-01
2.15210,6.81910,0.104761
2.15271,6.82104,0.919106E-03
2.15332,6.82297,-0.339717E-02
2.15393,6.82491,0.452077E-01
2.15454,6.82684,0.191349
2.15515,6.82877,-0.117551
2.15576,6.83071,0.307490E-02
2.15637,6.83264,0.715211E-01
2.15698,6.83457,0.983534E-01
2.15759,6.83651,-0.121783
2.15820,6.83844,0.622358E-01
2.15881,6.84038,0.552461E-01
2.15942,6.84231,-0.255057E-02
2.16003,6.84424,-0.415158E-01
2.16064,6.84618,-0.215333E-01
2.16125,6.84811,0.607864E-01
2.16187,6.85005,0.523552E-01
2.16248,6.85198,0.111621E-01
2.16309,6.85391,0.532136E-01
2.16370,6.85585,-0.438654E-01
2.16431,6.85778,0.369100
2.16492,6.85972,-0.127289E-01
2.16553,6.86165,0.598914E-01
2.16614,6.86358,-0.179034E-01
2.16675,6.86552,0.153498
2.16736,6.86745,0.301547E-01
2.16797,6.86939,0.148633
2.16858,6.87132,-0.175781E-01
2.16919,6.87325,0.867311E-02
2.16980,6.87519,0.377382E-01
2.17041,6.87712,0.859872E-01
2.17102,6.87906,-0.114976E-01
2.17163,6.88099,-0.188547E-02
2.17224,6.88292,-0.328447E-01
2.17285,6.88486,-0.472596E-01
2.17346,6.88679,0.309666E-01
2.17407,6.88873,0.623512E-01
2.17468,6.89066,0.634453E-01
2.17529,6.89259,-0.286783E-01
2.17590,6.89453,-0.179726E-02
2.17651,6.89646,-0.170204E-01
2.17712,6.89840,0.790186E-01
2.17773,6.90033,0.795549E-01
2.17834,6.90226,-0.322634E-01
2.17896,6.90420,0.171454
2.17957,6.90613,-0.372443E-02
2.18018,6.90806,-0.177962E-02
2.18079,6.91000,0.452812E-02
2.18140,6.91193,0.310297E-02
2.18201,6.91387,0.471481E-01
2.18262,6.91580,0.222753
2.18323,6.91773,0.612586E-01
2.18384,6.91967,-0.231947E-01
2.18445,6.92160,0.518424E-01
2.18506,6.92354,0.229897
2.18567,6.92547,0.237109
2.18628,6.92740,0.477810E-01
2.18689,6.92934,0.455304E-01
2.18750,6.93127,0.105465
2.18811,6.93321,-0.172689E-01
2.18872,6.93514,-0.582751E-01
2.18933,6.93707,-0.456299E-01
2.18994,6.93901,0.637437E-01
2.19055,6.94094,0.134889
2.19116,6.94288,0.459306E-01
2.19177,6.94481,-0.646382E-01
2.19238,6.94674,0.833826E-01
2.19299,6.94868,-0.232208E-01
2.19360,6.95061,0.117347
2.19421,6.95255,0.984231E-01
2.19482,6.95448,-0.134040
2.19543,6.95641,0.118489
2.19604,6.95835,0.147860
2.19666,6.96028,-0.129487E-01
2.19727,6.96222,-0.911183E-01
2.19788,6.96415,0.301587E-01
2.19849,6.96608,-0.228233E-02
2.19910,6.96802,-0.634087E-01
2.19971,6.96995,0.496299E-01
2.20032,6.97189,0.611422E-01
2.20093,6.97382,-0.143332E-01
2.20154,6.97575,0.172195
2.20215,6.97769,-0.383641E-01
2.20276,6.97962,0.295990
2.20337,6.98156,0.178135E-01
2.20398,6.98349,0.415305E-01
2.20459,6.98542,-0.772349E-01
2.20520,6.98736,-0.532404E-01
2.20581,6.98929,0.204739
2.20642,6.99122,-0.129945
2.20703,6.99316,-0.243844E-01
2.20764,6.99509,0.508937
2.20825,6.99703,0.159817E-01
2.20886,6.99896,0.172112
2.20947,7.00089,-0.389619E-01
2.21008,7.00283,0.229528E-01
2.21069,7.00476,0.531145E-01
2.21130,7.00670,0.759175E-01
2.21191,7.00863,0.993163E-01
2.21252,7.01056,-0.909958E-02
2.21313,7.01250,0.206371
2.21375,7.01443,0.534252
2.21436,7.01637,0.876570E-02
2.21497,7.01830,0.317519E-01
2.21558,7.02023,0.297352
2.21619,7.02217,-0.330503E-01
2.21680,7.02410,0.315871E-01
2.21741,7.02604,0.968742E-01
2.21802,7.02797,0.409834E-02
2.21863,7.02990,0.148809
2.21924,7.03184,-0.469937E-01
2.21985,7.03377,-0.144655E-01
2.22046,7.03571,-0.316839E-01
2.22107,7.03764,-0.212630E-01
2.22168,7.03957,0.229211E-01
2.22229,7.04151,0.123374E-01
2.22290,7.04344,-0.187398E-01
2.22351,7.04538,0.415452E-01
2.22412,7.04731,-0.159138E-01
2.22473,7.04924,-0.458187E-01
2.22534,7.05118,0.283890
2.22595,7.05311,-0.116070
2.22656,7.05505,0.115369E-01
2.22717,7.05698,0.344987
2.22778,7.05891,0.168698
2.22839,7.06085,-0.557662E-01
2.22900,7.06278,-0.990560E-01
2.22961,7.06471,-0.925115E-02
2.23022,7.06665,0.452755E-01
2.23083,7.06858,0.178322E-01
2.23145,7.07052,-0.622430E-01
2.23206,7.07245,-0.159540E-01
2.23267,7.07438,0.805212E-01
2.23328,7.07632,0.175468
2.23389,7.07825,0.330453E-01
2.23450,7.08019,0.170437
2.23511,7.08212,-0.343675E-02
2.23572,7.08405,-0.637163E-01
2.23633,7.08599,0.304568
2.23694,7.08792,-0.101856E-01
2.23755,7.08986,0.249927
2.23816,7.09179,0.104015
2.23877,7.09372,0.131608
2.23938,7.09566,0.103611
2.23999,7.09759,0.185126E-01
2.24060,7.09953,0.174437E-01
2.24121,7.10146,0.767933E-01
2.24182,7.10339,0.431383E-01
2.24243,7.10533,0.118172
2.24304,7.10726,0.144099
2.24365,7.10920,-0.262041E-01
2.24426,7.11113,0.479201E-01
2.24487,7.11306,-0.126274E-01
2.24548,7.11500,0.143466E-01
2.24609,7.11693,-0.335183E-01
2.24670,7.11887,0.262537E-02
2.24731,7.12080,-0.862222E-01
2.24792,7.12273,0.298675
2.24854,7.12467,0.130572
2.24915,7.12660,0.443694E-01
2.24976,7.12854,0.450452E-01
2.25037,7.13047,0.294368
2.25098,7.13240,-0.144012
2.25159,7.13434,0.266913
2.25220,7.13627,-0.536214E-01
2.25281,7.13820,0.323770E-01
2.25342,7.14014,0.306681E-01
2.25403,7.14207,0.690037
2.25464,7.14401,-0.131025E-01
2.25525,7.14594,0.114173E-01
2.25586,7.14787,0.436285E-01
2.25647,7.14981,-0.232978
2.25708,7.15174,0.120280
2.25769,7.15368,0.115114
2.25830,7.15561,-0.440995E-01
2.25891,7.15754,-0.215893
2.25952,7.15948,0.289717E-01
2.26013,7.16141,0.427662E-01
2.26074,7.16335,-0.123186E-01
2.26135,7.16528,-0.670867E-01
2.26196,7.16721,0.869574E-01
2.26257,7.16915,0.872577E-03
2.26318,7.17108,0.176607E-01
2.26379,7.17302,0.999800E-01
2.26440,7.17495,0.326651E-02
2.26501,7.17688,0.174885E-01
2.26562,7.17882,0.632630E-01
2.26624,7.18075,0.299554
2.26685,7.18269,0.132822
2.26746,7.18462,0.481187E-01
2.26807,7.18655,0.748224E-01
2.26868,7.18849,0.428878E-01
2.26929,7.19042,0.484747E-01
2.26990,7.19236,0.434673E-01
2.27051,7.19429,0.862544E-02
2.27112,7.19622,0.109612E-01
2.27173,7.19816,-0.479854E-01
2.27234,7.20009,0.947203E-01
2.27295,7.20203,0.209455E-01
2.27356,7.20396,0.271110E-01
2.27417,7.20589,0.360122E-03
2.27478,7.20783,-0.101176E-01
2.27539,7.20976,0.402207E-01
2.27600,7.21169,-0.153121E-01
2.27661,7.21363,0.353645E-01
2.27722,7.21556,0.642830E-01
2.27783,7.21750,0.291723E-01
2.27844,7.21943,-0.383201E-01
2.27905,7.22136,0.507611E-01
2.27966,7.22330,-0.359527E-01
2.28027,7.22523,0.249211E-01
2.28088,7.22717,0.857769E-01
2.28149,7.22910,0.790790E-01
2.28210,7.23103,0.137923E-01
2.28271,7.23297,-0.574506E-01
2.28333,7.23490,0.781088E-01
2.28394,7.23684,0.390531E-01
2.28455,7.23877,0.219003
2.28516,7.24070,-0.379709E-01
2.28577,7.24264,-0.637569E-02
2.28638,7.24457,0.159684
2.28699,7.24651,0.190444
2.28760,7.24844,-0.130229E-02
2.28821,7.25037,-0.197206
2.28882,7.25231,0.410305E-01
2.28943,7.25424,0.429299E-01
2.29004,7.25618,0.573453E-01
2.29065,7.25811,-0.326555E-01
2.29126,7.26004,0.473370E-02
2.29187,7.26198,0.427489E-01
2.29248,7.26391,0.160387
2.29309,7.26585,-0.650190E-02
2.29370,7.26778,-0.273935E-01
2.29431,7.26971,0.245690E-02
2.29492,7.27165,-0.373399E-01
2.29553,7.27358,0.129708
2.29614,7.27552,0.263114
2.29675,7.27745,-0.217162E-01
2.29736,7.27938,0.730096E-01
2.29797,7.28132,0.124187
2.29858,7.28325,0.156514
2.29919,7.28519,0.496209
2.29980,7.28712,0.100252
2.30042,7.28905,0.173019
2.30103,7.29099,0.316232E-01
2.30164,7.29292,0.555996E-02
2.30225,7.29485,0.115763
2.30286,7.29679,0.115086
2.30347,7.29872,-0.139844
2.30408,7.30066,0.868996E-01
2.30469,7.30259,-0.515361E-01
2.30530,7.30452,-0.461258E-01
2.30591,7.30646,0.649850E-02
2.30652,7.30839,0.153685
2.30713,7.31033,0.328695E-02
2.30774,7.31226,0.598433E-01
2.30835,7.31419,0.354931E-01
2.30896,7.31613,0.201698E-01
2.30957,7.31806,0.511503E-01
2.31018,7.32000,0.684580E-01
2.31079,7.32193,-0.142712E-01
2.31140,7.32386,0.853119E-02
2.31201,7.32580,-0.125016
2.31262,7.32773,0.279497E-01
2.31323,7.32967,-0.113253E-01
2.31384,7.33160,0.451844E-01
2.31445,7.33353,0.389372E-01
2.31506,7.33547,0.401393E-01
2.31567,7.33740,0.925269E-01
2.31628,7.33934,0.864883E-01
2.31689,7.34127,0.266721E-01
2.31750,7.34320,0.222448
2.31812,7.34514,0.997184E-01
2.31873,7.34707,0.860415E-02
2.31934,7.34901,-0.494101E-01
2.31995,7.35094,-0.215049E-01
2.32056,7.35287,0.675709E-02
2.32117,7.35481,0.137926
2.32178,7.35674,-0.380428E-01
2.32239,7.35868,-0.274421E-01
2.32300,7.36061,-0.226709E-01
2.32361,7.36254,0.813761E-01
2.32422,7.36448,0.196627E-01
2.32483,7.36641,0.415798E-01
2.32544,7.36834,0.611443E-01
2.32605,7.37028,-0.206089E-02
2.32666,7.37221,0.107674
2.32727,7.37415,-0.108113E-01
2.32788,7.37608,-0.564920E-01
2.32849,7.37801,0.103948
2.32910,7.37995,-0.174322E-01
2.32971,7.38188,0.450378E-01
2.33032,7.38382,0.391403E-01
2.33093,7.38575,0.709150E-01
2.33154,7.38768,0.831439E-01
2.33215,7.38962,0.960671E-01
2.33276,7.39155,0.133350
2.33337,7.39349,0.113618
2.33398,7.39542,-0.165597E-01
2.33459,7.39735,0.937501E-01
2.33521,7.39929,-0.180101
2.33582,7.40122,0.138007
2.33643,7.40316,0.108425
2.33704,7.40509,0.157882E-01
2.33765,7.40702,0.191358E-02
2.33826,7.40896,-0.550728E-01
2.33887,7.41089,0.981369E-01
2.33948,7.41283,0.405357E-01
2.34009,7.41476,-0.154233E-01
2.34070,7.41669,0.493655E-01
2.34131,7.41863,0.203337E-01
2.34192,7.42056,0.244223E-01
2.34253,7.42250,0.536751E-01
2.34314,7.42443,0.427336E-01
2.34375,7.42636,-0.139403
2.34436,7.42830,0.293096
2.34497,7.43023,0.821308E-01
2.34558,7.43217,0.136940E-01
2.34619,7.43410,-0.442750E-01
2.34680,7.43603,0.192289E-02
2.34741,7.43797,0.309999E-01
2.34802,7.43990,0.796506E-01
2.34863,7.44183,-0.598416E-02
2.34924,7.44377,0.119159E-01
2.34985,7.44570,-0.133861E-01
2.35046,7.44764,-0.584133E-01
2.35107,7.44957,0.754897E-01
2.35168,7.45150,-0.356567E-01
2.35229,7.45344,0.108426
2.35291,7.45537,-0.143392E-01
2.35352,7.45731,0.154841
2.35413,7.45924,0.105160E-01
2.35474,7.46117,-0.466355E-01
2.35535,7.46311,0.131639E-01
2.35596,7.46504,0.412064E-01
2.35657,7.46698,0.143378
2.35718,7.46891,-0.418771E-02
2.35779,7.47084,-0.500287E-01
2.35840,7.47278,0.396750E-01
2.35901,7.47471,0.456275E-01
2.35962,7.47665,-0.456625E-01
2.36023,7.47858,0.146539
2.36084,7.48051,0.331175
2.36145,7.48245,0.417214E-01
2.36206,7.48438,0.109610
2.36267,7.48632,-0.192713
2.36328,7.48825,0.240377
2.36389,7.49018,0.133010
2.36450,7.49212,0.349940
2.36511,7.49405,0.123693
2.36572,7.49599,0.849433E-01
2.36633,7.49792,0.364134E-01
2.36694,7.49985,0.902879E-01
2.36755,7.50179,-0.667652E-01
2.36816,7.50372,-0.931304E-02
2.36877,7.50566,0.580097E-01
2.36938,7.50759,0.107146
2.37000,7.50952,0.232977
2.37061,7.51146,0.935134E-02
2.37122,7.51339,0.828852E-02
2.37183,7.51532,0.813568E-02
2.37244,7.51726,-0.189452E-02
2.37305,7.51919,0.123230
2.37366,7.52113,0.626363E-01
2.37427,7.52306,0.215787
2.37488,7.52499,-0.536836E-01
2.37549,7.52693,-0.929287E-01
2.37610,7.52886,-0.671771E-01
2.37671,7.53080,0.503016E-03
2.37732,7.53273,-0.185903
2.37793,7.53466,0.422168E-01
2.37854,7.53660,0.650367E-01
2.37915,7.53853,-0.351429E-01
2.37976,7.54047,0.245427
2.38037,7.54240,0.223511E-02
2.38098,7.54433,-0.547005E-01
2.38159,7.54627,-0.112327
2.38220,7.54820,0.369797E-01
2.38281,7.55014,0.282281
2.38342,7.55207,-0.167854E-02
2.38403,7.55400,-0.300738E-01
2.38464,7.55594,0.531853E-01
2.38525,7.55787,0.345285E-02
2.38586,7.55981,0.563631E-01
2.38647,7.56174,-0.209945E-02
2.38708,7.56367,-0.204855
2.38770,7.56561,0.311650E-01
2.38831,7.56754,0.152912
2.38892,7.56948,-0.207368
2.38953,7.57141,0.377622E-01
2.39014,7.57334,0.148740
2.39075,7.57528,-0.240328E-01
2.39136,7.57721,-0.753192E-02
2.39197,7.57915,0.193847E-01
2.39258,7.58108,-0.217955E-01
2.39319,7.58301,-0.117828
2.39380,7.58495,-0.328139E-01
2.39441,7.58688,0.119497
2.39502,7.58881,0.328129E-01
2.39563,7.59075,0.858982E-01
2.39624,7.59268,0.357658E-01
2.39685,7.59462,0.803932E-01
2.39746,7.59655,-0.834414E-01
2.39807,7.59848,0.523920E-01
2.39868,7.60042,0.633619E-01
2.39929,7.60235,0.104647
2.39990,7.60429,0.118330
2.40051,7.60622,0.186559E-01
2.40112,7.60815,0.421910E-01
2.40173,7.61009,-0.649848E-01
2.40234,7.61202,-0.339449E-01
2.40295,7.61396,-0.339210E-01
2.40356,7.61589,0.228309E-01
2.40417,7.61782,-0.157939E-01
2.40479,7.61976,0.146568
2.40540,7.62169,-0.594214E-01
2.40601,7.62363,0.133791E-01
2.40662,7.62556,0.215310
2.40723,7.62749,0.192733E-01
2.40784,7.62943,0.706713E-01
2.40845,7.63136,0.811856E-01
2.40906,7.63330,0.100992
2.40967,7.63523,-0.501466E-01
2.41028,7.63716,0.604974E-01
2.41089,7.63910,0.197266
2.41150,7.64103,-0.263811E-01
2.41211,7.64297,-0.429703E-03
2.41272,7.64490,0.990853E-01
2.41333,7.64683,-0.104988
2.41394,7.64877,-0.319715E-01
2.41455,7.65070,0.362610E-01
2.41516,7.65264,-0.232498E-01
2.41577,7.65457,-0.345409E-01
2.41638,7.65650,-0.409543E-01
2.41699,7.65844,-0.204771E-02
2.41760,7.66037,-0.147555
2.41821,7.66231,-0.396359E-01
2.41882,7.66424,-0.113327
2.41943,7.66617,0.447175E-01
2.42004,7.66811,0.275928E-01
2.42065,7.67004,-0.100178E-01
2.42126,7.67197,0.912878E-01
2.42188,7.67391,-0.280336E-01
2.42249,7.67584,-0.898759E-01
2.42310,7.67778,0.255244
2.42371,7.67971,-0.790230E-02
2.42432,7.68164,0.111961E-01
2.42493,7.68358,0.280912E-01
2.42554,7.68551,0.321254E-01
2.42615,7.68745,0.156985
2.42676,7.68938,-0.332159E-01
2.42737,7.69131,0.664728E-04
2.42798,7.69325,-0.111010E-01
2.42859,7.69518,0.890814E-01
2.42920,7.69712,-0.229554E-01
2.42981,7.69905,0.276179E-02
2.43042,7.70098,0.992554E-01
2.43103,7.70292,-0.399581E-02
2.43164,7.70485,0.336993E-02
2.43225,7.70679,0.156555
2.43286,7.70872,0.108453
2.43347,7.71065,0.465247E-01
2.43408,7.71259,0.341339E-01
2.43469,7.71452,0.526348E-02
2.43530,7.71646,-0.764168E-01
2.43591,7.71839,0.934601E-01
2.43652,7.72032,0.319791E-01
2.43713,7.72226,-0.176371E-01
2.43774,7.72419,0.661783E-03
2.43835,7.72613,-0.630684E-01
2.43896,7.72806,-0.142966E-01
2.43958,7.72999,-0.520039E-01
2.44019,7.73193,0.792914E-01
2.44080,7.73386,0.962155E-01
2.44141,7.73580,-0.907926E-02
2.44202,7.73773,-0.612434E-01
2.44263,7.73966,0.629241E-01
2.44324,7.74160,0.161637
2.44385,7.74353,0.408938E-01
2.44446,7.74546,0.575078E-03
2.44507,7.74740,0.717455E-01
2.44568,7.74933,-0.128552E-01
2.44629,7.75127,0.806799E-01
2.44690,7.75320,0.102273
2.44751,7.75513,0.538669E-01
2.44812,7.75707,-0.828876E-01
2.44873,7.75900,-0.460869E-01
2.44934,7.76094,0.124928
2.44995,7.76287,0.349223E-01
2.45056,7.76480,-0.842258E-01
2.45117,7.76674,0.208188
2.45178,7.76867,0.259949E-01
2.45239,7.77061,0.726207E-01
2.45300,7.77254,0.130525E-01
2.45361,7.77447,-0.504755E-01
2.45422,7.77641,0.167332
2.45483,7.77834,0.168831
2.45544,7.78028,-0.120750E-01
2.45605,7.78221,0.163477
2.45667,7.78414,0.196104E-01
2.45728,7.78608,0.190394
2.45789,7.78801,-0.171388E-01
2.45850,7.78995,0.172685E-01
2.45911,7.79188,-0.213114
2.45972,7.79381,-0.481282E-01
2.46033,7.79575,0.291344
2.46094,7.79768,0.979294E-01
2.46155,7.79962,-0.270652E-01
2.46216,7.80155,0.198672
2.46277,7.80348,-0.791680E-01
2.46338,7.80542,0.460708E-01
2.46399,7.80735,0.573252E-01
2.46460,7.80929,0.127063E-02
2.46521,7.81122,-0.104598
2.46582,7.81315,-0.149948
2.46643,7.81509,0.376176E-01
2.46704,7.81702,-0.158497E-01
2.46765,7.81895,0.116294E-01
2.46826,7.82089,0.170101E-01
2.46887,7.82282,0.676656E-02
2.46948,7.82476,0.515265E-01
2.47009,7.82669,0.197178E-01
2.47070,7.82862,0.302436E-01
2.47131,7.83056,-0.174613E-01
2.47192,7.83249,0.127210
2.47253,7.83443,0.247959E-01
2.47314,7.83636,-0.319774E-02
2.47375,7.83829,0.793311E-01
2.47437,7.84023,0.474775E-01
2.47498,7.84216,0.145883
2.47559,7.84410,0.100793
2.47620,7.84603,0.169853
2.47681,7.84796,-0.446223E-03
2.47742,7.84990,-0.114660
2.47803,7.85183,0.291218
2.47864,7.85377,-0.230206E-01
2.47925,7.85570,-0.140190
2.47986,7.85763,-0.513855E-01
2.48047,7.85957,0.138885E-01
2.48108,7.86150,-0.388431E-02
2.48169,7.86344,0.526858E-01
2.48230,7.86537,-0.433960E-01
2.48291,7.86730,0.991741E-02
2.48352,7.86924,0.765348E-01
2.48413,7.87117,0.150657E-01
2.48474,7.87311,0.286755E-01
2.48535,7.87504,0.206149
2.48596,7.87697,-0.252351E-01
2.48657,7.87891,-0.569303E-02
2.48718,7.88084,0.109841E-01
2.48779,7.88278,0.206079
2.48840,7.88471,-0.156400E-02
2.48901,7.88664,0.590420E-01
2.48962,7.88858,0.201381
2.49023,7.89051,0.178502E-01
2.49084,7.89244,0.256510
2.49146,7.89438,0.535745E-01
2.49207,7.89631,0.167455
2.49268,7.89825,0.323499E-01
2.49329,7.90018,0.361652E-01
2.49390,7.90211,-0.336915E-01
2.49451,7.90405,0.149718E-02
2.49512,7.90598,0.401015E-01
2.49573,7.90792,0.317503E-01
2.49634,7.90985,-0.452514E-01
2.49695,7.91178,0.738491E-01
2.49756,7.91372,-0.242468E-01
2.49817,7.91565,-0.454762E-01
2.49878,7.91759,0.716041E-01
2.49939,7.91952,0.427318E-01
2.50000,7.92145,0.854341E-01
2.50061,7.92339,0.341475E-01
2.50122,7.92532,0.246583
2.50183,7.92726,-0.140989
2.50244,7.92919,0.175872
2.50305,7.93112,0.140829
2.50366,7.93306,0.164310E-01
2.50427,7.93499,0.170818E-01
2.50488,7.93693,-0.609412E-01
2.50549,7.93886,0.702429E-02
2.50610,7.94079,0.569250E-02
2.50671,7.94273,0.748141E-01
2.50732,7.94466,-0.145690E-01
2.50793,7.94660,0.190615
2.50854,7.94853,0.619021E-01
2.50916,7.95046,-0.379118E-02
2.50977,7.95240,-0.810033E-01
2.51038,7.95433,0.156833
2.51099,7.95627,0.412004E-01
2.51160,7.95820,0.728676E-01
2.51221,7.96013,-0.777663E-02
2.51282,7.96207,0.166710E-01
2.51343,7.96400,0.123118E-01
2.51404,7.96593,0.157592
2.51465,7.96787,-0.641373E-01
2.51526,7.96980,0.341004E-01
2.51587,7.97174,-0.612074E-01
2.51648,7.97367,0.978179E-01
2.51709,7.97560,-0.937884E-02
2.51770,7.97754,-0.561028E-01
2.51831,7.97947,0.950427E-03
2.51892,7.98141,-0.618233E-02
2.51953,7.98334,-0.626722E-01
2.52014,7.98527,0.569454E-01
2.52075,7.98721,-0.622097E-01
2.52136,7.98914,-0.266001E-01
2.52197,7.99108,0.970771E-01
2.52258,7.99301,-0.590442E-01
2.52319,7.99494,0.180632E-01
2.52380,7.99688,-0.335516E-02
2.52441,7.99881,-0.110269E-01
2.52502,8.00075,-0.769207E-02
2.52563,8.00268,0.118855
2.52625,8.00461,0.256186E-02
2.52686,8.00655,0.380870
2.52747,8.00848,-0.155164
2.52808,8.01042,0.137861E-01
2.52869,8.01235,0.113816
2.52930,8.01428,0.309236E-01
2.52991,8.01622,0.119312E-01
2.53052,8.01815,0.117791E-01
2.53113,8.02009,-0.152526
2.53174,8.02202,-0.630371E-02
2.53235,8.02395,0.709227E-01
2.53296,8.02589,-0.891544E-02
2.53357,8.02782,-0.902372E-01
2.53418,8.02976,0.947116E-01
2.53479,8.03169,0.173349
2.53540,8.03362,0.853401E-01
2.53601,8.03556,0.239820E-01
2.53662,8.03749,-0.390408E-01
2.53723,8.03943,-0.172972
2.53784,8.04136,-0.940816E-01
2.53845,8.04329,-0.247061E-01
2.53906,8.04523,-0.312360E-01
2.53967,8.04716,-0.165885E-01
2.54028,8.04909,0.174661E-01
2.54089,8.05103,-0.623596E-01
2.54150,8.05296,0.503511E-01
2.54211,8.05490,-0.205471E-01
2.54272,8.05683,0.128229
2.54333,8.05876,0.547110E-01
2.54395,8.06070,0.388813
2.54456,8.06263,0.139899E-01
2.54517,8.06457,0.170011E-01
2.54578,8.06650,0.275874E-01
2.54639,8.06843,0.490762E-01
2.54700,8.07037,0.455197
2.54761,8.07230,0.402724E-01
2.54822,8.07424,-0.840556E-01
2.54883,8.07617,0.919510E-01
2.54944,8.07810,0.414889
2.55005,8.08004,0.207726E-01
2.55066,8.08197,-0.238345E-01
2.55127,8.08391,0.113362E-01
2.55188,8.08584,0.349829E-01
2.55249,8.08777,0.852948E-01
2.55310,8.08971,-0.292827E-01
2.55371,8.09164,0.113557
2.55432,8.09358,0.916115E-01
2.55493,8.09551,-0.305184E-01
2.55554,8.09744,-0.133961E-03
2.55615,8.09938,0.118595
2.55676,8.10131,0.947321E-01
2.55737,8.10325,-0.274566E-01
2.55798,8.10518,0.903533E-04
2.55859,8.10711,-0.729656E-01
2.55920,8.10905,-0.139909E-01
2.55981,8.11098,-0.484833E-01
2.56042,8.11292,-0.247872E-01
2.56104,8.11485,-0.640074E-01
2.56165,8.11678,0.209521
2.56226,8.11872,0.179200
2.56287,8.12065,0.332475E-01
2.56348,8.12258,0.833542E-01
2.56409,8.12452,0.259016E-01
2.56470,8.12645,-0.306259E-01
2.56531,8.12839,0.374498E-01
2.56592,8.13032,-0.854805E-01
2.56653,8.13225,-0.866048E-01
2.56714,8.13419,-0.770708E-02
2.56775,8.13612,-0.329676E-01
2.56836,8.13806,0.372446E-01
2.56897,8.13999,0.314632E-02
2.56958,8.14192,0.357103E-01
2.57019,8.14386,-0.374316E-01
2.57080,8.14579,0.172488E-01
2.57141,8.14773,-0.125762
2.57202,8.14966,-0.178832
2.57263,8.15159,0.780642E-02
2.57324,8.15353,-0.625223E-02
2.57385,8.15546,0.735247E-01
2.57446,8.15740,0.323133E-01
2.57507,8.15933,0.500218E-01
2.57568,8.16126,-0.468041E-01
2.57629,8.16320,-0.868783E-02
2.57690,8.16513,0.363123E-01
2.57751,8.16707,-0.267762E-01
2.57812,8.16900,0.411319E-02
2.57874,8.17093,0.300986E-01
2.57935,8.17287,-0.808552E-01
2.57996,8.17480,0.182709E-01
2.58057,8.17674,0.176342
2.58118,8.17867,0.119212
2.58179,8.18060,0.862107E-01
2.58240,8.18254,-0.936053E-02
2.58301,8.18447,-0.469899E-02
2.58362,8.18641,0.532303E-01
2.58423,8.18834,0.377082E-01
2.58484,8.19027,-0.190802E-02
2.58545,8.19221,-0.136652
2.58606,8.19414,0.703104E-01
2.58667,8.19607,-0.106469E-01
2.58728,8.19801,0.221654E-01
2.58789,8.19994,0.889785E-01
2.58850,8.20188,0.551782E-01
2.58911,8.20381,-0.583499E-01
2.58972,8.20574,0.177228E-01
2.59033,8.20768,0.626997E-01
2.59094,8.20961,0.172865E-01
2.59155,8.21155,0.106909
2.59216,8.21348,-0.582169E-01
2.59277,8.21541,0.177251E-01
2.59338,8.21735,-0.529882E-02
2.59399,8.21928,0.145344
2.59460,8.22122,-0.738903E-01
2.59521,8.22315,-0.541455E-01
2.59583,8.22508,-0.318637E-01
2.59644,8.22702,0.376245E-01
2.59705,8.22895,0.682052E-02
2.59766,8.23089,-0.123424E-01
2.59827,8.23282,-0.871182E-01
2.59888,8.23475,0.604901E-01
2.59949,8.23669,-0.198538E-01
2.60010,8.23862,-0.156436
2.60071,8.24056,-0.208998E-01
2.60132,8.24249,-0.152108E-01
2.60193,8.24442,0.851878E-02
2.60254,8.24636,-0.138133
2.60315,8.24829,-0.530766E-01
2.60376,8.25023,-0.744418E-01
2.60437,8.25216,0.661721E-02
2.60498,8.25409,0.570357E-01
2.60559,8.25603,0.114112E-01
2.60620,8.25796,-0.640588E-01
2.60681,8.25990,0.236957E-01
2.60742,8.26183,0.437707E-01
2.60803,8.26376,-0.501464E-01
2.60864,8.26570,0.119710
2.60925,8.26763,-0.856843E-02
2.60986,8.26956,0.789635E-01
2.61047,8.27150,0.139425
2.61108,8.27343,0.396469E-01
2.61169,8.27537,0.390152E-02
2.61230,8.27730,0.333775E-01
2.61292,8.27923,0.661868E-01
2.61353,8.28117,-0.123653
2.61414,8.28310,0.122420
2.61475,8.28504,0.320531E-02
2.61536,8.28697,0.148301
2.61597,8.28890,-0.236569E-01
2.61658,8.29084,0.157158
2.61719,8.29277,0.344191E-01
2.61780,8.29471,-0.405006E-01
2.61841,8.29664,-0.833150E-01
2.61902,8.29857,-0.210321E-02
2.61963,8.30051,-0.692352E-02
2.62024,8.30244,0.428643E-01
2.62085,8.30438,0.120089E-01
2.62146,8.30631,0.138967E-01
2.62207,8.30824,0.489246E-01
2.62268,8.31018,-0.611270E-01
2.62329,8.31211,0.228749E-01
2.62390,8.31405,0.461359
2.62451,8.31598,-0.185777E-01
2.62512,8.31791,-0.128621E-01
2.62573,8.31985,0.997572E-02
2.62634,8.32178,0.196272
2.62695,8.32372,-0.359496E-01
2.62756,8.32565,0.566626E-02
2.62817,8.32758,-0.474619E-01
2.62878,8.32952,0.702898E-01
2.62939,8.33145,-0.144315E-02
2.63000,8.33339,-0.414080E-01
2.63062,8.33532,0.226861E-01
2.63123,8.33725,0.269685E-01
2.63184,8.33919,0.176603E-01
2.63245,8.34112,-0.691413E-02
2.63306,8.34305,0.678151E-01
2.63367,8.34499,0.467639E-01
2.63428,8.34692,0.639137E-01
2.63489,8.34886,0.112047
2.63550,8.35079,0.137621
2.63611,8.35272,-0.174107E-01
2.63672,8.35466,0.777532E-03
2.63733,8.35659,0.939872E-01
2.63794,8.35853,-0.155793E-01
2.63855,8.36046,-0.669682E-01
2.63916,8.36239,-0.456653E-01
2.63977,8.36433,0.213852E-01
2.64038,8.36626,0.148746
2.64099,8.36820,0.304871E-02
2.64160,8.37013,-0.179118
2.64221,8.37206,-0.240302E-01
2.64282,8.37400,-0.353030E-01
2.64343,8.37593,-0.306867E-01
2.64404,8.37787,0.347282E-01
2.64465,8.37980,0.825280E-02
2.64526,8.38173,-0.558983E-02
2.64587,8.38367,0.415254E-01
2.64648,8.38560,0.165731
2.64709,8.38754,-0.940833E-02
2.64771,8.38947,0.179593
2.64832,8.39140,-0.260703E-01
2.64893,8.39334,0.115496
2.64954,8.39527,-0.126712
2.65015,8.39721,0.719542E-01
2.65076,8.39914,0.120531E-01
2.65137,8.40107,-0.210379
2.65198,8.40301,0.181730E-01
2.65259,8.40494,0.117228
2.65320,8.40688,-0.115687E-01
2.65381,8.40881,0.911740E-01
2.65442,8.41074,0.106994E-01
2.65503,8.41268,-0.915064E-01
2.65564,8.41461,0.800820E-01
2.65625,8.41655,0.955169E-01
2.65686,8.41848,0.813633E-01
2.65747,8.42041,0.639644E-01
2.65808,8.42235,0.101615
2.65869,8.42428,-0.990873E-02
2.65930,8.42621,0.763638E-01
2.65991,8.42815,-0.363981E-01
2.66052,8.43008,0.124741
2.66113,8.43202,0.178821
2.66174,8.43395,-0.142760E-01
2.66235,8.43588,0.193871E-01
2.66296,8.43782,0.126510
2.66357,8.43975,0.936622E-02
2.66418,8.44169,-0.115290
2.66479,8.44362,-0.426879E-01
2.66541,8.44555,0.453455E-01
2.66602,8.44749,-0.217349E-02
2.66663,8.44942,0.136683
2.66724,8.45136,-0.246864E-01
2.66785,8.45329,0.100536E-01
2.66846,8.45522,0.110909
2.66907,8.45716,0.127930
2.66968,8.45909,-0.125892E-01
2.67029,8.46103,0.795373E-01
2.67090,8.46296,-0.178278E-01
2.67151,8.46489,0.119871
2.67212,8.46683,0.530289E-01
2.67273,8.46876,0.622783E-01
2.67334,8.47070,0.291573E-01
2.67395,8.47263,-0.522020E-02
2.67456,8.47456,-0.117321
2.67517,8.47650,-0.509163E-01
2.67578,8.47843,-0.100742E-02
2.67639,8.48037,0.236997
2.67700,8.48230,-0.126640E-01
2.67761,8.48423,-0.127700
2.67822,8.48617,0.480596E-01
2.67883,8.48810,0.281487E-01
2.67944,8.49004,-0.670859E-01
2.68005,8.49197,-0.382903E-01
2.68066,8.49390,-0.379898E-02
2.68127,8.49584,-0.223246E-01
2.68188,8.49777,-0.101711E-01
2.68250,8.49970,-0.771492E-01
2.68311,8.50164,0.884227E-01
2.68372,8.50357,-0.219740
2.68433,8.50551,0.589623E-01
2.68494,8.50744,0.111733
2.68555,8.50937,0.254633E-01
2.68616,8.51131,0.132076E-01
2.68677,8.51324,-0.399098E-01
2.68738,8.51518,0.463120E-01
2.68799,8.51711,-0.120863
2.68860,8.51904,0.613428E-01
2.68921,8.52098,0.169351E-01
2.68982,8.52291,0.234935E-01
2.69043,8.52485,-0.312266
2.69104,8.52678,-0.116252E-02
2.69165,8.52871,0.489586E-01
2.69226,8.53065,0.283407E-01
2.69287,8.53258,0.446597E-01
2.69348,8.53452,0.448761E-01
2.69409,8.53645,0.618979E-01
2.69470,8.53838,0.147917E-01
2.69531,8.54032,0.259370
2.69592,8.54225,0.423615E-01
2.69653,8.54419,-0.459913E-01
2.69714,8.54612,0.240490E-01
2.69775,8.54805,-0.309834E-01
2.69836,8.54999,0.448556E-02
2.69897,8.55192,-0.159775E-01
2.69958,8.55386,-0.402409E-01
2.70020,8.55579,-0.171766E-01
2.70081,8.55772,0.118325
2.70142,8.55966,0.217938E-01
2.70203,8.56159,0.826060E-01
2.70264,8.56353,0.263985E-01
2.70325,8.56546,0.228757E-01
2.70386,8.56739,-0.195472E-01
2.70447,8.56933,0.355858
2.70508,8.57126,0.161754
2.70569,8.57319,-0.201339E-01
2.70630,8.57513,0.153537
2.70691,8.57706,0.189003
2.70752,8.57900,0.124588
2.70813,8.58093,0.922077E-01
2.70874,8.58286,0.129255
2.70935,8.58480,0.398040E-01
2.70996,8.58673,0.273700
2.71057,8.58867,0.820422E-01
2.71118,8.59060,-0.177326E-02
2.71179,8.59253,-0.582100E-01
2.71240,8.59447,0.148847E-01
2.71301,8.59640,0.259672E-01
2.71362,8.59834,0.713928E-01
2.71423,8.60027,-0.132186E-01
2.71484,8.60220,-0.511725E-01
2.71545,8.60414,0.945206E-02
2.71606,8.60607,-0.239847E-01
2.71667,8.60801,-0.795696E-01
2.71729,8.60994,-0.259445E-01
2.71790,8.61187,0.913563E-01
2.71851,8.61381,-0.164593E-01
2.71912,8.61574,0.121117E-01
2.71973,8.61768,-0.411350E-01
2.72034,8.61961,-0.665300E-01
2.72095,8.62154,-0.740471E-01
2.72156,8.62348,0.361411E-01
2.72217,8.62541,0.962082E-01
2.72278,8.62735,0.283528
2.72339,8.62928,-0.109437
2.72400,8.63121,-0.784773E-01
2.72461,8.63315,-0.418016E-01
2.72522,8.63508,0.124775
2.72583,8.63702,0.484122E-01
2.72644,8.63895,0.478719E-01
2.72705,8.64088,-0.278702E-01
2.72766,8.64282,-0.559775E-01
2.72827,8.64475,0.217291E-01
2.72888,8.64668,0.162146E-02
2.72949,8.64862,-0.469463E-01
2.73010,8.65055,-0.105719E-01
2.73071,8.65249,0.300755E-02
2.73132,8.65442,-0.162574E-01
2.73193,8.65635,0.116897
2.73254,8.65829,0.466971E-01
2.73315,8.66022,0.190697
2.73376,8.66216,0.192500E-01
2.73438,8.66409,-0.181185
2.73499,8.66602,-0.122608
2.73560,8.66796,0.589263E-01
2.73621,8.66989,0.292199E-01
2.73682,8.67183,-0.397630E-01
2.73743,8.67376,0.445105E-01
2.73804,8.67569,-0.304219
2.73865,8.67763,0.970381E-01
2.73926,8.67956,-0.368568E-01
2.73987,8.68150,-0.301201E-01
2.74048,8.68343,0.684489E-02
2.74109,8.68536,0.624914E-01
2.74170,8.68730,0.806801E-01
2.74231,8.68923,0.100344E-01
2.74292,8.69117,0.127118
2.74353,8.69310,0.215908E-01
2.74414,8.69503,0.163272
2.74475,8.69697,-0.674810E-02
2.74536,8.69890,-0.155013
2.74597,8.70084,-0.109774E-01
2.74658,8.70277,0.188935E-01
2.74719,8.70470,-0.372473E-01
2.74780,8.70664,0.379940E-01
2.74841,8.70857,0.849634E-02
2.74902,8.71051,-0.402620E-01
2.74963,8.71244,-0.608760E-01
2.75024,8.71437,0.531542E-01
2.75085,8.71631,-0.214444E-01
2.75146,8.71824,-0.294978E-01
2.75208,8.72017,-0.536523E-01
2.75269,8.72211,0.160598
2.75330,8.72404,0.647258E-01
2.75391,8.72598,0.149036
2.75452,8.72791,0.125215
2.75513,8.72984,0.441191E-01
2.75574,8.73178,0.648370E-01
2.75635,8.73371,0.949803E-01
2.75696,8.73565,0.920191E-02
2.75757,8.73758,0.228380E-01
2.75818,8.73951,0.128231
2.75879,8.74145,0.129911
2.75940,8.74338,0.415680E-01
2.76001,8.74532,-0.985564E-02
2.76062,8.74725,0.149929
2.76123,8.74918,-0.297786E-01
2.76184,8.75112,0.669535E-03
2.76245,8.75305,-0.336456E-01
2.76306,8.75499,0.148919
2.76367,8.75692,0.193985E-01
2.76428,8.75885,0.839574E-01
2.76489,8.76079,0.183142
2.76550,8.76272,0.538012E-01
2.76611,8.76466,0.774606E-01
2.76672,8.76659,0.118599
2.76733,8.76852,0.937506E-01
2.76794,8.77046,-0.407469E-01
2.76855,8.77239,0.210045E-01
2.76917,8.77433,-0.162366E-01
2.76978,8.77626,-0.170086E-02
2.77039,8.77819,-0.151878
2.77100,8.78013,0.678356E-01
2.77161,8.78206,-0.382376E-01
2.77222,8.78400,-0.625651E-02
2.77283,8.78593,0.800512E-02
2.77344,8.78786,0.720402E-01
2.77405,8.78980,-0.784559E-01
2.77466,8.79173,-0.378564E-01
2.77527,8.79367,-0.787343E-02
2.77588,8.79560,-0.128816E-01
2.77649,8.79753,-0.331521E-01
2.77710,8.79947,0.695483E-01
2.77771,8.80140,0.628257E-02
2.77832,8.80333,0.297449E-01
2.77893,8.80527,0.100073
2.77954,8.80720,0.725593E-01
2.78015,8.80914,-0.199856E-01
2.78076,8.81107,-0.517689E-01
2.78137,8.81300,-0.245698E-03
2.78198,8.81494,0.835530E-01
2.78259,8.81687,0.231949E-01
2.78320,8.81881,0.267227E-01
2.78381,8.82074,-0.430392E-02
2.78442,8.82267,0.579584E-01
2.78503,8.82461,-0.860321E-01
2.78564,8.82654,0.533206E-02
2.78625,8.82848,0.753809E-01
2.78687,8.83041,-0.152669E-02
2.78748,8.83234,0.193717E-01
2.78809,8.83428,0.307684E-01
2.78870,8.83621,0.185027E-01
2.78931,8.83815,-0.568938E-01
2.78992,8.84008,-0.208522E-01
2.79053,8.84201,0.172303E-01
2.79114,8.84395,-0.337758E-01
2.79175,8.84588,0.221609E-01
2.79236,8.84782,-0.351809E-01
2.79297,8.84975,0.230544E-01
2.79358,8.85168,0.236962E-02
2.79419,8.85362,-0.715022E-01
2.79480,8.85555,0.450203E-01
2.79541,8.85749,0.472847E-01
2.79602,8.85942,0.176183
2.79663,8.86135,0.822135E-01
2.79724,8.86329,-0.146433E-01
2.79785,8.86522,-0.262078E-01
2.79846,8.86716,0.204631
2.79907,8.86909,0.161230E-01
2.79968,8.87102,-0.227460E-01
2.80029,8.87296,-0.645397E-01
2.80090,8.87489,-0.666186E-01
2.80151,8.87682,0.149837
2.80212,8.87876,-0.427002E-01
2.80273,8.88069,-0.756670E-02
2.80334,8.88263,-0.892548E-01
2.80396,8.88456,0.113070
2.80457,8.88649,0.301165
2.80518,8.88843,-0.253858
2.80579,8.89036,-0.192409E-02
2.80640,8.89230,-0.171359
2.80701,8.89423,0.252928
2.80762,8.89616,-0.257538E-01
2.80823,8.89810,-0.131559
2.80884,8.90003,-0.117347E-01
2.80945,8.90197,0.142331
2.81006,8.90390,0.105197
2.81067,8.90583,0.922344E-01
2.81128,8.90777,-0.286626E-01
2.81189,8.90970,-0.859665E-01
2.81250,8.91164,-0.173547E-01
2.81311,8.91357,0.655048E-01
2.81372,8.91550,0.228732E-02
2.81433,8.91744,-0.240882E-01
2.81494,8.91937,-0.410207E-01
2.81555,8.92131,0.372293E-01
2.81616,8.92324,0.250911
2.81677,8.92517,-0.409771E-02
2.81738,8.92711,-0.888322E-02
2.81799,8.92904,0.105765
2.81860,8.93098,0.165190E-01
2.81921,8.93291,-0.122007E-01
2.81982,8.93484,0.139522E-01
2.82043,8.93678,0.813056E-01
2.82104,8.93871,-0.100605E-01
2.82166,8.94065,0.769669E-01
2.82227,8.94258,-0.126469E-01
2.82288,8.94451,-0.804300E-01
2.82349,8.94645,0.142075
2.82410,8.94838,-0.112694E-01
2.82471,8.95031,-0.611596E-01
2.82532,8.95225,-0.199364E-01
2.82593,8.95418,0.140223E-01
2.82654,8.95612,-0.453180E-02
2.82715,8.95805,0.119128
2.82776,8.95998,0.108935
2.82837,8.96192,0.199651E-01
2.82898,8.96385,-0.922247E-02
2.82959,8.96579,0.692698E-01
2.83020,8.96772,-0.866761E-02
2.83081,8.96965,0.563360E-01
2.83142,8.97159,0.174645
2.83203,8.97352,0.793965E-01
2.83264,8.97546,0.870444E-01
2.83325,8.97739,-0.109666
2.83386,8.97932,0.802339E-01
2.83447,8.98126,0.122570
2.83508,8.98319,-0.794851E-02
2.83569,8.98513,0.217443E-01
2.83630,8.98706,0.145119E-01
2.83691,8.98899,0.132614
2.83752,8.99093,-0.236838E-01
2.83813,8.99286,-0.233124E-01
2.83875,8.99480,-0.659712E-01
2.83936,8.99673,0.275319
2.83997,8.99866,0.453984E-01
2.84058,9.00060,-0.495780E-01
2.84119,9.00253,0.546169E-01
2.84180,9.00447,0.131144E-01
2.84241,9.00640,-0.207395E-02
2.84302,9.00833,-0.154825E-02
2.84363,9.01027,0.164051E-01
2.84424,9.01220,0.437390E-01
2.84485,9.01414,0.663233E-01
2.84546,9.01607,0.969478E-01
2.84607,9.01800,-0.138819E-01
2.84668,9.01994,-0.124137
2.84729,9.02187,-0.686639E-01
2.84790,9.02380,-0.415211E-01
2.84851,9.02574,-0.109597
2.84912,9.02767,0.113403
2.84973,9.02961,0.405985E-01
2.85034,9.03154,0.129672
2.85095,9.03347,0.489645E-02
2.85156,9.03541,-0.355908E-01
2.85217,9.03734,0.313722E-01
2.85278,9.03928,0.980360E-01
2.85339,9.04121,-0.555570E-01
2.85400,9.04314,-0.227358E-01
2.85461,9.04508,0.118774
2.85522,9.04701,0.213263E-01
2.85583,9.04895,-0.219155
2.85645,9.05088,-0.203056E-01
2.85706,9.05281,0.187359E-01
2.85767,9.05475,0.109484
2.85828,9.05668,-0.842201E-01
2.85889,9.05862,0.515442E-01
2.85950,9.06055,0.222263E-01
2.86011,9.06248,-0.762295E-02
2.86072,9.06442,-0.514053E-01
2.86133,9.06635,0.649943E-01
2.86194,9.06829,-0.383323E-02
2.86255,9.07022,-0.153129
2.86316,9.07215,0.603503E-01
2.86377,9.07409,-0.368311E-02
2.86438,9.07602,-0.604430E-01
2.86499,9.07796,-0.113386
2.86560,9.07989,-0.484020E-01
2.86621,9.08182,-0.350614E-01
2.86682,9.08376,0.362493E-01
2.86743,9.08569,-0.209787E-01
2.86804,9.08763,0.207639
2.86865,9.08956,0.210527E-01
2.86926,9.09149,-0.752153E-01
2.86987,9.09343,-0.199297E-02
2.87048,9.09536,-0.528210E-01
2.87109,9.09729,0.352171
2.87170,9.09923,0.120960
2.87231,9.10116,0.426929E-01
2.87292,9.10310,0.407898E-01
2.87354,9.10503,0.520836E-01
2.87415,9.10696,0.102332E-01
2.87476,9.10890,-0.680027E-01
2.87537,9.11083,-0.133430E-01
2.87598,9.11277,-0.587031E-01
2.87659,9.11470,0.276369E-01
2.87720,9.11663,0.162082E-01
2.87781,9.11857,-0.174050
2.87842,9.12050,0.202873
2.87903,9.12244,-0.461557E-02
2.87964,9.12437,0.601608E-02
2.88025,9.12630,0.106476E-01
2.88086,9.12824,-0.393866E-01
2.88147,9.13017,0.670000E-01
2.88208,9.13211,0.566048E-01
2.88269,9.13404,-0.812765E-01
2.88330,9.13597,0.164942E-01
2.88391,9.13791,-0.248545E-01
2.88452,9.13984,0.302740E-01
2.88513,9.14178,-0.164054E-01
2.88574,9.14371,-0.532030E-01
2.88635,9.14564,0.377240E-01
2.88696,9.14758,0.323521E-02
2.88757,9.14951,-0.240468E-01
2.88818,9.15145,-0.504520E-01
2.88879,9.15338,0.156971E-01
2.88940,9.15531,-0.345986E-01
2.89001,9.15725,-0.502571E-01
2.89062,9.15918,-0.122231E-01
2.89124,9.16112,-0.148977
2.89185,9.16305,0.620795E-01
2.89246,9.16498,0.235401E-01
2.89307,9.16692,-0.184126E-01
2.89368,9.16885,0.233425E-01
2.89429,9.17079,-0.102366E-01
2.89490,9.17272,-0.341255E-01
2.89551,9.17465,0.700184E-01
2.89612,9.17659,0.681758E-01
2.89673,9.17852,-0.118202
2.89734,9.18045,0.542289E-01
2.89795,9.18239,0.821109E-01
2.89856,9.18432,-0.139693
2.89917,9.18626,0.110401E-01
2.89978,9.18819,0.456738E-01
2.90039,9.19012,0.192791
2.90100,9.19206,-0.112283
2.90161,9.19399,0.992265E-02
2.90222,9.19593,0.574000E-01
2.90283,9.19786,-0.533161E-02
2.90344,9.19979,-0.741511E-01
2.90405,9.20173,-0.296175E-01
2.90466,9.20366,0.632794E-01
2.90527,9.20560,0.204746E-01
2.90588,9.20753,-0.226168E-01
2.90649,9.20946,0.458062E-02
2.90710,9.21140,0.197885
2.90771,9.21333,0.293186E-01
2.90833,9.21527,0.175427E-01
2.90894,9.21720,0.192497E-01
2.90955,9.21913,0.318622E-01
2.91016,9.22107,-0.140690E-01
2.91077,9.22300,0.102352
2.91138,9.22494,0.888227E-01
2.91199,9.22687,0.801552E-02
2.91260,9.22880,-0.243785
2.91321,9.23074,0.157069
2.91382,9.23267,0.487468
2.91443,9.23461,0.223004
2.91504,9.23654,-0.279467
2.91565,9.23847,-0.156843E-02
2.91626,9.24041,-0.276709E-01
2.91687,9.24234,0.167902E-01
2.91748,9.24428,-0.198402E-01
2.91809,9.24621,0.414533E-01
2.91870,9.24814,0.656807E-01
2.91931,9.25008,0.446731E-02
2.91992,9.25201,0.137613E-02
2.92053,9.25394,0.697605E-01
2.92114,9.25588,0.159742
2.92175,9.25781,0.130498
2.92236,9.25975,-0.216398E-01
2.92297,9.26168,0.195609E-01
2.92358,9.26361,0.358980E-01
2.92419,9.26555,-0.208805E-01
2.92480,9.26748,0.858221E-01
2.92542,9.26942,0.310946E-01
2.92603,9.27135,0.762894E-02
2.92664,9.27328,0.376739
2.92725,9.27522,0.545696E-01
2.92786,9.27715,0.276326E-01
2.92847,9.27909,-0.787819E-01
2.92908,9.28102,-0.696274E-02
2.92969,9.28295,-0.106863
2.93030,9.28489,-0.271398E-02
2.93091,9.28682,-0.463141E-02
2.93152,9.28876,0.714575E-01
2.93213,9.29069,-0.391613E-01
2.93274,9.29262,-0.795739E-01
2.93335,9.29456,0.245499E-01
2.93396,9.29649,0.100165
2.93457,9.29843,0.135967
2.93518,9.30036,0.675261E-02
2.93579,9.30229,-0.161289E-02
2.93640,9.30423,0.252366E-01
2.93701,9.30616,-0.454877E-01
2.93762,9.30810,0.186087
2.93823,9.31003,-0.457459E-01
2.93884,9.31196,-0.215791
2.93945,9.31390,0.991060E-01
2.94006,9.31583,0.271478E-01
2.94067,9.31777,0.637466E-01
2.94128,9.31970,-0.491723E-01
2.94189,9.32163,0.239909E-01
2.94250,9.32357,0.300211
2.94312,9.32550,-0.546858E-01
2.94373,9.32743,0.649127E-01
2.94434,9.32937,0.104033
2.94495,9.33130,0.905422E-01
2.94556,9.33324,-0.737342E-01
2.94617,9.33517,-0.101997
2.94678,9.33710,-0.268771E-01
2.94739,9.33904,-0.198428E-01
2.94800,9.34097,0.110976E-01
2.94861,9.34291,-0.960992E-01
2.94922,9.34484,-0.599001E-01
2.94983,9.34677,0.935323E-02
2.95044,9.34871,0.313702E-01
2.95105,9.35064,0.209812E-01
2.95166,9.35258,0.759778E-01
2.95227,9.35451,0.299142E-02
2.95288,9.35644,-0.459567E-01
2.95349,9.35838,-0.106770
2.95410,9.36031,-0.568297E-01
2.95471,9.36225,-0.327634E-02
2.95532,9.36418,-0.248381E-01
2.95593,9.36611,-0.829777E-01
2.95654,9.36805,0.155615E-01
2.95715,9.36998,0.326851E-01
2.95776,9.37192,-0.479172E-01
2.95837,9.37385,-0.398155E-01
2.95898,9.37578,0.165577E-01
2.95959,9.37772,-0.862028E-02
2.96021,9.37965,0.519114E-01
2.96082,9.38159,0.169423E-01
2.96143,9.38352,-0.117162
2.96204,9.38545,-0.384077E-02
2.96265,9.38739,-0.180045E-02
2.96326,9.38932,0.201195E-01
2.96387,9.39126,0.133750E-01
2.96448,9.39319,0.321607E-01
2.96509,9.39512,-0.580780E-01
2.96570,9.39706,0.461757E-01
2.96631,9.39899,0.375369E-02
2.96692,9.40092,-0.208595E-01
2.96753,9.40286,0.514235E-01
2.96814,9.40479,0.485402E-01
2.96875,9.40673,0.205592E-01
2.96936,9.40866,-0.474361E-01
2.96997,9.41059,-0.107212
2.97058,9.41253,-0.431935E-02
2.97119,9.41446,-0.248997E-01
2.97180,9.41640,0.156228
2.97241,9.41833,-0.210471E-01
2.97302,9.42026,-0.782033E-01
2.97363,9.42220,0.105327
2.97424,9.42413,0.340574E-01
2.97485,9.42607,0.104393E-01
2.97546,9.42800,-0.172461E-01
2.97607,9.42993,0.335941E-01
2.97668,9.43187,0.125441E-01
2.97729,9.43380,0.807396E-02
2.97791,9.43574,0.649076E-01
2.97852,9.43767,-0.146778E-01
2.97913,9.43960,-0.100439E-01
2.97974,9.44154,0.561853E-02
2.98035,9.44347,0.844934E-01
2.98096,9.44541,0.190329E-02
2.98157,9.44734,-0.660012E-01
2.98218,9.44927,0.469802E-01
2.98279,9.45121,0.575572E-02
2.98340,9.45314,0.105506
2.98401,9.45508,0.735167E-01
2.98462,9.45701,-0.715945E-01
2.98523,9.45894,0.175521E-01
2.98584,9.46088,-0.762728E-01
2.98645,9.46281,0.126727
2.98706,9.46475,0.568187E-01
2.98767,9.46668,0.200438E-02
2.98828,9.46861,0.286147E-02
2.98889,9.47055,-0.909640E-02
2.98950,9.47248,-0.315871E-01
2.99011,9.47442,-0.810702E-01
2.99072,9.47635,-0.390156E-01
2.99133,9.47828,-0.249498E-01
2.99194,9.48022,0.923165E-01
2.99255,9.48215,0.138327
2.99316,9.48408,-0.319001E-02
2.99377,9.48602,-0.271261E-01
2.99438,9.48795,-0.424922E-01
2.99500,9.48989,0.130660
2.99561,9.49182,0.609367E-01
2.99622,9.49375,-0.128164E-01
2.99683,9.49569,0.586126E-01
2.99744,9.49762,-0.119282E-01
2.99805,9.49956,0.575412E-01
2.99866,9.50149,0.375681E-01
2.99927,9.50342,0.611993E-01
2.99988,9.50536,-0.823386E-01
3.00049,9.50729,-0.310213E-01
3.00110,9.50923,-0.371584E-01
3.00171,9.51116,0.859247E-01
3.00232,9.51309,-0.913502E-02
3.00293,9.51503,0.115052
3.00354,9.51696,0.251098E-01
3.00415,9.51890,-0.218930E-01
3.00476,9.52083,-0.603647E-01
3.00537,9.52276,-0.697210E-02
3.00598,9.52470,0.686212E-01
3.00659,9.52663,-0.784719E-01
3.00720,9.52857,-0.122119
3.00781,9.53050,0.133826
3.00842,9.53243,-0.406383E-01
3.00903,9.53437,0.137755
3.00964,9.53630,0.953325E-01
3.01025,9.53824,0.480112E-01
3.01086,9.54017,-0.155207E-02
3.01147,9.54210,-0.212945E-01
3.01208,9.54404,0.936874E-02
3.01270,9.54597,-0.266225E-01
3.01331,9.54791,0.176417
3.01392,9.54984,0.295559E-01
3.01453,9.55177,0.115116
3.01514,9.55371,-0.499476E-02
3.01575,9.55564,0.368503E-01
3.01636,9.55757,0.160378E-01
3.01697,9.55951,0.182611
3.01758,9.56144,0.308753E-01
3.01819,9.56338,0.126710
3.01880,9.56531,0.178005E-01
3.01941,9.56724,0.124529E-01
3.02002,9.56918,-0.301673E-01
3.02063,9.57111,0.479169E-02
3.02124,9.57305,0.262334E-01
3.02185,9.57498,0.761611E-01
3.02246,9.57691,0.168982
3.02307,9.57885,0.140269
3.02368,9.58078,-0.361684E-01
3.02429,9.58272,-0.937428E-02
3.02490,9.58465,-0.741930E-01
3.02551,9.58658,0.978984E-01
3.02612,9.58852,0.288343E-01
3.02673,9.59045,-0.149175E-01
3.02734,9.59239,-0.427796E-01
3.02795,9.59432,0.258420
3.02856,9.59625,0.751722E-01
3.02917,9.59819,-0.291992E-01
3.02979,9.60012,-0.411033
3.03040,9.60206,-0.243102E-01
3.03101,9.60399,0.900772E-01
3.03162,9.60592,0.178598
3.03223,9.60786,0.364833E-01
3.03284,9.60979,0.120290
3.03345,9.61173,0.142616
3.03406,9.61366,-0.205684E-03
3.03467,9.61559,0.673135E-01
3.03528,9.61753,0.426564E-01
3.03589,9.61946,0.214641E-01
3.03650,9.62140,0.112826
3.03711,9.62333,0.928838E-01
3.03772,9.62526,0.853123E-01
3.03833,9.62720,-0.235348E-01
3.03894,9.62913,-0.205406E-01
3.03955,9.63106,-0.668064E-01
3.04016,9.63300,-0.626308E-01
3.04077,9.63493,0.101110
3.04138,9.63687,0.290775E-01
3.04199,9.63880,0.329741E-01
3.04260,9.64073,-0.858196E-02
3.04321,9.64267,-0.972541E-01
3.04382,9.64460,0.958470E-01
3.04443,9.64654,0.545025E-01
3.04504,9.64847,0.364249E-02
3.04565,9.65040,-0.726184E-02
3.04626,9.65234,0.140037
3.04688,9.65427,-0.337346E-01
3.04749,9.65621,0.411604E-01
3.04810,9.65814,-0.309728E-01
3.04871,9.66007,0.934210E-03
3.04932,9.66201,0.132550E-01
3.04993,9.66394,0.284340E-01
3.05054,9.66588,0.194554
3.05115,9.66781,-0.268098E-01
3.05176,9.66974,0.130901
3.05237,9.67168,0.296421E-01
3.05298,9.67361,0.898884E-02
3.05359,9.67555,0.326837E-01
3.05420,9.67748,0.698045E-01
3.05481,9.67941,0.195423
3.05542,9.68135,0.693244E-01
3.05603,9.68328,0.277767E-01
3.05664,9.68522,0.648974E-01
3.05725,9.68715,0.201925
3.05786,9.68908,-0.948532E-02
3.05847,9.69102,-0.277871E-01
3.05908,9.69295,-0.466516E-01
3.05969,9.69489,-0.149964E-01
3.06030,9.69682,-0.524612E-02
3.06091,9.69875,-0.383042E-03
3.06152,9.70069,0.133664E-01
3.06213,9.70262,0.194988E-01
3.06274,9.70455,0.699636E-01
3.06335,9.70649,0.732421E-02
3.06396,9.70842,0.136885E-01
3.06458,9.71036,0.966963E-01
3.06519,9.71229,0.260217E-01
3.06580,9.71422,0.295403E-01
3.06641,9.71616,0.210165E-01
3.06702,9.71809,0.770094E-01
3.06763,9.72003,0.145897E-01
3.06824,9.72196,-0.147387
3.06885,9.72389,0.101329
3.06946,9.72583,0.489843E-01
3.07007,9.72776,-0.397620E-01
3.07068,9.72970,0.822009E-01
3.07129,9.73163,0.275647E-01
3.07190,9.73356,-0.803297E-01
3.07251,9.73550,0.101547
3.07312,9.73743,0.180525
3.07373,9.73937,0.794949E-01
3.07434,9.74130,0.646938E-02
3.07495,9.74323,0.372163
3.07556,9.74517,0.147221E-01
3.07617,9.74710,-0.908769E-01
3.07678,9.74904,0.116141E-01
3.07739,9.75097,-0.246594E-01
3.07800,9.75290,0.477475E-01
3.07861,9.75484,0.106868
3.07922,9.75677,-0.230795E-02
3.07983,9.75871,0.263042E-01
3.08044,9.76064,0.217123E-01
3.08105,9.76257,-0.781337E-01
3.08167,9.76451,-0.443029E-03
3.08228,9.76644,-0.124175E-01
3.08289,9.76838,0.879169E-01
3.08350,9.77031,0.181046
3.08411,9.77224,-0.248093E-01
3.08472,9.77418,0.689211E-01
3.08533,9.77611,0.131308
3.08594,9.77804,-0.151114E-01
3.08655,9.77998,0.216435
3.08716,9.78191,-0.573903E-02
3.08777,9.78385,0.944935E-01
3.08838,9.78578,0.191256
3.08899,9.78771,-0.399491E-01
3.08960,9.78965,-0.520265E-01
3.09021,9.79158,0.399586E-01
3.09082,9.79352,0.677881E-01
3.09143,9.79545,0.211905
3.09204,9.79738,0.219627
3.09265,9.79932,0.605864
3.09326,9.80125,0.791673E-01
3.09387,9.80319,0.769060E-01
3.09448,9.80512,0.700282E-01
3.09509,9.80705,-0.318705E-01
3.09570,9.80899,0.776518E-01
3.09631,9.81092,0.170162E-01
3.09692,9.81286,-0.387301E-01
3.09753,9.81479,-0.421914E-01
3.09814,9.81672,0.209551E-01
3.09875,9.81866,0.406859E-01
3.09937,9.82059,-0.429944E-02
3.09998,9.82253,0.545252E-03
3.10059,9.82446,0.680192E-01
3.10120,9.82639,0.828553E-02
3.10181,9.82833,-0.163583E-01
3.10242,9.83026,-0.856455E-03
3.10303,9.83220,0.188644
3.10364,9.83413,-0.130449E-01
3.10425,9.83606,0.198738E-03
3.10486,9.83800,0.105081E-01
3.10547,9.83993,0.302668E-01
3.10608,9.84187,-0.559407E-02
3.10669,9.84380,0.666893E-01
3.10730,9.84573,-0.129822
3.10791,9.84767,0.201683E-01
3.10852,9.84960,-0.208920E-01
3.10913,9.85154,0.101377
3.10974,9.85347,0.942673E-03
3.11035,9.85540,0.247288
3.11096,9.85734,-0.222785E-01
3.11157,9.85927,-0.846789E-03
3.11218,9.86120,0.927845E-02
3.11279,9.86314,0.493995E-01
3.11340,9.86507,0.134844E-01
3.11401,9.86701,0.116743
3.11462,9.86894,0.842043E-02
3.11523,9.87087,-0.276241E-01
3.11584,9.87281,-0.944441E-01
3.11646,9.87474,0.866745E-02
3.11707,9.87668,0.174080E-01
3.11768,9.87861,-0.130677
3.11829,9.88054,0.237841E-02
3.11890,9.88248,-0.485200E-01
3.11951,9.88441,0.772311E-01
3.12012,9.88635,0.357255E-02
3.12073,9.88828,-0.201605E-02
3.12134,9.89021,-0.227881E-01
3.12195,9.89215,0.207178
3.12256,9.89408,0.633668E-01
3.12317,9.89602,0.124308
3.12378,9.89795,-0.345739E-01
3.12439,9.89988,-0.166860E-01
3.12500,9.90182,0.152829
3.12561,9.90375,0.217602E-01
3.12622,9.90569,0.618975E-03
3.12683,9.90762,0.386265E-01
3.12744,9.90955,0.126571
3.12805,9.91149,-0.186062E-02
3.12866,9.91342,-0.112153
3.12927,9.91536,-0.963727E-02
3.12988,9.91729,-0.737651E-01
3.13049,9.91922,-0.583792E-01
3.13110,9.92116,-0.835638E-01
3.13171,9.92309,0.349654E-01
3.13232,9.92503,-0.160146E-01
3.13293,9.92696,0.190832
3.13354,9.92889,-0.227589E-01
3.13416,9.93083,0.932852E-01
3.13477,9.93276,-0.187834E-01
3.13538,9.93469,0.127609
3.13599,9.93663,0.193105E-01
3.13660,9.93856,-0.928297E-01
3.13721,9.94050,-0.518023E-02
3.13782,9.94243,0.416225E-01
3.13843,9.94436,0.124000E-01
3.13904,9.94630,0.130740E-01
3.13965,9.94823,0.386789E-02
3.14026,9.95017,0.117985
3.14087,9.95210,0.343409E-02
3.14148,9.95403,-0.748356E-02
3.14209,9.95597,0.980354E-01
3.14270,9.95790,-0.609760E-01
3.14331,9.95984,-0.108958E-02
3.14392,9.96177,0.328399E-01
3.14453,9.96370,0.183817
3.14514,9.96564,0.548288E-01
3.14575,9.96757,0.939738E-03
3.14636,9.96951,0.302633E-01
3.14697,9.97144,0.532578E-01
3.14758,9.97337,0.155992
3.14819,9.97531,-0.372954E-01
3.14880,9.97724,0.151702E-01
3.14941,9.97918,0.262937E-01
3.15002,9.98111,0.636522E-01
3.15063,9.98304,-0.223417E-01
3.15125,9.98498,0.722074E-02
3.15186,9.98691,-0.878932E-01
3.15247,9.98885,-0.521649E-01
3.15308,9.99078,0.537843E-02
3.15369,9.99271,-0.834226E-02
3.15430,9.99465,-0.450771E-01
3.15491,9.99658,0.296179E-01
3.15552,9.99852,0.682838E-02
3.15613,10.0004,-0.260081E-01
3.15674,10.0024,-0.206529E-01
3.15735,10.0043,-0.420335E-01
3.15796,10.0063,-0.138269
3.15857,10.0082,-0.109154E-01
3.15918,10.0101,0.731005E-01
3.15979,10.0121,-0.307734E-02
3.16040,10.0140,0.172551E-01
3.16101,10.0159,-0.134455E-01
3.16162,10.0179,-0.286584E-01
3.16223,10.0198,0.222621E-01
3.16284,10.0217,-0.908979E-02
3.16345,10.0237,0.253237E-01
3.16406,10.0256,-0.221139
3.16467,10.0275,0.231382E-02
3.16528,10.0295,-0.231893E-01
3.16589,10.0314,0.213056E-01
3.16650,10.0333,-0.309076E-01
3.16711,10.0353,-0.379198E-01
3.16772,10.0372,0.395598E-01
3.16833,10.0391,-0.148900E-01
3.16895,10.0411,-0.396199E-01
3.16956,10.0430,0.444286E-01
3.17017,10.0449,0.667852E-01
3.17078,10.0469,0.645218E-01
3.17139,10.0488,-0.593580E-01
3.17200,10.0507,0.101746
3.17261,10.0527,0.671859E-03
3.17322,10.0546,-0.144029
3.17383,10.0565,0.740132E-01
3.17444,10.0585,0.483621E-01
3.17505,10.0604,0.362271
3.17566,10.0623,0.596788E-02
3.17627,10.0643,-0.117366E-01
3.17688,10.0662,-0.272363E-03
3.17749,10.0681,0.661702E-01
3.17810,10.0701,0.564364E-01
3.17871,10.0720,0.424019E-01
3.17932,10.0739,0.187837
3.17993,10.0759,0.398949
3.18054,10.0778,-0.315055E-01
3.18115,10.0797,0.560568E-01
3.18176,10.0817,-0.140879E-02
3.18237,10.0836,0.263153E-01
3.18298,10.0855,0.432020E-01
3.18359,10.0875,-0.113060
3.18420,10.0894,-0.164806E-01
3.18481,10.0913,0.165406
3.18542,10.0933,-0.641049E-01
3.18604,10.0952,-0.346133E-01
3.18665,10.0971,0.222881E-01
3.18726,10.0991,0.822647E-01
3.18787,10.1010,-0.586291E-01
3.18848,10.1029,0.838540E-01
3.18909,10.1049,0.860387E-01
3.18970,10.1068,0.129010
3.19031,10.1088,0.319168E-01
3.19092,10.1107,0.737326E-01
3.19153,10.1126,0.165363
3.19214,10.1146,0.233746E-01
3.19275,10.1165,-0.101524E-01
3.19336,10.1184,0.123332
3.19397,10.1204,0.819404E-01
3.19458,10.1223,-0.495427E-02
3.19519,10.1242,-0.102806E-02
3.19580,10.1262,-0.829291E-01
3.19641,10.1281,0.142810
3.19702,10.1300,0.653327E-01
3.19763,10.1320,0.174223E-01
3.19824,10.1339,0.147873
3.19885,10.1358,-0.153294
3.19946,10.1378,0.456911
3.20007,10.1397,0.108843
3.20068,10.1416,0.103447E-01
3.20129,10.1436,-0.243996E-01
3.20190,10.1455,0.102678E-01
3.20251,10.1474,0.505182E-01
3.20312,10.1494,0.132391
3.20374,10.1513,0.142175
3.20435,10.1532,0.645888E-01
3.20496,10.1552,-0.125303E-01
3.20557,10.1571,0.189995E-01
3.20618,10.1590,-0.107068E-01
3.20679,10.1610,-0.249454E-01
3.20740,10.1629,-0.675885E-01
3.20801,10.1648,-0.132790
3.20862,10.1668,0.580571E-01
3.20923,10.1687,0.522582E-01
3.20984,10.1706,-0.912227E-01
3.21045,10.1726,-0.597885E-01
3.21106,10.1745,-0.480460E-01
3.21167,10.1764,-0.580362E-01
3.21228,10.1784,0.853194E-01
3.21289,10.1803,-0.191331E-01
3.21350,10.1822,-0.367016E-01
3.21411,10.1842,0.427067E-01
3.21472,10.1861,0.531126E-01
3.21533,10.1880,0.119026
3.21594,10.1900,0.868324E-01
3.21655,10.1919,-0.109901
3.21716,10.1938,0.977144E-01
3.21777,10.1958,-0.124985
3.21838,10.1977,0.230566
3.21899,10.1996,-0.234012E-01
3.21960,10.2016,-0.113341E-02
3.22021,10.2035,0.128138
3.22083,10.2054,0.263435E-01
3.22144,10.2074,0.668531E-02
3.22205,10.2093,-0.114816
3.22266,10.2112,0.390759E-01
3.22327,10.2132,-0.903580E-02
3.22388,10.2151,0.533476E-02
3.22449,10.2171,-0.102767
3.22510,10.2190,0.118829E-02
3.22571,10.2209,0.780624E-01
3.22632,10.2229,-0.103197
3.22693,10.2248,-0.396726E-02
3.22754,10.2267,-0.176803
3.22815,10.2287,0.762434E-01
3.22876,10.2306,-0.895408E-02
3.22937,10.2325,-0.654871E-01
3.22998,10.2345,-0.513647E-02
3.23059,10.2364,0.290551
3.23120,10.2383,0.151434
3.23181,10.2403,-0.667503E-02
3.23242,10.2422,0.745756E-01
3.23303,10.2441,-0.148201
3.23364,10.2461,0.479445E-01
3.23425,10.2480,0.289744
3.23486,10.2499,0.510380E-01
3.23547,10.2519,0.168397
3.23608,10.2538,-0.452015E-01
3.23669,10.2557,0.533413E-01
3.23730,10.2577,-0.325602E-01
3.23792,10.2596,-0.241734E-02
3.23853,10.2615,0.107051E-01
3.23914,10.2635,-0.269178E-02
3.23975,10.2654,-0.303311E-01
3.24036,10.2673,0.745671E-02
3.24097,10.2693,-0.102317
3.24158,10.2712,0.584568E-01
3.24219,10.2731,0.581176E-01
3.24280,10.2751,0.432009E-01
3.24341,10.2770,0.101646
3.24402,10.2789,0.275577E-01
3.24463,10.2809,0.968941E-01
3.24524,10.2828,0.470373E-01
3.24585,10.2847,-0.975787E-01
3.24646,10.2867,0.116319
3.24707,10.2886,0.394188E-01
3.24768,10.2905,0.127960
3.24829,10.2925,0.338679E-01
3.24890,10.2944,0.652413E-03
3.24951,10.2963,0.481403E-02
3.25012,10.2983,0.902628E-01
3.25073,10.3002,-0.259112E-01
3.25134,10.3021,0.976058E-01
3.25195,10.3041,-0.174534E-01
3.25256,10.3060,-0.546279E-01
3.25317,10.3079,-0.125840E-01
3.25378,10.3099,0.135863E-01
3.25439,10.3118,0.768277E-01
3.25500,10.3137,0.310578E-01
3.25562,10.3157,0.126446
3.25623,10.3176,0.571078E-01
3.25684,10.3196,0.390168E-01
3.25745,10.3215,-0.778692E-01
3.25806,10.3234,0.261075
3.25867,10.3254,-0.349178E-01
3.25928,10.3273,-0.833215E-02
3.25989,10.3292,-0.472966E-01
3.26050,10.3312,-0.112587E-01
3.26111,10.3331,0.550890E-01
3.26172,10.3350,-0.674826E-02
3.26233,10.3370,-0.994442E-01
3.26294,10.3389,0.866559E-02
3.26355,10.3408,-0.261410E-01
3.26416,10.3428,0.203435E-01
3.26477,10.3447,0.571639E-01
3.26538,10.3466,-0.662450E-02
3.26599,10.3486,0.687718E-01
3.26660,10.3505,-0.373875E-01
3.26721,10.3524,-0.237270E-02
3.26782,10.3544,0.131292
3.26843,10.3563,-0.308247E-01
3.26904,10.3582,-0.183665E-01
3.26965,10.3602,-0.221537
3.27026,10.3621,0.365090E-01
3.27087,10.3640,0.993784E-01
3.27148,10.3660,0.923348E-01
3.27209,10.3679,-0.924678E-02
3.27271,10.3698,0.471370E-01
3.27332,10.3718,-0.435841E-01
3.27393,10.3737,-0.218705E-01
3.27454,10.3756,0.592476E-01
3.27515,10.3776,0.780166E-01
3.27576,10.3795,-0.712806E-01
3.27637,10.3814,-0.889026E-02
3.27698,10.3834,-0.167431E-01
3.27759,10.3853,-0.416603E-02
3.27820,10.3872,0.228665E-01
3.27881,10.3892,-0.323840E-01
3.27942,10.3911,-0.331833E-01
3.28003,10.3930,-0.191148
3.28064,10.3950,-0.350138E-02
3.28125,10.3969,0.321913E-01
3.28186,10.3988,0.146196E-01
3.28247,10.4008,0.524760E-01
3.28308,10.4027,-0.127453
3.28369,10.4046,0.508406E-02
3.28430,10.4066,0.803574E-01
3.28491,10.4085,0.708595E-02
3.28552,10.4104,0.460707E-01
3.28613,10.4124,0.701656E-01
3.28674,10.4143,0.162670E-01
3.28735,10.4162,0.448359E-01
3.28796,10.4182,0.796370E-01
3.28857,10.4201,0.442263E-01
3.28918,10.4220,0.752265E-02
3.28979,10.4240,-0.100013
3.29041,10.4259,-0.334453E-01
3.29102,10.4279,0.316015E-01
3.29163,10.4298,0.128813
3.29224,10.4317,-0.641493E-01
3.29285,10.4337,-0.521832E-01
3.29346,10.4356,0.209036E-01
3.29407,10.4375,-0.360051E-01
3.29468,10.4395,0.138694
3.29529,10.4414,-0.122079E-01
3.29590,10.4433,0.101808E-01
3.29651,10.4453,0.185726
3.29712,10.4472,0.562244E-01
3.29773,10.4491,0.649798E-01
3.29834,10.4511,-0.298104E-01
3.29895,10.4530,0.360385E-01
3.29956,10.4549,-0.539042E-01
3.30017,10.4569,0.107173
3.30078,10.4588,0.410420E-02
3.30139,10.4607,0.335469E-01
3.30200,10.4627,0.334682E-01
3.30261,10.4646,-0.487172E-01
3.30322,10.4665,0.428206E-02
3.30383,10.4685,-0.386652E-01
3.30444,10.4704,0.237817E-02
3.30505,10.4723,0.556373E-01
3.30566,10.4743,0.664260E-01
3.30627,10.4762,0.497857E-03
3.30688,10.4781,-0.110530E-01
3.30750,10.4801,0.166409E-01
3.30811,10.4820,0.464889E-02
3.30872,10.4839,0.812239E-02
3.30933,10.4859,-0.249857E-01
3.30994,10.4878,-0.551240E-01
3.31055,10.4897,0.777579E-01
3.31116,10.4917,0.934850E-01
3.31177,10.4936,0.279673E-01
3.31238,10.4955,0.145810E-01
3.31299,10.4975,-0.300914E-01
3.31360,10.4994,0.415071E-01
3.31421,10.5013,0.296726E-01
3.31482,10.5033,0.962191E-01
3.31543,10.5052,0.289571E-01
3.31604,10.5071,-0.144195E-01
3.31665,10.5091,0.653014E-01
3.31726,10.5110,0.528320E-01
3.31787,10.5129,-0.308073E-01
3.31848,10.5149,0.134101E-01
3.31909,10.5168,0.243150
3.31970,10.5187,0.257785E-01
3.32031,10.5207,0.665694E-01
3.32092,10.5226,0.316559E-01
3.32153,10.5245,-0.342294E-01
3.32214,10.5265,-0.303786E-01
3.32275,10.5284,-0.505847E-02
3.32336,10.5304,0.468504E-01
3.32397,10.5323,-0.276080E-02
3.32458,10.5342,0.245148E-01
3.32520,10.5362,-0.165824
3.32581,10.5381,-0.592407E-01
3.32642,10.5400,0.420736E-01
3.32703,10.5420,-0.367424E-01
3.32764,10.5439,0.174880
3.32825,10.5458,0.614728E-01
3.32886,10.5478,0.112692
3.32947,10.5497,0.198255
3.33008,10.5516,0.344621E-01
3.33069,10.5536,-0.495509E-02
3.33130,10.5555,0.208838
3.33191,10.5574,0.221371E-01
3.33252,10.5594,0.326520E-01
3.33313,10.5613,0.798972E-02
3.33374,10.5632,-0.350829E-01
3.33435,10.5652,-0.855199E-01
3.33496,10.5671,0.287485E-01
3.33557,10.5690,0.396604E-01
3.33618,10.5710,-0.695924E-01
3.33679,10.5729,0.517301E-01
3.33740,10.5748,-0.728333E-01
3.33801,10.5768,0.526121E-01
3.33862,10.5787,0.133471
3.33923,10.5806,0.100101
3.33984,10.5826,-0.288024E-01
3.34045,10.5845,0.912179E-01
3.34106,10.5864,0.147143
3.34167,10.5884,-0.298181E-01
3.34229,10.5903,-0.700908E-01
3.34290,10.5922,-0.359000E-01
3.34351,10.5942,0.170309E-02
3.34412,10.5961,0.746885E-03
3.34473,10.5980,0.299742E-01
3.34534,10.6000,0.132112E-01
3.34595,10.6019,-0.117307E-01
3.34656,10.6038,0.146285
3.34717,10.6058,0.120796E-01
3.34778,10.6077,-0.188588E-01
3.34839,10.6096,-0.663755E-01
3.34900,10.6116,0.106378E-01
3.34961,10.6135,0.219816E-01
3.35022,10.6154,0.401453E-02
3.35083,10.6174,0.678243E-01
3.35144,10.6193,0.254374
3.35205,10.6212,0.989854E-01
3.35266,10.6232,-0.125473E-02
3.35327,10.6251,0.169079
3.35388,10.6270,-0.108215
3.35449,10.6290,-0.659673E-02
3.35510,10.6309,-0.928973E-01
3.35571,10.6329,-0.477785E-01
3.35632,10.6348,0.437859E-01
3.35693,10.6367,0.278048E-01
3.35754,10.6387,0.183987
3.35815,10.6406,-0.190409E-02
3.35876,10.6425,0.126758E-03
3.35938,10.6445,-0.704897E-01
3.35999,10.6464,0.339782E-01
3.36060,10.6483,-0.138022
3.36121,10.6503,0.110930E-01
3.36182,10.6522,-0.458152E-01
3.36243,10.6541,-0.202192E-01
3.36304,10.6561,-0.698934E-01
3.36365,10.6580,-0.883625E-01
3.36426,10.6599,0.174515E-01
3.36487,10.6619,-0.363152E-01
3.36548,10.6638,0.166758E-01
3.36609,10.6657,-0.431709E-02
3.36670,10.6677,0.229302E-01
3.36731,10.6696,-0.709665E-02
3.36792,10.6715,-0.194632E-01
3.36853,10.6735,0.256949E-01
3.36914,10.6754,-0.557629E-01
3.36975,10.6773,0.906768E-02
3.37036,10.6793,-0.240663E-01
3.37097,10.6812,0.323575E-01
3.37158,10.6831,0.687881E-01
3.37219,10.6851,0.219986E-01
3.37280,10.6870,0.455296E-01
3.37341,10.6889,-0.141024E-01
3.37402,10.6909,0.193744
3.37463,10.6928,0.129715E-01
3.37524,10.6947,-0.933284E-02
3.37585,10.6967,0.562494E-01
3.37646,10.6986,0.662971E-01
3.37708,10.7005,0.499628E-01
3.37769,10.7025,0.268251E-01
3.37830,10.7044,0.776288E-01
3.37891,10.7063,0.902916E-01
3.37952,10.7083,0.189482
3.38013,10.7102,0.870547E-02
3.38074,10.7121,-0.110024E-01
3.38135,10.7141,0.772160E-01
3.38196,10.7160,-0.798420E-03
3.38257,10.7179,-0.100255E-01
3.38318,10.7199,0.608444E-02
3.38379,10.7218,0.252031
3.38440,10.7237,-0.166770E-01
3.38501,10.7257,-0.450222E-02
3.38562,10.7276,0.702072E-01
3.38623,10.7295,0.397052E-01
3.38684,10.7315,0.199145E-01
3.38745,10.7334,-0.113630
3.38806,10.7353,-0.138890E-02
3.38867,10.7373,0.535046E-01
3.38928,10.7392,0.892926E-01
3.38989,10.7412,-0.921962E-01
3.39050,10.7431,0.299338E-01
3.39111,10.7450,0.545994E-01
3.39172,10.7470,0.662534E-02
3.39233,10.7489,0.404329E-01
3.39294,10.7508,0.170255E-02
3.39355,10.7528,0.201656
3.39417,10.7547,0.202060E-01
3.39478,10.7566,0.152846E-01
3.39539,10.7586,-0.842868E-02
3.39600,10.7605,0.247625E-01
3.39661,10.7624,0.948563E-01
3.39722,10.7644,0.363871E-01
3.39783,10.7663,0.699315E-01
3.39844,10.7682,0.382746E-02
3.39905,10.7702,0.848883E-01
3.39966,10.7721,0.115003E-01
3.40027,10.7740,0.810448E-01
3.40088,10.7760,-0.115116E-02
3.40149,10.7779,-0.290240E-01
3.40210,10.7798,-0.944699E-01
3.40271,10.7818,0.829662E-01
3.40332,10.7837,0.811790E-01
3.40393,10.7856,0.113336
3.40454,10.7876,-0.865460E-01
3.40515,10.7895,0.399855E-01
3.40576,10.7914,0.902806E-01
3.40637,10.7934,-0.811967E-01
3.40698,10.7953,0.112462
3.40759,10.7972,-0.860186E-02
3.40820,10.7992,0.137405
3.40881,10.8011,0.122448
3.40942,10.8030,0.976944E-02
3.41003,10.8050,-0.272755E-01
3.41064,10.8069,0.125652
3.41125,10.8088,0.126521E-01
3.41187,10.8108,0.340638E-01
3.41248,10.8127,0.882222E-01
3.41309,10.8146,-0.283285E-01
3.41370,10.8166,0.464439E-01
3.41431,10.8185,0.129309
3.41492,10.8204,0.373478E-01
3.41553,10.8224,0.110182
3.41614,10.8243,0.544967E-01
3.41675,10.8262,0.240354E-01
3.41736,10.8282,-0.212052E-01
3.41797,10.8301,-0.882678E-02
3.41858,10.8320,-0.273017E-01
3.41919,10.8340,0.421676E-01
3.41980,10.8359,-0.319735E-02
3.42041,10.8378,-0.151826E-01
3.42102,10.8398,0.247487E-01
3.42163,10.8417,0.195236E-01
3.42224,10.8437,-0.344292E-01
3.42285,10.8456,0.648943E-02
3.42346,10.8475,0.209806E-01
3.42407,10.8495,0.880297E-01
3.42468,10.8514,-0.599623E-02
3.42529,10.8533,-0.248562E-03
3.42590,10.8553,-0.153876E-01
3.42651,10.8572,0.103468E-01
3.42712,10.8591,-0.553330E-01
3.42773,10.8611,0.314929E-01
3.42834,10.8630,0.118457E-01
3.42896,10.8649,-0.983717E-01
3.42957,10.8669,-0.173570E-01
3.43018,10.8688,-0.981693E-02
3.43079,10.8707,0.467649E-02
3.43140,10.8727,0.467505E-01
3.43201,10.8746,0.130094
3.43262,10.8765,0.644853E-01
3.43323,10.8785,-0.111471E-01
3.43384,10.8804,0.214750
3.43445,10.8823,0.166881
3.43506,10.8843,0.521076E-01
3.43567,10.8862,-0.491343E-01
3.43628,10.8881,0.382778E-01
3.43689,10.8901,-0.520155E-01
3.43750,10.8920,-0.465837E-01
3.43811,10.8939,0.156594
3.43872,10.8959,0.497171E-02
3.43933,10.8978,0.340960E-01
3.43994,10.8997,-0.450771E-01
3.44055,10.9017,-0.229245E-02
3.44116,10.9036,0.102437
3.44177,10.9055,0.509166E-02
3.44238,10.9075,0.361042E-01
3.44299,10.9094,-0.281763E-01
3.44360,10.9113,-0.184179E-01
3.44421,10.9133,0.615937E-01
3.44482,10.9152,-0.201334E-01
3.44543,10.9171,0.162502
3.44604,10.9191,0.319381E-01
3.44666,10.9210,-0.507876E-01
3.44727,10.9229,0.495080E-01
3.44788,10.9249,0.274113E-02
3.44849,10.9268,-0.400698E-01
3.44910,10.9287,-0.222287
3.44971,10.9307,-0.113259
3.45032,10.9326,0.338463E-01
3.45093,10.9345,-0.271925E-01
3.45154,10.9365,0.660335E-01
3.45215,10.9384,0.245804E-01
3.45276,10.9403,0.277388E-01
3.45337,10.9423,0.508559E-02
3.45398,10.9442,-0.153396
3.45459,10.9462,-0.119846
3.45520,10.9481,-0.664968E-02
3.45581,10.9500,0.257355E-01
3.45642,10.9520,0.421046E-01
3.45703,10.9539,-0.365839E-02
3.45764,10.9558,-0.226796E-01
3.45825,10.9578,0.157789E-01
3.45886,10.9597,0.200981E-01
3.45947,10.9616,-0.778169E-02
3.46008,10.9636,-0.478069E-01
3.46069,10.9655,0.151192E-01
3.46130,10.9674,-0.415416E-01
3.46191,10.9694,0.208478E-01
3.46252,10.9713,0.406639E-01
3.46313,10.9732,0.280770
3.46375,10.9752,-0.125554E-01
3.46436,10.9771,-0.805054E-02
3.46497,10.9790,0.225025E-01
3.46558,10.9810,0.181690E-01
3.46619,10.9829,0.855004E-01
3.46680,10.9848,0.247051E-01
3.46741,10.9868,-0.379733E-01
3.46802,10.9887,-0.628481E-01
3.46863,10.9906,0.489465E-01
3.46924,10.9926,-0.106280E-01
3.46985,10.9945,-0.652974E-01
3.47046,10.9964,0.101489
3.47107,10.9984,0.184697E-02
3.47168,11.0003,0.626578E-01
3.47229,11.0022,0.347002E-01
3.47290,11.0042,0.500078E-02
3.47351,11.0061,-0.102590
3.47412,11.0080,0.359815E-03
3.47473,11.0100,-0.103119E-02
3.47534,11.0119,0.141335E-01
3.47595,11.0138,0.702864E-01
3.47656,11.0158,0.112160
3.47717,11.0177,-0.179676
3.47778,11.0196,0.599528E-01
3.47839,11.0216,0.777049E-01
3.47900,11.0235,-0.883916E-01
3.47961,11.0254,-0.747988E-02
3.48022,11.0274,0.521794E-01
3.48083,11.0293,-0.156307E-01
3.48145,11.0312,0.645436E-01
3.48206,11.0332,-0.419704E-02
3.48267,11.0351,0.996846E-02
3.48328,11.0370,0.224369E-01
3.48389,11.0390,-0.576400E-01
3.48450,11.0409,-0.101433E-01
3.48511,11.0428,0.968816E-01
3.48572,11.0448,-0.134911E-01
3.48633,11.0467,0.173912
3.48694,11.0486,0.478688E-01
3.48755,11.0506,0.779566E-01
3.48816,11.0525,0.711631E-01
3.48877,11.0545,-0.263013E-01
3.48938,11.0564,0.755371E-02
3.48999,11.0583,-0.297454E-01
3.49060,11.0603,-0.378803E-01
3.49121,11.0622,-0.806479E-02
3.49182,11.0641,-0.185143E-01
3.49243,11.0661,-0.554903E-02
3.49304,11.0680,-0.191984
3.49365,11.0699,0.208029E-01
3.49426,11.0719,0.424593E-01
3.49487,11.0738,-0.121408
3.49548,11.0757,-0.253325E-01
3.49609,11.0777,-0.299905
3.49670,11.0796,-0.133652E-01
3.49731,11.0815,0.126624
3.49792,11.0835,0.253296E-01
3.49854,11.0854,0.438515E-01
3.49915,11.0873,0.133684E-01
3.49976,11.0893,0.162797E-01
3.50037,11.0912,0.157179
3.50098,11.0931,0.340458E-01
3.50159,11.0951,0.682129E-01
3.50220,11.0970,0.561291E-01
3.50281,11.0989,0.310381E-01
3.50342,11.1009,0.716168E-01
3.50403,11.1028,0.613743E-01
3.50464,11.1047,0.724206E-01
3.50525,11.1067,0.153082E-02
3.50586,11.1086,0.303016E-01
3.50647,11.1105,-0.921650E-01
3.50708,11.1125,0.538604E-01
3.50769,11.1144,-0.344659E-01
3.50830,11.1163,-0.104483
3.50891,11.1183,-0.115987
3.50952,11.1202,0.216209E-01
3.51013,11.1221,0.173477
3.51074,11.1241,-0.475624E-01
3.51135,11.1260,-0.183374E-01
3.51196,11.1279,0.290921E-01
3.51257,11.1299,0.309064
3.51318,11.1318,-0.447980E-01
3.51379,11.1337,0.293265
3.51440,11.1357,0.298565E-02
3.51501,11.1376,0.508435E-01
3.51562,11.1395,0.148936
3.51624,11.1415,0.959339E-02
3.51685,11.1434,-0.180791E-01
3.51746,11.1453,-0.539057E-01
3.51807,11.1473,0.195594
3.51868,11.1492,0.232287
3.51929,11.1511,-0.165792E-02
3.51990,11.1531,-0.435566E-01
3.52051,11.1550,0.283304E-01
3.52112,11.1570,0.245924E-01
3.52173,11.1589,-0.173298E-01
3.52234,11.1608,0.392060E-02
3.52295,11.1628,-0.961222E-02
3.52356,11.1647,0.230915E-02
3.52417,11.1666,-0.172264E-01
3.52478,11.1686,0.187294
3.52539,11.1705,-0.592764E-02
3.52600,11.1724,0.739832E-01
3.52661,11.1744,0.215198E-01
3.52722,11.1763,0.156192E-01
3.52783,11.1782,-0.229330E-01
3.52844,11.1802,0.171912E-01
3.52905,11.1821,-0.823260E-01
3.52966,11.1840,-0.258083E-02
3.53027,11.1860,0.101479E-01
3.53088,11.1879,0.817608E-01
3.53149,11.1898,0.836900E-02
3.53210,11.1918,0.167177
3.53271,11.1937,-0.323677E-01
3.53333,11.1956,0.170557E-01
3.53394,11.1976,0.606397E-01
3.53455,11.1995,0.105086
3.53516,11.2014,-0.240284E-01
3.53577,11.2034,-0.308412E-01
3.53638,11.2053,0.715399E-02
3.53699,11.2072,-0.958881E-01
3.53760,11.2092,-0.763802E-01
3.53821,11.2111,-0.587103E-01
3.53882,11.2130,0.324410E-01
3.53943,11.2150,0.759882E-01
3.54004,11.2169,-0.703082E-01
3.54065,11.2188,-0.164603
3.54126,11.2208,0.142341E-01
3.54187,11.2227,-0.564366E-01
3.54248,11.2246,-0.114136
3.54309,11.2266,0.522201E-01
3.54370,11.2285,-0.927646E-02
3.54431,11.2304,-0.219715E-01
3.54492,11.2324,-0.832424E-01
3.54553,11.2343,-0.160053E-01
3.54614,11.2362,-0.113743
3.54675,11.2382,-0.141607
3.54736,11.2401,0.219103E-01
3.54797,11.2420,0.586880E-01
3.54858,11.2440,0.502430E-01
3.54919,11.2459,-0.169224
3.54980,11.2478,-0.154646E-01
3.55042,11.2498,0.661778E-01
3.55103,11.2517,-0.570353E-01
3.55164,11.2536,-0.141744E-02
3.55225,11.2556,-0.295657E-01
3.55286,11.2575,-0.276585E-01
3.55347,11.2594,-0.401388E-01
3.55408,11.2614,0.447083E-01
3.55469,11.2633,0.119387E-02
3.55530,11.2653,0.423622E-02
3.55591,11.2672,0.326875E-01
3.55652,11.2691,0.455901E-01
3.55713,11.2711,-0.106035E-01
3.55774,11.2730,-0.108158
3.55835,11.2749,0.426685E-01
3.55896,11.2769,0.915999E-01
3.55957,11.2788,-0.258388E-01
3.56018,11.2807,0.636853E-01
3.56079,11.2827,0.152938E-01
3.56140,11.2846,0.102649
3.56201,11.2865,-0.328919E-01
3.56262,11.2885,-0.126755
3.56323,11.2904,0.103279
3.56384,11.2923,0.181314E-01
3.56445,11.2943,-0.505838E-01
3.56506,11.2962,-0.472074E-01
3.56567,11.2981,-0.139899
3.56628,11.3001,-0.330633E-01
3.56689,11.3020,0.459263E-01
3.56750,11.3039,-0.296972E-02
3.56812,11.3059,-0.338914E-01
3.56873,11.3078,-0.538073E-02
3.56934,11.3097,0.123658
3.56995,11.3117,-0.690089E-01
3.57056,11.3136,0.469473E-01
3.57117,11.3155,-0.209940E-01
3.57178,11.3175,-0.125742
3.57239,11.3194,-0.475008E-01
3.57300,11.3213,-0.118632E-01
3.57361,11.3233,0.417408E-02
3.57422,11.3252,0.759865E-01
3.57483,11.3271,-0.180649
3.57544,11.3291,-0.515482E-02
3.57605,11.3310,0.516427E-01
3.57666,11.3329,0.957418E-01
3.57727,11.3349,-0.148068E-01
3.57788,11.3368,0.478699E-01
3.57849,11.3387,0.210801E-01
3.57910,11.3407,0.163229E-01
3.57971,11.3426,0.409758E-01
3.58032,11.3445,0.149232E-01
3.58093,11.3465,-0.598124E-02
3.58154,11.3484,0.389826E-02
3.58215,11.3503,-0.178952E-01
3.58276,11.3523,0.946989E-01
3.58337,11.3542,0.166093
3.58398,11.3561,0.222176E-01
3.58459,11.3581,-0.183444E-01
3.58521,11.3600,-0.727010E-01
3.58582,11.3619,-0.864230E-02
3.58643,11.3639,0.144412E-02
3.58704,11.3658,0.174070
3.58765,11.3678,0.254981E-01
3.58826,11.3697,0.930575E-01
3.58887,11.3716,0.103147
3.58948,11.3736,-0.203524E-01
3.59009,11.3755,0.320053
3.59070,11.3774,0.163334E-01
3.59131,11.3794,-0.412691E-02
3.59192,11.3813,0.920428E-01
3.59253,11.3832,0.643517E-01
3.59314,11.3852,0.276897E-01
3.59375,11.3871,0.187832E-01
3.59436,11.3890,-0.222454E-01
3.59497,11.3910,-0.360140E-01
3.59558,11.3929,0.120467E-01
3.59619,11.3948,0.846661E-01
3.59680,11.3968,-0.163358E-01
3.59741,11.3987,0.182945E-01
3.59802,11.4006,0.116883E-01
3.59863,11.4026,-0.527747E-01
3.59924,11.4045,0.469491E-01
3.59985,11.4064,0.966033E-01
3.60046,11.4084,0.805800E-01
3.60107,11.4103,0.416663E-01
3.60168,11.4122,0.856337E-02
3.60229,11.4142,-0.330425E-01
3.60291,11.4161,0.113270E-02
3.60352,11.4180,-0.533370E-01
3.60413,11.4200,0.272159E-01
3.60474,11.4219,-0.438390E-01
3.60535,11.4238,-0.339632E-01
3.60596,11.4258,-0.618386E-01
3.60657,11.4277,0.119136
3.60718,11.4296,0.808303E-01
3.60779,11.4316,-0.841237E-01
3.60840,11.4335,0.225700E-01
3.60901,11.4354,-0.238855E-01
3.60962,11.4374,-0.209723
3.61023,11.4393,0.492588E-01
3.61084,11.4412,0.129584
3.61145,11.4432,0.384849E-01
3.61206,11.4451,0.571653E-01
3.61267,11.4470,-0.766170E-01
3.61328,11.4490,0.203228
3.61389,11.4509,-0.403196E-01
3.61450,11.4528,0.433245E-01
3.61511,11.4548,0.625134E-03
3.61572,11.4567,-0.603280E-01
3.61633,11.4586,-0.507262E-01
3.61694,11.4606,-0.174548E-01
3.61755,11.4625,0.123406
3.61816,11.4644,-0.538955E-01
3.61877,11.4664,-0.529429E-01
3.61938,11.4683,0.649414E-02
3.62000,11.4703,0.427264E-01
3.62061,11.4722,0.546259E-01
3.62122,11.4741,0.100221
3.62183,11.4761,0.344916
3.62244,11.4780,-0.100027E-02
3.62305,11.4799,-0.140923E-01
3.62366,11.4819,0.968079E-01
3.62427,11.4838,0.167763E-01
3.62488,11.4857,-0.234034E-01
3.62549,11.4877,0.138931
3.62610,11.4896,0.106969
3.62671,11.4915,0.139976
3.62732,11.4935,0.118803
3.62793,11.4954,0.770212E-01
3.62854,11.4973,0.490634E-01
3.62915,11.4993,0.107476
3.62976,11.5012,-0.591386E-01
3.63037,11.5031,0.343147
3.63098,11.5051,-0.451714E-01
3.63159,11.5070,-0.826193E-01
3.63220,11.5089,-0.169534E-01
3.63281,11.5109,0.244652E-01
3.63342,11.5128,-0.154708E-01
3.63403,11.5147,-0.319946E-02
3.63464,11.5167,-0.818095E-01
3.63525,11.5186,-0.429948E-01
3.63586,11.5205,0.145047E-01
3.63647,11.5225,0.276610E-01
3.63708,11.5244,0.150770E-01
3.63770,11.5263,-0.117486E-01
3.63831,11.5283,0.138579
3.63892,11.5302,-0.100819E-01
3.63953,11.5321,-0.216750
3.64014,11.5341,-0.706249E-01
3.64075,11.5360,-0.659936E-01
3.64136,11.5379,-0.586579E-03
3.64197,11.5399,-0.107233E-01
3.64258,11.5418,0.369572E-02
3.64319,11.5437,0.790348E-01
3.64380,11.5457,0.735885E-01
3.64441,11.5476,0.459898E-01
3.64502,11.5495,-0.284956E-01
3.64563,11.5515,0.272432E-01
3.64624,11.5534,0.810262E-01
3.64685,11.5553,-0.379356E-01
3.64746,11.5573,0.375406E-01
3.64807,11.5592,0.408190E-01
3.64868,11.5611,0.962657E-02
3.64929,11.5631,-0.122920E-01
3.64990,11.5650,0.730566E-01
3.65051,11.5669,0.140764
3.65112,11.5689,0.327681E-02
3.65173,11.5708,-0.245015E-01
3.65234,11.5727,0.202579E-02
3.65295,11.5747,-0.162883
3.65356,11.5766,-0.502608E-02
3.65417,11.5786,0.557128E-01
3.65479,11.5805,0.146037E-01
3.65540,11.5824,-0.174594E-01
3.65601,11.5844,0.247221E-01
3.65662,11.5863,0.319189E-02
3.65723,11.5882,-0.196219E-01
3.65784,11.5902,0.987600E-01
3.65845,11.5921,-0.298709E-01
3.65906,11.5940,0.895283E-02
3.65967,11.5960,0.437051E-01
3.66028,11.5979,0.175466E-01
3.66089,11.5998,0.158585E-01
3.66150,11.6018,0.552691E-01
3.66211,11.6037,0.151734E-01
3.66272,11.6056,0.583093E-01
3.66333,11.6076,0.462521E-01
3.66394,11.6095,0.986314E-01
3.66455,11.6114,0.776456E-02
3.66516,11.6134,-0.206318E-01
3.66577,11.6153,0.198939
3.66638,11.6172,0.317996E-01
3.66699,11.6192,-0.677606E-01
3.66760,11.6211,-0.374532E-01
3.66821,11.6230,-0.218105E-02
3.66882,11.6250,0.104198E-01
3.66943,11.6269,0.174711E-01
3.67004,11.6288,0.265005E-01
3.67065,11.6308,-0.148023
3.67126,11.6327,-0.130908E-01
3.67188,11.6346,-0.145164E-01
3.67249,11.6366,-0.130090E-01
3.67310,11.6385,-0.148007E-01
3.67371,11.6404,-0.461837E-01
3.67432,11.6424,-0.304139E-01
3.67493,11.6443,-0.757207E-01
3.67554,11.6462,-0.178557E-01
3.67615,11.6482,0.213641E-02
3.67676,11.6501,-0.536816E-01
3.67737,11.6520,0.280071
3.67798,11.6540,0.130941
3.67859,11.6559,-0.120688E-01
3.67920,11.6578,0.402338E-02
3.67981,11.6598,-0.425018E-02
3.68042,11.6617,-0.187453
3.68103,11.6636,-0.209028E-01
3.68164,11.6656,-0.490502E-02
3.68225,11.6675,0.543222E-01
3.68286,11.6694,0.259968E-01
3.68347,11.6714,0.205762
3.68408,11.6733,-0.292949E-01
3.68469,11.6752,-0.159166E-01
3.68530,11.6772,0.880798E-01
3.68591,11.6791,-0.245523E-02
3.68652,11.6811,-0.691965E-01
3.68713,11.6830,-0.324881E-02
3.68774,11.6849,-0.118054E-01
3.68835,11.6869,-0.136361E-01
3.68896,11.6888,0.310369
3.68958,11.6907,-0.101296
3.69019,11.6927,-0.327501E-01
3.69080,11.6946,-0.210048E-01
3.69141,11.6965,-0.713198E-03
3.69202,11.6985,-0.116749E-01
3.69263,11.7004,-0.992848E-02
3.69324,11.7023,0.791537E-02
3.69385,11.7043,0.955480E-01
3.69446,11.7062,-0.154121
3.69507,11.7081,-0.387930E-01
3.69568,11.7101,0.390632E-01
3.69629,11.7120,-0.369827E-01
3.69690,11.7139,0.299333E-01
3.69751,11.7159,0.963375E-01
3.69812,11.7178,0.498664E-01
3.69873,11.7197,-0.158773E-01
3.69934,11.7217,0.916336E-02
3.69995,11.7236,0.143123
3.70056,11.7255,0.929785E-01
3.70117,11.7275,0.496058E-01
3.70178,11.7294,0.528297E-01
3.70239,11.7313,-0.176868E-02
3.70300,11.7333,-0.732780E-01
3.70361,11.7352,-0.371311E-01
3.70422,11.7371,0.834249E-01
3.70483,11.7391,-0.105925
3.70544,11.7410,0.391459E-01
3.70605,11.7429,0.890182E-01
3.70667,11.7449,-0.839151E-01
3.70728,11.7468,0.274456E-01
3.70789,11.7487,0.261814E-01
3.70850,11.7507,0.407598E-01
3.70911,11.7526,0.240959E-01
3.70972,11.7545,-0.249036E-01
3.71033,11.7565,0.456140E-01
3.71094,11.7584,0.188237E-01
3.71155,11.7603,0.373856
3.71216,11.7623,-0.376704E-01
3.71277,11.7642,-0.106233E-01
3.71338,11.7661,0.121546
3.71399,11.7681,0.174944
3.71460,11.7700,0.439881E-01
3.71521,11.7719,0.122659E-01
3.71582,11.7739,-0.565315E-01
3.71643,11.7758,-0.711482E-01
3.71704,11.7777,-0.693723E-01
3.71765,11.7797,0.441686E-01
3.71826,11.7816,-0.540047E-02
3.71887,11.7835,-0.461300E-02
3.71948,11.7855,-0.373372E-02
3.72009,11.7874,-0.406449E-01
3.72070,11.7894,0.111044E-01
3.72131,11.7913,0.200268E-01
3.72192,11.7932,0.371803E-01
3.72253,11.7952,0.140294
3.72314,11.7971,0.441718E-01
3.72375,11.7990,-0.169107E-01
3.72437,11.8010,-0.716715E-01
3.72498,11.8029,-0.521620E-02
3.72559,11.8048,-0.121057E-01
3.72620,11.8068,0.234190
3.72681,11.8087,-0.178362E-01
3.72742,11.8106,-0.271204E-01
3.72803,11.8126,0.100730
3.72864,11.8145,-0.541213E-01
3.72925,11.8164,0.891916E-01
3.72986,11.8184,0.229592E-01
3.73047,11.8203,0.180961E-01
3.73108,11.8222,0.797664E-01
3.73169,11.8242,0.107367
3.73230,11.8261,-0.255362E-01
3.73291,11.8280,-0.156078E-01
3.73352,11.8300,0.192360
3.73413,11.8319,-0.105278E-01
3.73474,11.8338,0.603848E-01
3.73535,11.8358,-0.287266E-01
3.73596,11.8377,0.168864E-01
3.73657,11.8396,-0.179424E-01
3.73718,11.8416,0.188698E-01
3.73779,11.8435,0.683869E-01
3.73840,11.8454,0.383725E-01
3.73901,11.8474,0.189352
3.73962,11.8493,0.121502
3.74023,11.8512,-0.560877E-02
3.74084,11.8532,-0.121978E-01
3.74146,11.8551,-0.263912E-01
3.74207,11.8570,0.153653
3.74268,11.8590,-0.280992
3.74329,11.8609,-0.958833E-02
3.74390,11.8628,-0.128090E-01
3.74451,11.8648,0.104264
3.74512,11.8667,0.215420
3.74573,11.8686,-0.688461E-01
3.74634,11.8706,-0.126413E-02
3.74695,11.8725,0.161904
3.74756,11.8744,-0.952578E-01
3.74817,11.8764,0.139311E-01
3.74878,11.8783,-0.227362E-02
3.74939,11.8802,-0.719430E-02
3.75000,11.8822,-0.461692E-01
3.75061,11.8841,-0.252537E-01
3.75122,11.8860,-0.981466E-01
3.75183,11.8880,-0.153344E-01
3.75244,11.8899,-0.386753E-01
3.75305,11.8919,0.347566E-01
3.75366,11.8938,-0.773117E-03
3.75427,11.8957,0.338623E-01
3.75488,11.8977,-0.135745E-01
3.75549,11.8996,0.671345E-01
3.75610,11.9015,0.768207E-02
3.75671,11.9035,-0.464972E-01
3.75732,11.9054,0.367738E-01
3.75793,11.9073,0.210939
3.75854,11.9093,-0.689085E-01
3.75916,11.9112,0.415971E-01
3.75977,11.9131,0.101812E-01
3.76038,11.9151,0.555246E-01
3.76099,11.9170,0.605381E-01
3.76160,11.9189,-0.443178E-01
3.76221,11.9209,0.400299E-01
3.76282,11.9228,0.141172E-01
3.76343,11.9247,0.354398E-01
3.76404,11.9267,-0.407097E-01
3.76465,11.9286,-0.196351E-01
3.76526,11.9305,0.150484
3.76587,11.9325,-0.208230E-02
3.76648,11.9344,-0.103697E-02
3.76709,11.9363,0.708062E-02
3.76770,11.9383,0.755184E-01
3.76831,11.9402,0.672380E-01
3.76892,11.9421,0.622623E-01
3.76953,11.9441,-0.158154
3.77014,11.9460,0.112045
3.77075,11.9479,-0.197730E-01
3.77136,11.9499,0.712712E-01
3.77197,11.9518,0.943758E-01
3.77258,11.9537,0.301666E-02
3.77319,11.9557,-0.222976E-01
3.77380,11.9576,0.754122E-01
3.77441,11.9595,0.116149
3.77502,11.9615,0.284209E-01
3.77563,11.9634,0.104988E-01
3.77625,11.9653,0.327765E-01
3.77686,11.9673,0.702455E-01
3.77747,11.9692,0.345058E-01
3.77808,11.9711,0.239158E-01
3.77869,11.9731,0.633970E-01
3.77930,11.9750,0.518554E-01
3.77991,11.9769,0.947887E-01
3.78052,11.9789,-0.477810E-01
3.78113,11.9808,-0.370348E-01
3.78174,11.9827,0.907601E-01
3.78235,11.9847,-0.265307E-01
3.78296,11.9866,-0.158201E-01
3.78357,11.9885,-0.619269E-01
3.78418,11.9905,-0.560754E-01
3.78479,11.9924,0.134707E-01
3.78540,11.9944,0.357736E-02
3.78601,11.9963,0.842732E-01
3.78662,11.9982,0.930533E-01
3.78723,12.0002,-0.608201E-01
3.78784,12.0021,0.684706E-01
3.78845,12.0040,0.852274E-01
3.78906,12.0060,0.380705E-01
3.78967,12.0079,-0.426968E-01
3.79028,12.0098,0.294895E-02
3.79089,12.0118,0.625283E-01
3.79150,12.0137,0.163472
3.79211,12.0156,0.103367
3.79272,12.0176,-0.897209E-01
3.79333,12.0195,-0.284615E-01
3.79395,12.0214,0.189619
3.79456,12.0234,0.156595E-01
3.79517,12.0253,-0.398690E-01
3.79578,12.0272,-0.680440E-02
3.79639,12.0292,0.281581
3.79700,12.0311,0.608391E-02
3.79761,12.0330,-0.390320E-01
3.79822,12.0350,-0.368955E-02
3.79883,12.0369,0.221438
3.79944,12.0388,-0.792090E-02
3.80005,12.0408,-0.575801E-01
3.80066,12.0427,0.108277E-01
3.80127,12.0446,0.223540E-01
3.80188,12.0466,-0.322165E-01
3.80249,12.0485,-0.278767E-01
3.80310,12.0504,-0.111467E-01
3.80371,12.0524,0.256976E-01
3.80432,12.0543,-0.185110E-01
3.80493,12.0562,0.895220E-01
3.80554,12.0582,-0.472439E-01
3.80615,12.0601,-0.658132E-02
3.80676,12.0620,-0.354541E-01
3.80737,12.0640,0.215658E-01
3.80798,12.0659,0.250916E-02
3.80859,12.0678,-0.135932
3.80920,12.0698,-0.197660E-01
3.80981,12.0717,-0.259963E-01
3.81042,12.0736,0.122372
3.81104,12.0756,0.450861E-01
3.81165,12.0775,0.500353E-01
3.81226,12.0794,0.941618E-01
3.81287,12.0814,0.600421E-01
3.81348,12.0833,0.409188E-01
3.81409,12.0852,0.174424
3.81470,12.0872,-0.254746E-01
3.81531,12.0891,0.233227E-02
3.81592,12.0910,-0.190062E-01
3.81653,12.0930,-0.146971E-01
3.81714,12.0949,-0.688449E-03
3.81775,12.0968,0.502634E-01
3.81836,12.0988,-0.206021E-01
3.81897,12.1007,0.131570E-01
3.81958,12.1027,0.360201E-01
3.82019,12.1046,0.289501E-01
3.82080,12.1065,-0.329022E-01
3.82141,12.1085,0.249006E-01
3.82202,12.1104,0.646462E-02
3.82263,12.1123,0.323427E-01
3.82324,12.1143,-0.224416E-01
3.82385,12.1162,-0.117033
3.82446,12.1181,-0.133776E-01
3.82507,12.1201,-0.112030E-01
3.82568,12.1220,-0.820348E-01
3.82629,12.1239,0.129534E-01
3.82690,12.1259,0.821939E-01
3.82751,12.1278,0.842657E-01
3.82812,12.1297,0.208614E-02
3.82874,12.1317,-0.224347E-01
3.82935,12.1336,0.124671E-01
3.82996,12.1355,-0.559294E-01
3.83057,12.1375,-0.132993E-01
3.83118,12.1394,-0.390410E-01
3.83179,12.1413,-0.177095E-01
3.83240,12.1433,0.104839E-01
3.83301,12.1452,0.371476
3.83362,12.1471,0.484076E-01
3.83423,12.1491,-0.159735E-01
3.83484,12.1510,-0.661022E-01
3.83545,12.1529,0.595064E-01
3.83606,12.1549,0.473649E-01
3.83667,12.1568,0.244361E-01
3.83728,12.1587,0.461959E-01
3.83789,12.1607,-0.914339E-02
3.83850,12.1626,-0.127890
3.83911,12.1645,-0.361383E-01
3.83972,12.1665,-0.781452E-01
3.84033,12.1684,-0.332426E-01
3.84094,12.1703,-0.348936E-01
3.84155,12.1723,0.477762E-01
3.84216,12.1742,-0.531389E-01
3.84277,12.1761,0.560801E-01
3.84338,12.1781,0.171103E-01
3.84399,12.1800,0.187177E-01
3.84460,12.1819,0.419410E-01
3.84521,12.1839,-0.261321E-01
3.84583,12.1858,0.144616E-01
3.84644,12.1877,-0.729916E-01
3.84705,12.1897,-0.316157E-01
3.84766,12.1916,0.864434E-01
3.84827,12.1935,0.240256
3.84888,12.1955,0.243809E-01
3.84949,12.1974,0.154184E-01
3.85010,12.1993,0.685722E-01
3.85071,12.2013,0.124973E-01
3.85132,12.2032,0.171593
3.85193,12.2052,0.371536E-01
3.85254,12.2071,0.451207E-01
3.85315,12.2090,0.318836E-01
3.85376,12.2110,0.692696E-01
3.85437,12.2129,-0.543545E-02
3.85498,12.2148,-0.254576E-01
3.85559,12.2168,-0.666486E-01
3.85620,12.2187,-0.335353E-01
3.85681,12.2206,0.208124E-01
3.85742,12.2226,0.253767E-02
3.85803,12.2245,0.172962E-01
3.85864,12.2264,0.356832E-01
3.85925,12.2284,0.652251E-03
3.85986,12.2303,-0.270117E-01
3.86047,12.2322,0.561170E-01
3.86108,12.2342,-0.478941E-01
3.86169,12.2361,0.127669E-01
3.86230,12.2380,0.112643
3.86292,12.2400,-0.164068E-01
3.86353,12.2419,0.119321E-02
3.86414,12.2438,0.810821E-02
3.86475,12.2458,0.886044E-02
3.86536,12.2477,0.779332E-01
3.86597,12.2496,-0.108348
3.86658,12.2516,-0.144257E-01
3.86719,12.2535,0.157133E-01
3.86780,12.2554,0.896144E-01
3.86841,12.2574,0.249409E-02
3.86902,12.2593,-0.120382
3.86963,12.2612,-0.342310E-01
3.87024,12.2632,-0.275334E-02
3.87085,12.2651,0.217698E-01
3.87146,12.2670,-0.111271E-01
3.87207,12.2690,0.682201E-02
3.87268,12.2709,0.468569E-01
3.87329,12.2728,0.148656E-02
3.87390,12.2748,-0.334002E-01
3.87451,12.2767,0.109155E-01
3.87512,12.2786,-0.223257E-02
3.87573,12.2806,-0.124170
3.87634,12.2825,-0.161240E-01
3.87695,12.2844,0.144524
3.87756,12.2864,-0.654958E-02
3.87817,12.2883,0.134294E-01
3.87878,12.2902,0.241962E-01
3.87939,12.2922,0.614405E-01
3.88000,12.2941,-0.527901E-01
3.88062,12.2960,-0.504623E-01
3.88123,12.2980,0.446556E-01
3.88184,12.2999,-0.141387E-01
3.88245,12.3018,0.143845
3.88306,12.3038,0.332580E-01
3.88367,12.3057,0.612976E-01
3.88428,12.3076,-0.711675E-02
3.88489,12.3096,-0.285687E-01
3.88550,12.3115,0.102558
3.88611,12.3135,0.670155E-02
3.88672,12.3154,-0.113710
3.88733,12.3173,0.569452E-02
3.88794,12.3193,-0.871449E-01
3.88855,12.3212,0.558566E-01
3.88916,12.3231,0.485419E-01
3.88977,12.3251,0.784054E-01
3.89038,12.3270,0.339695E-01
3.89099,12.3289,0.170247E-01
3.89160,12.3309,-0.105809E-01
3.89221,12.3328,0.722334E-02
3.89282,12.3347,0.104239
3.89343,12.3367,-0.574989E-02
3.89404,12.3386,-0.263473E-01
3.89465,12.3405,-0.145651E-01
3.89526,12.3425,-0.159517
3.89587,12.3444,-0.237067E-01
3.89648,12.3463,-0.192569
3.89709,12.3483,0.204880E-01
3.89771,12.3502,0.637070E-01
3.89832,12.3521,-0.427182E-01
3.89893,12.3541,0.712406E-01
3.89954,12.3560,-0.480180E-01
3.90015,12.3579,0.715889E-02
3.90076,12.3599,-0.202523E-04
3.90137,12.3618,-0.868919E-01
3.90198,12.3637,-0.513167E-02
3.90259,12.3657,0.961569E-02
3.90320,12.3676,0.328731E-01
3.90381,12.3695,-0.852512E-02
3.90442,12.3715,0.182624
3.90503,12.3734,0.150644E-02
3.90564,12.3753,0.485550E-01
3.90625,12.3773,-0.207326E-02
3.90686,12.3792,0.203156
3.90747,12.3811,0.173644E-02
3.90808,12.3831,0.253245E-01
3.90869,12.3850,0.343985
3.90930,12.3869,0.103494
3.90991,12.3889,-0.295551E-03
3.91052,12.3908,-0.378755E-01
3.91113,12.3927,0.138500
3.91174,12.3947,0.130669
3.91235,12.3966,-0.112540
3.91296,12.3985,0.439045E-01
3.91357,12.4005,-0.463130E-02
3.91418,12.4024,-0.125310
3.91479,12.4043,0.239121E-01
3.91541,12.4063,-0.103505E-01
3.91602,12.4082,-0.339875E-01
3.91663,12.4101,0.130792
3.91724,12.4121,-0.439544E-01
3.91785,12.4140,0.711569E-02
3.91846,12.4160,0.212465E-01
3.91907,12.4179,-0.356057E-01
3.91968,12.4198,0.108663
3.92029,12.4218,0.712130E-02
3.92090,12.4237,-0.113750
3.92151,12.4256,-0.136812E-01
3.92212,12.4276,0.530541E-01
3.92273,12.4295,0.844160E-01
3.92334,12.4314,-0.830422E-02
3.92395,12.4334,0.145761
3.92456,12.4353,0.774881E-02
3.92517,12.4372,-0.305200E-01
3.92578,12.4392,-0.212741E-01
3.92639,12.4411,0.108410E-01
3.92700,12.4430,-0.468063E-01
3.92761,12.4450,-0.771989E-02
3.92822,12.4469,-0.303158E-01
3.92883,12.4488,0.983257E-01
3.92944,12.4508,0.189573E-02
3.93005,12.4527,0.890147E-01
3.93066,12.4546,0.347155E-01
3.93127,12.4566,0.429460E-01
3.93188,12.4585,-0.219515E-02
3.93250,12.4604,0.260826
3.93311,12.4624,-0.247456E-01
3.93372,12.4643,-0.856420E-01
3.93433,12.4662,0.699120E-01
3.93494,12.4682,0.487004E-01
3.93555,12.4701,-0.445256E-01
3.93616,12.4720,-0.469370E-01
3.93677,12.4740,0.228014E-01
3.93738,12.4759,-0.416074E-01
3.93799,12.4778,0.126879
3.93860,12.4798,-0.188715E-02
3.93921,12.4817,0.343004E-01
3.93982,12.4836,0.960820E-01
3.94043,12.4856,-0.444616E-01
3.94104,12.4875,-0.102394
3.94165,12.4894,0.246735E-01
3.94226,12.4914,0.113295E-02
3.94287,12.4933,0.469057E-02
3.94348,12.4952,0.162006E-01
3.94409,12.4972,0.186154
3.94470,12.4991,0.115578
3.94531,12.5010,0.863024E-01
3.94592,12.5030,0.103425
3.94653,12.5049,0.712119E-01
3.94714,12.5068,-0.109150
3.94775,12.5088,0.387308E-01
3.94836,12.5107,0.350360E-01
3.94897,12.5126,-0.356496E-01
3.94958,12.5146,-0.281628E-02
3.95020,12.5165,-0.707574E-02
3.95081,12.5185,-0.555774E-01
3.95142,12.5204,0.939143E-02
3.95203,12.5223,-0.107035
3.95264,12.5243,0.614997E-01
3.95325,12.5262,-0.113701
3.95386,12.5281,-0.884155E-02
3.95447,12.5301,0.193631E-02
3.95508,12.5320,-0.628304E-02
3.95569,12.5339,0.655992E-01
3.95630,12.5359,-0.216053E-01
3.95691,12.5378,-0.273299E-01
3.95752,12.5397,0.353327
3.95813,12.5417,-0.877479E-01
3.95874,12.5436,0.612293E-01
3.95935,12.5455,0.167603E-01
3.95996,12.5475,0.135479
3.96057,12.5494,0.888845E-01
3.96118,12.5513,0.334405E-01
3.96179,12.5533,0.631677E-02
3.96240,12.5552,-0.299593E-01
3.96301,12.5571,-0.314819E-01
3.96362,12.5591,0.161084E-01
3.96423,12.5610,0.938684E-01
3.96484,12.5629,0.460438E-01
3.96545,12.5649,0.211732
3.96606,12.5668,0.202426E-01
3.96667,12.5687,-0.195383E-01
3.96729,12.5707,0.448911E-02
3.96790,12.5726,0.325904E-01
3.96851,12.5745,-0.284587E-02
3.96912,12.5765,-0.631179E-02
3.96973,12.5784,0.468822E-01
3.97034,12.5803,0.211816E-01
3.97095,12.5823,0.101299
3.97156,12.5842,-0.203255E-01
3.97217,12.5861,0.123955
3.97278,12.5881,0.116197E-01
3.97339,12.5900,-0.223671E-01
3.97400,12.5919,0.177513
3.97461,12.5939,0.141899E-01
3.97522,12.5958,0.113318
3.97583,12.5977,0.666767E-01
3.97644,12.5997,0.178626E-01
3.97705,12.6016,-0.122011E-01
3.97766,12.6035,0.104302
3.97827,12.6055,0.790658E-01
3.97888,12.6074,0.101454
3.97949,12.6093,0.103668
3.98010,12.6113,0.126874
3.98071,12.6132,-0.422040E-01
3.98132,12.6151,-0.274846E-02
3.98193,12.6171,0.393859E-01
3.98254,12.6190,-0.258143E-01
3.98315,12.6209,0.275608E-02
3.98376,12.6229,0.531910E-01
3.98438,12.6248,0.369183E-02
3.98499,12.6268,0.120440E-02
3.98560,12.6287,0.294178E-01
3.98621,12.6306,0.121406
3.98682,12.6326,-0.807697E-02
3.98743,12.6345,0.196380
3.98804,12.6364,-0.681070E-01
3.98865,12.6384,0.216109E-01
3.98926,12.6403,0.121535E-01
3.98987,12.6422,0.190502
3.99048,12.6442,0.339226E-01
3.99109,12.6461,0.283512E-01
3.99170,12.6480,0.113608
3.99231,12.6500,0.134623E-01
3.99292,12.6519,0.331253E-01
3.99353,12.6538,0.128997E-02
3.99414,12.6558,0.967756E-01
3.99475,12.6577,0.239183E-01
3.99536,12.6596,0.289450E-01
3.99597,12.6616,0.282874E-01
3.99658,12.6635,0.321702E-01
3.99719,12.6654,-0.363328E-02
3.99780,12.6674,0.822602E-01
3.99841,12.6693,0.294557
3.99902,12.6712,0.547027E-02
3.99963,12.6732,0.597621E-01
4.00024,12.6751,0.190281E-01
4.00085,12.6770,0.436532E-01
4.00146,12.6790,-0.875064E-01
4.00208,12.6809,-0.731067E-01
4.00269,12.6828,0.228839
4.00330,12.6848,0.402689E-01
4.00391,12.6867,-0.641391E-02
4.00452,12.6886,-0.418599E-01
4.00513,12.6906,0.984821E-01
4.00574,12.6925,-0.372088E-01
4.00635,12.6944,0.627749E-02
4.00696,12.6964,0.142578
4.00757,12.6983,0.187042E-01
4.00818,12.7002,-0.391204E-01
4.00879,12.7022,0.473719E-01
4.00940,12.7041,0.132909E-01
4.01001,12.7060,-0.643822E-01
4.01062,12.7080,0.186785E-02
4.01123,12.7099,-0.215318E-01
4.01184,12.7118,-0.981970E-01
4.01245,12.7138,-0.357088E-01
4.01306,12.7157,0.162997E-01
4.01367,12.7176,-0.383070E-01
4.01428,12.7196,-0.142096E-01
4.01489,12.7215,-0.712126E-01
4.01550,12.7234,0.115017E-01
4.01611,12.7254,0.369594E-01
4.01672,12.7273,0.646110E-01
4.01733,12.7293,0.467695E-01
4.01794,12.7312,-0.556638E-01
4.01855,12.7331,-0.123686E-01
4.01917,12.7351,-0.781564E-01
4.01978,12.7370,-0.609474E-02
4.02039,12.7389,-0.515061E-02
4.02100,12.7409,-0.278010E-01
4.02161,12.7428,-0.192995
4.02222,12.7447,-0.971954E-02
4.02283,12.7467,0.355628
4.02344,12.7486,0.133768
4.02405,12.7505,-0.171397E-01
4.02466,12.7525,-0.422664E-02
4.02527,12.7544,0.351651E-01
4.02588,12.7563,-0.685389E-01
4.02649,12.7583,0.101149E-01
4.02710,12.7602,-0.233878E-01
4.02771,12.7621,0.752730E-01
4.02832,12.7641,0.149678E-01
4.02893,12.7660,0.182268E-01
4.02954,12.7679,-0.862882E-02
4.03015,12.7699,-0.495141E-01
4.03076,12.7718,0.113402
4.03137,12.7737,-0.772238E-02
4.03198,12.7757,0.145674
4.03259,12.7776,-0.220707E-01
4.03320,12.7795,-0.292667E-01
4.03381,12.7815,0.143969
4.03442,12.7834,-0.303911E-01
4.03503,12.7853,-0.239665E-01
4.03564,12.7873,0.430526E-01
4.03625,12.7892,-0.822070E-01
4.03687,12.7911,-0.138441E-01
4.03748,12.7931,-0.215645E-01
4.03809,12.7950,0.257600E-01
4.03870,12.7969,0.108112
4.03931,12.7989,0.720683E-01
4.03992,12.8008,-0.840859E-01
4.04053,12.8027,0.456356E-01
4.04114,12.8047,-0.153165E-01
4.04175,12.8066,0.771629E-02
4.04236,12.8085,0.124763E-01
4.04297,12.8105,-0.184486E-01
4.04358,12.8124,0.584070E-02
4.04419,12.8143,0.458870E-01
4.04480,12.8163,0.607284E-01
4.04541,12.8182,0.660603E-01
4.04602,12.8201,0.102163
4.04663,12.8221,0.946069E-01
4.04724,12.8240,0.115585
4.04785,12.8259,-0.455215E-02
4.04846,12.8279,-0.933668E-02
4.04907,12.8298,-0.432888E-01
4.04968,12.8318,-0.420397E-01
4.05029,12.8337,-0.471849E-02
4.05090,12.8356,0.167550
4.05151,12.8376,-0.329144E-01
4.05212,12.8395,-0.626428E-01
4.05273,12.8414,0.102827
4.05334,12.8434,0.173557
4.05396,12.8453,-0.999186E-01
4.05457,12.8472,0.103258E-01
4.05518,12.8492,0.646761E-01
4.05579,12.8511,0.102813E-01
4.05640,12.8530,-0.120858E-01
4.05701,12.8550,-0.281518E-01
4.05762,12.8569,0.493029E-01
4.05823,12.8588,-0.686894E-01
4.05884,12.8608,-0.502906E-01
4.05945,12.8627,0.831540E-01
4.06006,12.8646,-0.623712E-01
4.06067,12.8666,-0.854243E-01
4.06128,12.8685,-0.288889E-01
4.06189,12.8704,0.605222E-02
4.06250,12.8724,0.180483E-01
4.06311,12.8743,0.397850E-02
4.06372,12.8762,-0.109510E-01
4.06433,12.8782,0.132757E-01
4.06494,12.8801,0.419704E-01
4.06555,12.8820,0.482577E-01
4.06616,12.8840,0.448422E-01
4.06677,12.8859,-0.545221E-01
4.06738,12.8878,-0.725790E-02
4.06799,12.8898,0.428835E-01
4.06860,12.8917,-0.187923E-01
4.06921,12.8936,-0.234176E-01
4.06982,12.8956,-0.524911E-01
4.07043,12.8975,0.148330E-01
4.07104,12.8994,-0.313077E-01
4.07166,12.9014,-0.639022E-02
4.07227,12.9033,-0.279120E-01
4.07288,12.9052,0.582556E-01
4.07349,12.9072,-0.551579E-01
4.07410,12.9091,-0.608122E-01
4.07471,12.9110,0.404691E-01
4.07532,12.9130,-0.606656E-01
4.07593,12.9149,-0.603915E-02
4.07654,12.9168,-0.530810E-01
4.07715,12.9188,0.135917E-01
4.07776,12.9207,-0.757869E-01
4.07837,12.9226,-0.868027E-02
4.07898,12.9246,-0.450900E-01
4.07959,12.9265,-0.223822E-01
4.08020,12.9284,0.924260E-01
4.08081,12.9304,-0.777813E-01
4.08142,12.9323,-0.133190
4.08203,12.9342,0.112338
4.08264,12.9362,0.290841E-01
4.08325,12.9381,0.457856E-01
4.08386,12.9401,-0.114289E-01
4.08447,12.9420,-0.670170E-02
4.08508,12.9439,-0.621522E-01
4.08569,12.9459,0.118898
4.08630,12.9478,0.386718E-01
4.08691,12.9497,-0.490862E-01
4.08752,12.9517,0.100587E-01
4.08813,12.9536,-0.837209E-03
4.08875,12.9555,-0.169557E-01
4.08936,12.9575,-0.273070E-01
4.08997,12.9594,0.497195E-01
4.09058,12.9613,-0.382644E-01
4.09119,12.9633,0.295390E-01
4.09180,12.9652,0.101483
4.09241,12.9671,0.251225E-01
4.09302,12.9691,-0.242131E-01
4.09363,12.9710,0.751922E-01
4.09424,12.9729,0.495675E-01
4.09485,12.9749,0.212517E-01
4.09546,12.9768,0.508410E-02
4.09607,12.9787,-0.839184E-01
4.09668,12.9807,0.276303E-01
4.09729,12.9826,0.678295E-01
4.09790,12.9845,-0.111201E-01
4.09851,12.9865,0.228040E-01
4.09912,12.9884,-0.566604E-01
4.09973,12.9903,0.231862E-01
4.10034,12.9923,-0.557417E-02
4.10095,12.9942,0.306379E-01
4.10156,12.9961,0.223809E-01
4.10217,12.9981,0.362580E-01
4.10278,13.0000,0.230622E-02
4.10339,13.0019,0.529552E-01
4.10400,13.0039,0.138643
4.10461,13.0058,0.619841E-01
4.10522,13.0077,0.851889E-01
4.10583,13.0097,0.615030E-01
4.10645,13.0116,-0.537056E-01
4.10706,13.0135,-0.293945E-01
4.10767,13.0155,-0.243478E-01
4.10828,13.0174,-0.574837E-02
4.10889,13.0193,-0.551723E-01
4.10950,13.0213,-0.562302E-02
4.11011,13.0232,0.316125E-01
4.11072,13.0251,-0.144707
4.11133,13.0271,0.148190E-01
4.11194,13.0290,0.147361E-01
4.11255,13.0309,-0.726203E-01
4.11316,13.0329,-0.162091
4.11377,13.0348,-0.104427E-01
4.11438,13.0367,0.155525E-01
4.11499,13.0387,-0.475909E-01
4.11560,13.0406,0.224344E-01
4.11621,13.0426,-0.577744E-02
4.11682,13.0445,-0.318434E-01
4.11743,13.0464,0.834016E-02
4.11804,13.0484,-0.103496E-02
4.11865,13.0503,0.613320E-01
4.11926,13.0522,-0.295112E-01
4.11987,13.0542,0.878802E-01
4.12048,13.0561,0.299431E-01
4.12109,13.0580,0.415626E-01
4.12170,13.0600,0.131536
4.12231,13.0619,0.265905E-01
4.12292,13.0638,0.206590E-01
4.12354,13.0658,-0.121274
4.12415,13.0677,-0.230828E-01
4.12476,13.0696,0.171833E-01
4.12537,13.0716,-0.109339E-01
4.12598,13.0735,0.194464E-01
4.12659,13.0754,-0.241517E-01
4.12720,13.0774,0.448602E-02
4.12781,13.0793,0.400952E-02
4.12842,13.0812,0.574312E-01
4.12903,13.0832,0.822224E-01
4.12964,13.0851,-0.164882E-01
4.13025,13.0870,0.199686E-02
4.13086,13.0890,0.345679
4.13147,13.0909,0.302486E-01
4.13208,13.0928,0.865164E-01
4.13269,13.0948,0.345769E-01
4.13330,13.0967,-0.323329E-01
4.13391,13.0986,0.262879E-01
4.13452,13.1006,0.702051E-02
4.13513,13.1025,-0.135910E-01
4.13574,13.1044,0.320642E-01
4.13635,13.1064,0.961142E-01
4.13696,13.1083,0.393736E-01
4.13757,13.1102,-0.580133E-01
4.13818,13.1122,0.273941E-02
4.13879,13.1141,-0.501584E-01
4.13940,13.1160,0.155236E-01
4.14001,13.1180,-0.380924E-01
4.14062,13.1199,0.580311E-02
4.14124,13.1218,0.169284E-01
4.14185,13.1238,0.105857E-01
4.14246,13.1257,-0.105278E-01
4.14307,13.1276,0.904345E-01
4.14368,13.1296,0.755871E-01
4.14429,13.1315,-0.618442E-02
4.14490,13.1334,0.478239E-01
4.14551,13.1354,0.327514E-01
4.14612,13.1373,0.170685E-01
4.14673,13.1392,0.199067
4.14734,13.1412,-0.190534E-01
4.14795,13.1431,0.397226E-01
4.14856,13.1450,0.130183E-01
4.14917,13.1470,0.223792E-01
4.14978,13.1489,0.282806E-01
4.15039,13.1509,-0.702390E-02
4.15100,13.1528,0.636504E-01
4.15161,13.1547,0.268188
4.15222,13.1567,-0.260346E-01
4.15283,13.1586,0.280098E-01
4.15344,13.1605,0.224847E-01
4.15405,13.1625,0.204591E-01
4.15466,13.1644,0.295885E-01
4.15527,13.1663,-0.249766E-01
4.15588,13.1683,0.117751E-01
4.15649,13.1702,-0.254445E-01
4.15710,13.1721,-0.703524E-02
4.15771,13.1741,-0.752057E-02
4.15833,13.1760,0.986797E-01
4.15894,13.1779,0.692566E-02
4.15955,13.1799,0.594441E-01
4.16016,13.1818,0.275856E-01
4.16077,13.1837,-0.141188E-02
4.16138,13.1857,0.130238E-01
4.16199,13.1876,0.782050E-01
4.16260,13.1895,0.488935E-01
4.16321,13.1915,0.681217E-01
4.16382,13.1934,-0.111281E-01
4.16443,13.1953,0.711025E-01
4.16504,13.1973,0.818851E-02
4.16565,13.1992,-0.112940E-01
4.16626,13.2011,0.262887
4.16687,13.2031,0.192274
4.16748,13.2050,0.340898E-01
4.16809,13.2069,0.459428E-01
4.16870,13.2089,0.165998
4.16931,13.2108,0.837015E-01
4.16992,13.2127,0.641659E-01
4.17053,13.2147,0.501139E-01
4.17114,13.2166,0.196037E-01
4.17175,13.2185,0.904649E-01
4.17236,13.2205,0.148357
4.17297,13.2224,0.241023E-01
4.17358,13.2243,0.314287E-01
4.17419,13.2263,0.102864E-01
4.17480,13.2282,0.563137E-01
4.17542,13.2301,-0.717514E-01
4.17603,13.2321,0.220230
4.17664,13.2340,0.550522E-01
4.17725,13.2359,-0.117064E-01
4.17786,13.2379,0.807771E-01
4.17847,13.2398,0.669409E-01
4.17908,13.2417,0.131382
4.17969,13.2437,0.120949
4.18030,13.2456,0.969101E-01
4.18091,13.2475,-0.193000E-01
4.18152,13.2495,0.110848
4.18213,13.2514,-0.341406E-01
4.18274,13.2534,-0.122726E-01
4.18335,13.2553,0.177201
4.18396,13.2572,-0.307003E-01
4.18457,13.2592,-0.581533E-02
4.18518,13.2611,-0.137859E-02
4.18579,13.2630,-0.235901E-01
4.18640,13.2650,0.598599E-01
4.18701,13.2669,0.263303
4.18762,13.2688,0.109392E-01
4.18823,13.2708,-0.160714E-01
4.18884,13.2727,0.999350E-02
4.18945,13.2746,-0.289427E-01
4.19006,13.2766,0.153267
4.19067,13.2785,0.154591
4.19128,13.2804,-0.413554E-01
4.19189,13.2824,0.591426E-02
4.19250,13.2843,0.116325
4.19312,13.2862,-0.334347E-01
4.19373,13.2882,0.234616E-01
4.19434,13.2901,-0.129706E-01
4.19495,13.2920,-0.397753E-01
4.19556,13.2940,-0.199169E-01
4.19617,13.2959,-0.305861E-01
4.19678,13.2978,-0.112270
4.19739,13.2998,-0.656661E-01
4.19800,13.3017,0.543479E-01
4.19861,13.3036,-0.783371E-01
4.19922,13.3056,-0.625321E-01
4.19983,13.3075,-0.116353
4.20044,13.3094,-0.317088E-01
4.20105,13.3114,0.430895E-01
4.20166,13.3133,-0.174657E-01
4.20227,13.3152,0.504448E-01
4.20288,13.3172,0.363981E-01
4.20349,13.3191,0.376259E-01
4.20410,13.3210,0.467531E-02
4.20471,13.3230,-0.521443E-01
4.20532,13.3249,-0.102839
4.20593,13.3268,0.121278E-01
4.20654,13.3288,0.245452E-01
4.20715,13.3307,-0.188110E-01
4.20776,13.3326,0.879222E-01
4.20837,13.3346,0.596975E-03
4.20898,13.3365,0.383029E-01
4.20959,13.3384,0.285824E-01
4.21021,13.3404,-0.717970E-01
4.21082,13.3423,0.736390E-01
4.21143,13.3442,0.167873E-01
4.21204,13.3462,-0.241735E-01
4.21265,13.3481,-0.326829E-01
4.21326,13.3500,0.126771E-01
4.21387,13.3520,-0.606328E-01
4.21448,13.3539,-0.176487E-01
4.21509,13.3559,-0.183031E-01
4.21570,13.3578,0.304681E-01
4.21631,13.3597,0.581441E-01
4.21692,13.3617,-0.201991E-01
4.21753,13.3636,-0.100237
4.21814,13.3655,0.889024E-01
4.21875,13.3675,-0.260222E-01
4.21936,13.3694,-0.543212E-04
4.21997,13.3713,-0.160964E-01
4.22058,13.3733,-0.443772E-01
4.22119,13.3752,-0.519806E-01
4.22180,13.3771,-0.255938E-01
4.22241,13.3791,0.306634E-01
4.22302,13.3810,0.856129E-01
4.22363,13.3829,0.991958E-01
4.22424,13.3849,0.170788E-01
4.22485,13.3868,0.109702E-01
4.22546,13.3887,-0.391379E-01
4.22607,13.3907,-0.452930E-01
4.22668,13.3926,0.451233E-01
4.22729,13.3945,0.611029E-02
4.22791,13.3965,-0.784936E-03
4.22852,13.3984,0.126056E-01
4.22913,13.4003,-0.915409E-02
4.22974,13.4023,0.849118E-03
4.23035,13.4042,-0.574249E-02
4.23096,13.4061,0.466803E-02
4.23157,13.4081,0.460930E-01
4.23218,13.4100,-0.865646E-02
4.23279,13.4119,0.418479E-02
4.23340,13.4139,0.158142E-01
4.23401,13.4158,-0.566040E-01
4.23462,13.4177,0.121479E-01
4.23523,13.4197,-0.171289
4.23584,13.4216,0.329432E-01
4.23645,13.4235,-0.278964E-03
4.23706,13.4255,0.221500E-01
4.23767,13.4274,0.777227E-02
4.23828,13.4293,0.609238E-01
4.23889,13.4313,-0.708189E-02
4.23950,13.4332,0.500559E-01
4.24011,13.4351,-0.194087E-02
4.24072,13.4371,-0.105374
4.24133,13.4390,0.139273E-01
4.24194,13.4409,0.337541E-01
4.24255,13.4429,0.237014E-01
4.24316,13.4448,-0.150743E-01
4.24377,13.4467,0.379109E-01
4.24438,13.4487,0.243604E-01
4.24500,13.4506,-0.142543E-01
4.24561,13.4525,-0.267387E-01
4.24622,13.4545,-0.747903E-01
4.24683,13.4564,0.457177E-01
4.24744,13.4583,-0.175700E-01
4.24805,13.4603,0.432235E-01
4.24866,13.4622,-0.129891
4.24927,13.4642,0.270471E-02
4.24988,13.4661,-0.108845E-01
4.25049,13.4680,-0.338054E-02
4.25110,13.4700,0.738237E-01
4.25171,13.4719,0.333140E-01
4.25232,13.4738,0.481652E-02
4.25293,13.4758,0.149479E-01
4.25354,13.4777,0.532598E-01
4.25415,13.4796,0.948649E-01
4.25476,13.4816,0.447789E-01
4.25537,13.4835,-0.133973E-01
4.25598,13.4854,-0.384981E-01
4.25659,13.4874,0.306733E-01
4.25720,13.4893,0.539114E-02
4.25781,13.4912,0.174218E-01
4.25842,13.4932,-0.178741E-01
4.25903,13.4951,-0.281975E-01
4.25964,13.4970,0.284781E-01
4.26025,13.4990,-0.985128E-01
4.26086,13.5009,0.118152E-01
4.26147,13.5028,0.187253E-02
4.26208,13.5048,-0.209406
4.26270,13.5067,-0.678695E-01
4.26331,13.5086,0.741339E-01
4.26392,13.5106,0.618417E-01
4.26453,13.5125,-0.230964E-01
4.26514,13.5144,0.816535E-02
4.26575,13.5164,-0.596687E-01
4.26636,13.5183,0.364460E-01
4.26697,13.5202,0.113985
4.26758,13.5222,0.683390E-01
4.26819,13.5241,-0.118150
4.26880,13.5260,0.763146E-02
4.26941,13.5280,0.737846E-02
4.27002,13.5299,-0.352439E-01
4.27063,13.5318,-0.244438E-01
4.27124,13.5338,0.258763E-01
4.27185,13.5357,-0.155699E-01
4.27246,13.5376,0.105672E-01
4.27307,13.5396,0.864963E-02
4.27368,13.5415,0.384385E-03
4.27429,13.5434,-0.297990E-02
4.27490,13.5454,-0.737504E-01
4.27551,13.5473,-0.385072E-01
4.27612,13.5492,0.197271E-01
4.27673,13.5512,-0.201533E-01
4.27734,13.5531,0.165865E-01
4.27795,13.5550,-0.393686E-02
4.27856,13.5570,0.278703E-01
4.27917,13.5589,0.889550E-02
4.27979,13.5608,0.709101E-01
4.28040,13.5628,0.102849
4.28101,13.5647,0.981263E-01
4.28162,13.5667,-0.192032E-01
4.28223,13.5686,0.223874E-01
4.28284,13.5705,-0.536515E-01
4.28345,13.5725,0.244605E-01
4.28406,13.5744,0.199127
4.28467,13.5763,0.184837
4.28528,13.5783,-0.682046E-01
4.28589,13.5802,-0.217933E-01
4.28650,13.5821,0.901312E-02
4.28711,13.5841,-0.121063E-01
4.28772,13.5860,0.216117E-01
4.28833,13.5879,-0.412520E-01
4.28894,13.5899,0.800571E-01
4.28955,13.5918,0.739883E-02
4.29016,13.5937,0.407988E-01
4.29077,13.5957,-0.482063E-01
4.29138,13.5976,-0.186231E-01
4.29199,13.5995,0.313336E-01
4.29260,13.6015,-0.872871E-01
4.29321,13.6034,-0.951924E-01
4.29382,13.6053,0.779580E-02
4.29443,13.6073,0.403283E-02
4.29504,13.6092,-0.641809E-02
4.29565,13.6111,0.986094E-01
4.29626,13.6131,-0.140115E-01
4.29688,13.6150,-0.489573E-01
4.29749,13.6169,0.133282
4.29810,13.6189,0.235227E-01
4.29871,13.6208,0.209992E-01
4.29932,13.6227,0.659850E-01
4.29993,13.6247,-0.665817E-03
4.30054,13.6266,0.752649E-01
4.30115,13.6285,-0.195139E-01
4.30176,13.6305,0.116806
4.30237,13.6324,-0.794734E-01
4.30298,13.6343,0.635154E-01
4.30359,13.6363,-0.630069E-01
4.30420,13.6382,-0.492315E-01
4.30481,13.6401,-0.688625E-01
4.30542,13.6421,-0.161778E-01
4.30603,13.6440,0.343941E-01
4.30664,13.6459,-0.246006E-03
4.30725,13.6479,0.112714E-02
4.30786,13.6498,-0.107726
4.30847,13.6517,0.837935E-02
4.30908,13.6537,0.171528
4.30969,13.6556,0.113275
4.31030,13.6575,0.977766E-02
4.31091,13.6595,0.102897E-01
4.31152,13.6614,0.941281E-01
4.31213,13.6633,-0.871657E-01
4.31274,13.6653,-0.212281E-01
4.31335,13.6672,0.332146E-02
4.31396,13.6691,0.523574E-01
4.31458,13.6711,-0.392949E-01
4.31519,13.6730,0.101390E-01
4.31580,13.6750,0.200694E-01
4.31641,13.6769,0.155576
4.31702,13.6788,-0.252719E-01
4.31763,13.6808,-0.333909E-01
4.31824,13.6827,-0.802867E-02
4.31885,13.6846,0.761768E-01
4.31946,13.6866,-0.171663E-01
4.32007,13.6885,0.304437E-01
4.32068,13.6904,-0.776810E-01
4.32129,13.6924,0.620485E-02
4.32190,13.6943,-0.867077E-01
4.32251,13.6962,0.112962E-02
4.32312,13.6982,0.133000
4.32373,13.7001,0.930180E-02
4.32434,13.7020,0.703311E-01
4.32495,13.7040,0.389470E-01
4.32556,13.7059,0.259302E-03
4.32617,13.7078,0.165988E-01
4.32678,13.7098,0.411871
4.32739,13.7117,0.915945E-01
4.32800,13.7136,0.206413
4.32861,13.7156,0.361591E-01
4.32922,13.7175,-0.148652
4.32983,13.7194,0.228130E-01
4.33044,13.7214,0.190764E-01
4.33105,13.7233,0.300061E-01
4.33167,13.7252,0.911654E-02
4.33228,13.7272,-0.958459E-03
4.33289,13.7291,-0.384086E-02
4.33350,13.7310,-0.395931E-01
4.33411,13.7330,-0.277543E-01
4.33472,13.7349,0.106981E-01
4.33533,13.7368,0.116049
4.33594,13.7388,-0.129730E-01
4.33655,13.7407,0.352080E-01
4.33716,13.7426,0.158256E-01
4.33777,13.7446,0.117239E-01
4.33838,13.7465,0.151226E-01
4.33899,13.7484,-0.468374E-01
4.33960,13.7504,0.288769E-01
4.34021,13.7523,0.107162
4.34082,13.7542,0.400565E-01
4.34143,13.7562,0.106598
4.34204,13.7581,-0.316821E-01
4.34265,13.7600,-0.101580
4.34326,13.7620,-0.687285E-01
4.34387,13.7639,-0.109303
4.34448,13.7658,0.234421E-01
4.34509,13.7678,0.221203E-03
4.34570,13.7697,-0.212153E-01
4.34631,13.7716,-0.114384
4.34692,13.7736,0.483782E-01
4.34753,13.7755,0.261215E-01
4.34814,13.7775,-0.483079E-01
4.34875,13.7794,0.305037E-02
4.34937,13.7813,0.182009E-01
4.34998,13.7833,0.930847E-02
4.35059,13.7852,0.246561E-01
4.35120,13.7871,0.222052E-01
4.35181,13.7891,-0.126181E-01
4.35242,13.7910,0.123494E-02
4.35303,13.7929,-0.754928E-01
4.35364,13.7949,0.105842E-01
4.35425,13.7968,-0.310846E-02
4.35486,13.7987,0.221658E-01
4.35547,13.8007,-0.152159
4.35608,13.8026,0.515515E-01
4.35669,13.8045,-0.801587E-01
4.35730,13.8065,-0.866349E-01
4.35791,13.8084,0.226029E-01
4.35852,13.8103,-0.904800E-01
4.35913,13.8123,0.260165E-01
4.35974,13.8142,-0.388699E-01
4.36035,13.8161,-0.196039E-01
4.36096,13.8181,0.921243E-01
4.36157,13.8200,-0.259749E-01
4.36218,13.8219,-0.630834E-01
4.36279,13.8239,0.110386
4.36340,13.8258,-0.255014E-01
4.36401,13.8277,-0.585687E-01
4.36462,13.8297,-0.150051
4.36523,13.8316,0.127894
4.36584,13.8335,0.678130E-01
4.36646,13.8355,-0.824154E-02
4.36707,13.8374,0.776709E-01
4.36768,13.8393,-0.233172E-01
4.36829,13.8413,-0.225518E-01
4.36890,13.8432,0.111703
4.36951,13.8451,-0.238503E-01
4.37012,13.8471,0.391695E-01
4.37073,13.8490,0.521421E-01
4.37134,13.8509,0.274198
4.37195,13.8529,0.581018E-01
4.37256,13.8548,0.421879E-01
4.37317,13.8567,-0.145274E-02
4.37378,13.8587,-0.162007E-01
4.37439,13.8606,0.956273E-02
4.37500,13.8625,-0.331735E-01
4.37561,13.8645,-0.174174E-03
4.37622,13.8664,-0.816348E-02
4.37683,13.8683,-0.273019E-01
4.37744,13.8703,0.481950E-01
4.37805,13.8722,0.479553E-01
4.37866,13.8741,0.642652E-02
4.37927,13.8761,0.658687E-02
4.37988,13.8780,0.258910E-01
4.38049,13.8800,-0.235593E-01
4.38110,13.8819,0.237889E-01
4.38171,13.8838,-0.406206E-03
4.38232,13.8858,-0.145503E-01
4.38293,13.8877,0.112422E-01
4.38354,13.8896,0.427008E-01
4.38416,13.8916,-0.480882E-01
4.38477,13.8935,0.110881E-02
4.38538,13.8954,-0.392156E-01
4.38599,13.8974,-0.152837
4.38660,13.8993,0.300878E-01
4.38721,13.9012,0.738017E-01
4.38782,13.9032,0.179823
4.38843,13.9051,0.142351E-01
4.38904,13.9070,0.901294E-01
4.38965,13.9090,0.812498E-01
4.39026,13.9109,0.246839E-01
4.39087,13.9128,-0.110686
4.39148,13.9148,0.543004E-01
4.39209,13.9167,0.482067E-01
4.39270,13.9186,0.866225E-01
4.39331,13.9206,0.461632E-02
4.39392,13.9225,0.171731E-02
4.39453,13.9244,0.683396E-01
4.39514,13.9264,0.994751E-01
4.39575,13.9283,0.764672E-02
4.39636,13.9302,0.579165E-01
4.39697,13.9322,0.136442E-01
4.39758,13.9341,-0.338759E-01
4.39819,13.9360,-0.191897E-02
4.39880,13.9380,0.218741E-01
4.39941,13.9399,-0.674674E-01
4.40002,13.9418,-0.385471E-01
4.40063,13.9438,0.358598E-01
4.40125,13.9457,-0.262085E-02
4.40186,13.9476,0.347968E-01
4.40247,13.9496,-0.114645E-01
4.40308,13.9515,-0.564180E-01
4.40369,13.9534,0.661673E-01
4.40430,13.9554,0.906854E-01
4.40491,13.9573,0.406770E-01
4.40552,13.9592,-0.540088E-01
4.40613,13.9612,0.253404E-01
4.40674,13.9631,-0.249817E-01
4.40735,13.9650,-0.232434E-01
4.40796,13.9670,0.200760
4.40857,13.9689,0.114808
4.40918,13.9708,-0.530351E-01
4.40979,13.9728,-0.353060
4.41040,13.9747,0.351891E-01
4.41101,13.9766,0.321462E-01
4.41162,13.9786,-0.137853E-01
4.41223,13.9805,0.310124E-01
4.41284,13.9824,-0.256292E-01
4.41345,13.9844,0.514432E-01
4.41406,13.9863,0.979789E-01
4.41467,13.9883,0.112844E-01
4.41528,13.9902,0.725940E-01
4.41589,13.9921,-0.365893E-01
4.41650,13.9941,0.293871E-02
4.41711,13.9960,-0.922561E-01
4.41772,13.9979,0.404920E-01
4.41833,13.9999,-0.101329E-01
4.41895,14.0018,0.233546
4.41956,14.0037,-0.455661E-01
4.42017,14.0057,0.115432
4.42078,14.0076,0.164713E-01
4.42139,14.0095,0.111661
4.42200,14.0115,-0.131934E-01
4.42261,14.0134,0.124746
4.42322,14.0153,-0.111947
4.42383,14.0173,0.516763E-01
4.42444,14.0192,-0.944096E-01
4.42505,14.0211,-0.938733E-01
4.42566,14.0231,0.122820
4.42627,14.0250,0.225154
4.42688,14.0269,-0.199000E-01
4.42749,14.0289,0.538055E-01
4.42810,14.0308,-0.455745E-01
4.42871,14.0327,0.222283
4.42932,14.0347,0.277343E-01
4.42993,14.0366,0.330991E-01
4.43054,14.0385,0.142916
4.43115,14.0405,-0.383105E-01
4.43176,14.0424,-0.112822
4.43237,14.0443,-0.678844E-02
4.43298,14.0463,-0.272718E-01
4.43359,14.0482,-0.825443E-01
4.43420,14.0501,-0.304429E-01
4.43481,14.0521,-0.567593E-02
4.43542,14.0540,0.419433E-01
4.43604,14.0559,-0.368075E-01
4.43665,14.0579,-0.664703E-01
4.43726,14.0598,-0.778707E-02
4.43787,14.0617,0.142774E-01
4.43848,14.0637,-0.471773E-01
4.43909,14.0656,0.134879E-01
4.43970,14.0675,0.165474
4.44031,14.0695,0.269566E-01
4.44092,14.0714,0.536579E-01
4.44153,14.0733,0.191420
4.44214,14.0753,0.106758
4.44275,14.0772,0.205442E-01
4.44336,14.0791,-0.689823E-01
4.44397,14.0811,0.583064E-04
4.44458,14.0830,0.127008E-01
4.44519,14.0849,0.131872
4.44580,14.0869,-0.653920E-01
4.44641,14.0888,-0.143428E-01
4.44702,14.0908,0.115534E-01
4.44763,14.0927,0.612643E-01
4.44824,14.0946,-0.619485E-01
4.44885,14.0966,-0.155680E-01
4.44946,14.0985,0.395963E-01
4.45007,14.1004,-0.557413E-01
4.45068,14.1024,0.512318E-01
4.45129,14.1043,-0.124386E-02
4.45190,14.1062,0.522645E-01
4.45251,14.1082,-0.287841E-01
4.45312,14.1101,0.293038E-01
4.45374,14.1120,0.165462E-01
4.45435,14.1140,0.407952E-01
4.45496,14.1159,-0.142643E-01
4.45557,14.1178,0.140194
4.45618,14.1198,0.774744E-02
4.45679,14.1217,0.351134E-02
4.45740,14.1236,0.102363E-01
4.45801,14.1256,-0.458161E-01
4.45862,14.1275,-0.401747E-01
4.45923,14.1294,-0.453166E-01
4.45984,14.1314,0.445723E-01
4.46045,14.1333,-0.627246E-01
4.46106,14.1352,-0.782642E-01
4.46167,14.1372,0.497999E-01
4.46228,14.1391,-0.191683E-01
4.46289,14.1410,-0.116792E-01
4.46350,14.1430,-0.307682E-01
4.46411,14.1449,0.125154
4.46472,14.1468,0.109762
4.46533,14.1488,0.293884E-01
4.46594,14.1507,0.699355E-01
4.46655,14.1526,0.179839E-01
4.46716,14.1546,-0.269089E-02
4.46777,14.1565,0.720358E-01
4.46838,14.1584,0.247874
4.46899,14.1604,0.202513
4.46960,14.1623,0.196918E-01
4.47021,14.1642,0.709537E-01
4.47083,14.1662,-0.101031
4.47144,14.1681,0.715980E-02
4.47205,14.1700,0.294274E-01
4.47266,14.1720,-0.249860E-01
4.47327,14.1739,-0.691202E-01
4.47388,14.1758,-0.659637E-01
4.47449,14.1778,0.400048E-01
4.47510,14.1797,0.510532E-01
4.47571,14.1816,0.452450E-01
4.47632,14.1836,-0.979912E-01
4.47693,14.1855,-0.400547E-01
4.47754,14.1874,0.987999E-02
4.47815,14.1894,-0.798062E-01
4.47876,14.1913,-0.612109E-01
4.47937,14.1932,0.408232E-01
4.47998,14.1952,0.487953E-01
4.48059,14.1971,-0.116304E-01
4.48120,14.1991,-0.400251E-01
4.48181,14.2010,-0.349829E-01
4.48242,14.2029,-0.877346E-01
4.48303,14.2049,0.125132E-01
4.48364,14.2068,-0.257833E-01
4.48425,14.2087,-0.929286E-01
4.48486,14.2107,-0.654069E-01
4.48547,14.2126,0.440926E-01
4.48608,14.2145,0.851140E-01
4.48669,14.2165,0.432255E-01
4.48730,14.2184,0.274404E-01
4.48792,14.2203,0.109588
4.48853,14.2223,0.828300E-02
4.48914,14.2242,0.317874E-01
4.48975,14.2261,-0.548639E-03
4.49036,14.2281,0.374237
4.49097,14.2300,-0.151861E-01
4.49158,14.2319,-0.108154
4.49219,14.2339,0.289106E-01
4.49280,14.2358,-0.268625E-01
4.49341,14.2377,0.467141E-01
4.49402,14.2397,-0.133164
4.49463,14.2416,0.320729E-02
4.49524,14.2435,-0.283541E-01
4.49585,14.2455,0.691569E-01
4.49646,14.2474,0.174751E-01
4.49707,14.2493,-0.304916E-01
4.49768,14.2513,-0.770871E-02
4.49829,14.2532,0.209923E-01
4.49890,14.2551,0.193415E-01
4.49951,14.2571,-0.101925
4.50012,14.2590,-0.393165E-01
4.50073,14.2609,-0.380737E-01
4.50134,14.2629,0.217343E-01
4.50195,14.2648,-0.898961E-01
4.50256,14.2667,0.113519E-01
4.50317,14.2687,0.111888E-01
4.50378,14.2706,-0.530830E-01
4.50439,14.2725,0.583035E-01
4.50500,14.2745,0.294882E-02
4.50562,14.2764,0.205348E-01
4.50623,14.2783,-0.168409E-01
4.50684,14.2803,0.875127E-01
4.50745,14.2822,-0.386622E-02
4.50806,14.2841,0.296759
4.50867,14.2861,-0.178396E-01
4.50928,14.2880,0.167675
4.50989,14.2899,0.193843E-01
4.51050,14.2919,0.154229
4.51111,14.2938,0.217520E-01
4.51172,14.2957,0.122692
4.51233,14.2977,-0.993685E-01
4.51294,14.2996,0.235253E-01
4.51355,14.3016,-0.162273E-01
4.51416,14.3035,0.266480E-01
4.51477,14.3054,-0.977938E-01
4.51538,14.3074,0.633109E-01
4.51599,14.3093,-0.175405E-01
4.51660,14.3112,0.310888E-01
4.51721,14.3132,-0.136092E-01
4.51782,14.3151,0.905902E-01
4.51843,14.3170,-0.174825E-01
4.51904,14.3190,0.263578E-01
4.51965,14.3209,-0.456157E-02
4.52026,14.3228,0.112777
4.52087,14.3248,-0.312173E-01
4.52148,14.3267,-0.426240E-01
4.52209,14.3286,-0.728986E-02
4.52271,14.3306,-0.748689E-02
4.52332,14.3325,-0.952574E-02
4.52393,14.3344,0.132414
4.52454,14.3364,-0.460563E-01
4.52515,14.3383,0.217579
4.52576,14.3402,-0.562523E-01
4.52637,14.3422,-0.416391E-01
4.52698,14.3441,0.420503E-01
4.52759,14.3460,0.452434E-01
4.52820,14.3480,0.341019E-01
4.52881,14.3499,0.334002E-01
4.52942,14.3518,0.239392E-01
4.53003,14.3538,0.252505E-01
4.53064,14.3557,0.737721E-01
4.53125,14.3576,0.184274E-01
4.53186,14.3596,0.796616E-01
4.53247,14.3615,-0.898720E-02
4.53308,14.3634,0.120640
4.53369,14.3654,-0.119940
4.53430,14.3673,-0.176583
4.53491,14.3692,-0.344894E-01
4.53552,14.3712,-0.289619E-02
4.53613,14.3731,0.108576
4.53674,14.3750,-0.322087E-01
4.53735,14.3770,-0.699129E-01
4.53796,14.3789,0.131932
4.53857,14.3808,-0.166894E-02
4.53918,14.3828,0.444757E-01
4.53979,14.3847,-0.353933E-03
4.54041,14.3866,-0.580875E-02
4.54102,14.3886,0.827986E-01
4.54163,14.3905,0.754206E-01
4.54224,14.3924,0.256668
4.54285,14.3944,-0.301830E-01
4.54346,14.3963,-0.277553E-01
4.54407,14.3982,0.244755
4.54468,14.4002,-0.120478E-01
4.54529,14.4021,0.979800E-01
4.54590,14.4041,-0.129532
4.54651,14.4060,0.234989E-01
4.54712,14.4079,0.100541
4.54773,14.4099,0.144858
4.54834,14.4118,-0.428498E-01
4.54895,14.4137,-0.101295
4.54956,14.4157,-0.194052E-01
4.55017,14.4176,0.177167E-01
4.55078,14.4195,0.711679E-01
4.55139,14.4215,-0.259539E-01
4.55200,14.4234,0.820086E-01
4.55261,14.4253,0.103499
4.55322,14.4273,0.808824E-01
4.55383,14.4292,-0.533764E-01
4.55444,14.4311,0.881058E-01
4.55505,14.4331,-0.411270E-01
4.55566,14.4350,-0.194190E-01
4.55627,14.4369,0.117435
4.55688,14.4389,0.924867E-01
4.55750,14.4408,0.908978E-01
4.55811,14.4427,0.887757E-02
4.55872,14.4447,0.145210
4.55933,14.4466,-0.167198E-01
4.55994,14.4485,-0.331157E-01
4.56055,14.4505,-0.597162E-01
4.56116,14.4524,-0.611945E-02
4.56177,14.4543,-0.344487E-01
4.56238,14.4563,-0.156517E-01
4.56299,14.4582,0.348460E-02
4.56360,14.4601,0.143469
4.56421,14.4621,-0.771700E-01
4.56482,14.4640,0.412325E-01
4.56543,14.4659,0.131154E-01
4.56604,14.4679,-0.980636E-01
4.56665,14.4698,0.131913E-01
4.56726,14.4717,0.952341E-01
4.56787,14.4737,-0.671323E-01
4.56848,14.4756,0.512930E-01
4.56909,14.4775,0.409621E-01
4.56970,14.4795,0.327874E-01
4.57031,14.4814,0.395646E-01
4.57092,14.4833,0.644992E-01
4.57153,14.4853,0.139361
4.57214,14.4872,0.783662E-01
4.57275,14.4891,-0.996012E-01
4.57336,14.4911,0.456432E-01
4.57397,14.4930,0.175741E-01
4.57458,14.4949,-0.121411
4.57520,14.4969,-0.631994E-01
4.57581,14.4988,-0.192637E-01
4.57642,14.5007,-0.167132
4.57703,14.5027,-0.209728E-01
4.57764,14.5046,0.233108E-01
4.57825,14.5065,0.738624E-02
4.57886,14.5085,0.151693
4.57947,14.5104,-0.322279E-01
4.58008,14.5124,0.455550E-01
4.58069,14.5143,0.513463E-01
4.58130,14.5162,-0.687876E-02
4.58191,14.5182,0.682089E-01
4.58252,14.5201,0.150288
4.58313,14.5220,0.138137E-01
4.58374,14.5240,0.342558E-01
4.58435,14.5259,0.543799E-01
4.58496,14.5278,0.305404E-01
4.58557,14.5298,0.220836
4.58618,14.5317,-0.981581E-01
4.58679,14.5336,-0.161391
4.58740,14.5356,-0.383479E-01
4.58801,14.5375,-0.840774E-02
4.58862,14.5394,0.400769E-01
4.58923,14.5414,0.256133E-01
4.58984,14.5433,-0.249373E-01
4.59045,14.5452,0.625532E-01
4.59106,14.5472,-0.134373E-01
4.59167,14.5491,-0.206094E-01
4.59229,14.5510,-0.675292E-01
4.59290,14.5530,0.351217E-01
4.59351,14.5549,0.120427
4.59412,14.5568,0.691331E-01
4.59473,14.5588,0.379283E-01
4.59534,14.5607,-0.422585E-02
4.59595,14.5626,0.206088E-01
4.59656,14.5646,0.110752
4.59717,14.5665,-0.193627E-01
4.59778,14.5684,-0.117381E-01
4.59839,14.5704,0.540516E-01
4.59900,14.5723,0.142969
4.59961,14.5742,0.273089E-01
4.60022,14.5762,0.621408E-02
4.60083,14.5781,-0.149846E-01
4.60144,14.5800,-0.380020
4.60205,14.5820,0.165971
4.60266,14.5839,0.645769E-01
4.60327,14.5858,-0.146786E-01
4.60388,14.5878,0.477483E-02
4.60449,14.5897,0.662083E-01
4.60510,14.5916,-0.835624E-02
4.60571,14.5936,-0.364560E-01
4.60632,14.5955,0.396622E-01
4.60693,14.5974,-0.265877E-02
4.60754,14.5994,0.184345
4.60815,14.6013,0.748491E-01
4.60876,14.6032,-0.198028E-01
4.60938,14.6052,-0.327942E-01
4.60999,14.6071,0.573672E-02
4.61060,14.6090,-0.916273E-03
4.61121,14.6110,-0.109165E-01
4.61182,14.6129,0.198272E-01
4.61243,14.6149,-0.584907E-02
4.61304,14.6168,0.518604E-01
4.61365,14.6187,0.131297E-01
4.61426,14.6207,-0.103446
4.61487,14.6226,0.912936E-01
4.61548,14.6245,0.414361E-01
4.61609,14.6265,0.585952E-02
4.61670,14.6284,0.267697E-01
4.61731,14.6303,-0.119198
4.61792,14.6323,-0.108882E-01
4.61853,14.6342,-0.696903E-02
4.61914,14.6361,0.119024
4.61975,14.6381,-0.118613
4.62036,14.6400,-0.112788
4.62097,14.6419,0.787233E-02
4.62158,14.6439,-0.877358E-01
4.62219,14.6458,0.480980E-01
4.62280,14.6477,-0.308298E-01
4.62341,14.6497,0.190518E-01
4.62402,14.6516,0.593370E-01
4.62463,14.6535,0.107613
4.62524,14.6555,0.917351E-02
4.62585,14.6574,0.736296E-02
4.62646,14.6593,-0.118097
4.62708,14.6613,0.447698E-01
4.62769,14.6632,0.101627
4.62830,14.6651,0.475784E-01
4.62891,14.6671,0.308354E-01
4.62952,14.6690,-0.256946E-01
4.63013,14.6709,0.308017E-01
4.63074,14.6729,-0.817949E-02
4.63135,14.6748,0.225375E-02
4.63196,14.6767,0.140757
4.63257,14.6787,0.229068E-01
4.63318,14.6806,-0.230069E-01
4.63379,14.6825,0.716447E-01
4.63440,14.6845,-0.492241E-02
4.63501,14.6864,-0.304872E-02
4.63562,14.6883,-0.101056
4.63623,14.6903,0.861966E-02
4.63684,14.6922,0.536694E-01
4.63745,14.6941,0.618857E-02
4.63806,14.6961,-0.521260E-02
4.63867,14.6980,0.383459E-01
4.63928,14.6999,-0.505048E-01
4.63989,14.7019,0.199663
4.64050,14.7038,0.716508E-02
4.64111,14.7057,0.685837E-01
4.64172,14.7077,-0.177128E-01
4.64233,14.7096,-0.333570E-01
4.64294,14.7115,-0.344605E-01
4.64355,14.7135,0.278841E-01
4.64417,14.7154,0.672330E-01
4.64478,14.7174,0.147701
4.64539,14.7193,0.186475
4.64600,14.7212,-0.140483E-01
4.64661,14.7232,0.105803
4.64722,14.7251,0.201360
4.64783,14.7270,0.569440E-01
4.64844,14.7290,0.321196E-01
4.64905,14.7309,0.146314
4.64966,14.7328,0.250780E-02
4.65027,14.7348,-0.548800E-01
4.65088,14.7367,-0.119222
4.65149,14.7386,0.880630E-01
4.65210,14.7406,-0.207913E-03
4.65271,14.7425,0.161864
4.65332,14.7444,0.145454E-01
4.65393,14.7464,-0.603621E-01
4.65454,14.7483,0.377888
4.65515,14.7502,0.740898E-01
4.65576,14.7522,-0.739732E-01
4.65637,14.7541,-0.133959E-02
4.65698,14.7560,0.342612E-02
4.65759,14.7580,-0.654508E-01
4.65820,14.7599,-0.206288E-01
4.65881,14.7618,0.215248
4.65942,14.7638,-0.286276E-02
4.66003,14.7657,-0.108444
4.66064,14.7676,-0.745764E-02
4.66125,14.7696,0.498870E-01
4.66187,14.7715,-0.523031E-02
4.66248,14.7734,0.114038E-01
4.66309,14.7754,0.365136E-01
4.66370,14.7773,-0.119895
4.66431,14.7792,-0.509956E-01
4.66492,14.7812,0.120229
4.66553,14.7831,-0.924760E-01
4.66614,14.7850,0.566059E-01
4.66675,14.7870,0.233149E-01
4.66736,14.7889,-0.993124E-01
4.66797,14.7908,0.521861E-02
4.66858,14.7928,-0.125545
4.66919,14.7947,-0.189328E-01
4.66980,14.7966,0.121190E-01
4.67041,14.7986,-0.228328E-01
4.67102,14.8005,0.403620E-02
4.67163,14.8024,-0.315621E-02
4.67224,14.8044,-0.345874E-01
4.67285,14.8063,0.504228E-01
4.67346,14.8082,0.115606
4.67407,14.8102,-0.174774
4.67468,14.8121,-0.525234E-01
4.67529,14.8140,0.739959E-03
4.67590,14.8160,0.813618E-01
4.67651,14.8179,0.256472E-01
4.67712,14.8198,-0.585554E-01
4.67773,14.8218,0.319963E-01
4.67834,14.8237,0.167190E-01
4.67896,14.8257,0.727526E-03
4.67957,14.8276,0.656770E-01
4.68018,14.8295,0.615149E-01
4.68079,14.8315,-0.132535E-02
4.68140,14.8334,-0.266945E-01
4.68201,14.8353,-0.158629
4.68262,14.8373,-0.952029E-01
4.68323,14.8392,0.376744E-01
4.68384,14.8411,-0.211502
4.68445,14.8431,0.183037E-02
4.68506,14.8450,0.565252E-02
4.68567,14.8469,0.510565E-02
4.68628,14.8489,0.123270
4.68689,14.8508,-0.953021E-02
4.68750,14.8527,0.244445
4.68811,14.8547,0.123791E-01
4.68872,14.8566,-0.230458
4.68933,14.8585,0.372079E-01
4.68994,14.8605,0.197217E-01
4.69055,14.8624,0.681886E-01
4.69116,14.8643,-0.524113E-01
4.69177,14.8663,0.596767E-01
4.69238,14.8682,-0.265835E-01
4.69299,14.8701,0.442462E-01
4.69360,14.8721,-0.765559E-01
4.69421,14.8740,0.121389E-01
4.69482,14.8759,0.171957
4.69543,14.8779,0.782346E-01
4.69604,14.8798,-0.452398E-01
4.69666,14.8817,0.227437E-01
4.69727,14.8837,-0.157364E-01
4.69788,14.8856,-0.779192E-01
4.69849,14.8875,0.228382E-01
4.69910,14.8895,-0.426614E-01
4.69971,14.8914,0.315674E-01
4.70032,14.8933,0.288006
4.70093,14.8953,0.575831E-01
4.70154,14.8972,0.374636E-02
4.70215,14.8991,0.460308E-01
4.70276,14.9011,0.213934
4.70337,14.9030,0.675946E-01
4.70398,14.9049,0.113505E-01
4.70459,14.9069,-0.540851E-01
4.70520,14.9088,0.667642E-01
4.70581,14.9107,0.621043E-02
4.70642,14.9127,0.310668E-01
4.70703,14.9146,-0.165071E-01
4.70764,14.9165,-0.501759E-01
4.70825,14.9185,0.790902E-01
4.70886,14.9204,0.166814E-01
4.70947,14.9223,0.432814E-01
4.71008,14.9243,-0.272532E-01
4.71069,14.9262,0.328111E-01
4.71130,14.9282,-0.562599E-01
4.71191,14.9301,0.138412
4.71252,14.9320,0.750551E-01
4.71313,14.9340,0.155547
4.71375,14.9359,-0.103545E-01
4.71436,14.9378,-0.520050E-01
4.71497,14.9398,0.974247E-01
4.71558,14.9417,0.619911E-01
4.71619,14.9436,-0.773767E-03
4.71680,14.9456,-0.602365E-02
4.71741,14.9475,-0.544477E-02
4.71802,14.9494,-0.795538E-02
4.71863,14.9514,-0.221955E-01
4.71924,14.9533,-0.579039E-01
4.71985,14.9552,-0.108393
4.72046,14.9572,0.163871E-02
4.72107,14.9591,-0.634908E-02
4.72168,14.9610,0.332071E-01
4.72229,14.9630,-0.123941
4.72290,14.9649,-0.330439E-01
4.72351,14.9668,0.445235E-01
4.72412,14.9688,-0.745969E-01
4.72473,14.9707,0.165197E-03
4.72534,14.9726,-0.229790E-01
4.72595,14.9746,0.277575E-01
4.72656,14.9765,-0.438255E-02
4.72717,14.9784,0.328930E-02
4.72778,14.9804,0.278246E-01
4.72839,14.9823,0.988844E-01
4.72900,14.9842,0.144337
4.72961,14.9862,0.265813E-02
4.73022,14.9881,0.322074E-01
4.73083,14.9900,0.268212E-01
4.73145,14.9920,-0.259036E-01
4.73206,14.9939,0.155360E-01
4.73267,14.9958,-0.299927E-01
4.73328,14.9978,0.404807E-02
4.73389,14.9997,-0.476564E-01
4.73450,15.0016,0.437474E-01
4.73511,15.0036,0.106410
4.73572,15.0055,0.202546E-01
4.73633,15.0074,0.179243E-01
4.73694,15.0094,-0.367063E-01
4.73755,15.0113,-0.352658E-01
4.73816,15.0132,0.319532E-01
4.73877,15.0152,0.124560
4.73938,15.0171,0.448587E-01
4.73999,15.0190,0.102864
4.74060,15.0210,0.479161E-01
4.74121,15.0229,0.102705E-01
4.74182,15.0248,0.721921E-01
4.74243,15.0268,0.583839E-01
4.74304,15.0287,0.382145E-02
4.74365,15.0306,0.241869
4.74426,15.0326,-0.162392
4.74487,15.0345,-0.404013E-01
4.74548,15.0365,0.247026E-01
4.74609,15.0384,-0.233948E-01
4.74670,15.0403,-0.215209E-01
4.74731,15.0423,-0.135858E-01
4.74792,15.0442,0.133101
4.74854,15.0461,0.442108E-01
4.74915,15.0481,0.331214E-02
4.74976,15.0500,0.455925E-01
4.75037,15.0519,0.183571
4.75098,15.0539,-0.128680E-01
4.75159,15.0558,0.336488E-01
4.75220,15.0577,-0.905419E-01
4.75281,15.0597,-0.137884E-01
4.75342,15.0616,-0.238656E-01
4.75403,15.0635,0.222319E-01
4.75464,15.0655,0.708982E-01
4.75525,15.0674,-0.430085E-01
4.75586,15.0693,-0.386726E-01
4.75647,15.0713,-0.438334E-01
4.75708,15.0732,-0.124193
4.75769,15.0751,-0.226029E-01
4.75830,15.0771,0.160377E-01
4.75891,15.0790,0.775234E-02
4.75952,15.0809,-0.307986E-01
4.76013,15.0829,-0.254878E-02
4.76074,15.0848,-0.983313E-01
4.76135,15.0867,-0.427027E-01
4.76196,15.0887,0.111730E-01
4.76257,15.0906,0.100056
4.76318,15.0925,-0.145035E-01
4.76379,15.0945,0.576712E-01
4.76440,15.0964,-0.218159E-02
4.76501,15.0983,0.803769E-01
4.76562,15.1003,-0.407377E-01
4.76624,15.1022,-0.247074E-02
4.76685,15.1041,-0.113526E-01
4.76746,15.1061,0.382023E-01
4.76807,15.1080,-0.883549E-01
4.76868,15.1099,0.145191
4.76929,15.1119,-0.736500E-01
4.76990,15.1138,0.969910E-02
4.77051,15.1157,0.576989E-01
4.77112,15.1177,0.200076E-01
4.77173,15.1196,0.214607
4.77234,15.1215,0.123106E-01
4.77295,15.1235,0.135364
4.77356,15.1254,0.293722E-01
4.77417,15.1273,0.565323E-01
4.77478,15.1293,-0.696190E-03
4.77539,15.1312,0.845658E-02
4.77600,15.1331,0.127474
4.77661,15.1351,0.983446E-01
4.77722,15.1370,0.296746E-02
4.77783,15.1390,-0.367015E-01
4.77844,15.1409,0.433784E-01
4.77905,15.1428,0.237805
4.77966,15.1448,0.116904
4.78027,15.1467,0.100330
4.78088,15.1486,-0.142370
4.78149,15.1506,0.312882E-01
4.78210,15.1525,-0.519386E-01
4.78271,15.1544,-0.584986E-01
4.78333,15.1564,-0.184104E-01
4.78394,15.1583,0.471477E-01
4.78455,15.1602,0.636756E-01
4.78516,15.1622,0.473645E-02
4.78577,15.1641,0.131130E-01
4.78638,15.1660,0.664558E-01
4.78699,15.1680,0.279630E-01
4.78760,15.1699,-0.875733E-02
4.78821,15.1718,-0.206230E-02
4.78882,15.1738,-0.867813E-01
4.78943,15.1757,0.394263E-01
4.79004,15.1776,-0.955097E-02
4.79065,15.1796,-0.929973E-01
4.79126,15.1815,-0.135345
4.79187,15.1834,0.188752E-01
4.79248,15.1854,-0.205379E-01
4.79309,15.1873,-0.179967
4.79370,15.1892,-0.358399E-01
4.79431,15.1912,0.183285
4.79492,15.1931,-0.384940E-01
4.79553,15.1950,-0.113865E-01
4.79614,15.1970,0.112637E-01
4.79675,15.1989,0.930674E-01
4.79736,15.2008,0.608891E-01
4.79797,15.2028,0.492006E-02
4.79858,15.2047,0.533914E-01
4.79919,15.2066,0.732276E-01
4.79980,15.2086,0.522761E-01
4.80042,15.2105,0.416859E-01
4.80103,15.2124,-0.689065E-01
4.80164,15.2144,-0.342467E-01
4.80225,15.2163,-0.902254E-01
4.80286,15.2182,0.871234E-01
4.80347,15.2202,-0.373651E-01
4.80408,15.2221,-0.895015E-01
4.80469,15.2240,0.157229E-01
4.80530,15.2260,0.738540E-01
4.80591,15.2279,0.321256
4.80652,15.2298,-0.120655
4.80713,15.2318,0.128691
4.80774,15.2337,0.320854E-01
4.80835,15.2356,0.405462E-01
4.80896,15.2376,-0.112204E-01
4.80957,15.2395,0.117817
4.81018,15.2415,-0.199370E-01
4.81079,15.2434,-0.389815E-02
4.81140,15.2453,0.108272E-01
4.81201,15.2473,0.454273E-01
4.81262,15.2492,-0.372998E-01
4.81323,15.2511,0.229343
4.81384,15.2531,0.933430E-01
4.81445,15.2550,0.281676E-01
4.81506,15.2569,0.399735
4.81567,15.2589,0.131631
4.81628,15.2608,0.728914E-01
4.81689,15.2627,0.225730E-01
4.81750,15.2647,0.383903E-01
4.81812,15.2666,0.124607
4.81873,15.2685,-0.443494E-01
4.81934,15.2705,-0.188038E-02
4.81995,15.2724,0.987732E-01
4.82056,15.2743,0.799980E-02
4.82117,15.2763,0.157544
4.82178,15.2782,0.248495E-01
4.82239,15.2801,-0.485652E-01
4.82300,15.2821,0.143228
4.82361,15.2840,0.125098
4.82422,15.2859,-0.117392
4.82483,15.2879,0.483555E-01
4.82544,15.2898,0.304173E-01
4.82605,15.2917,0.218988
4.82666,15.2937,-0.801535E-01
4.82727,15.2956,-0.237588E-01
4.82788,15.2975,0.296664
4.82849,15.2995,-0.646335E-01
4.82910,15.3014,0.158136
4.82971,15.3033,0.364147E-02
4.83032,15.3053,0.115662E-01
4.83093,15.3072,-0.627405E-01
4.83154,15.3091,-0.291058E-03
4.83215,15.3111,0.248834E-01
4.83276,15.3130,0.202063
4.83337,15.3149,0.643484E-01
4.83398,15.3169,0.474446E-01
4.83459,15.3188,-0.347323E-01
4.83521,15.3207,0.144744
4.83582,15.3227,0.384538E-01
4.83643,15.3246,0.361120E-01
4.83704,15.3265,0.540527E-02
4.83765,15.3285,-0.170983E-01
4.83826,15.3304,-0.114267
4.83887,15.3323,-0.533330E-01
4.83948,15.3343,0.304776E-01
4.84009,15.3362,0.714368E-02
4.84070,15.3381,0.120451
4.84131,15.3401,0.125969
4.84192,15.3420,0.623599E-01
4.84253,15.3439,-0.726637E-02
4.84314,15.3459,-0.912230E-01
4.84375,15.3478,-0.486028E-01
4.84436,15.3498,0.577727E-03
4.84497,15.3517,0.393168E-01
4.84558,15.3536,0.138399
4.84619,15.3556,0.800540E-02
4.84680,15.3575,0.444157E-02
4.84741,15.3594,-0.368921E-01
4.84802,15.3614,0.125047E-01
4.84863,15.3633,-0.247467E-01
4.84924,15.3652,-0.114074
4.84985,15.3672,-0.954492E-02
4.85046,15.3691,0.155555
4.85107,15.3710,-0.173968E-01
4.85168,15.3730,0.381413E-01
4.85229,15.3749,-0.196678E-01
4.85291,15.3768,0.167088
4.85352,15.3788,-0.965450E-01
4.85413,15.3807,-0.188744
4.85474,15.3826,0.248777
4.85535,15.3846,-0.697744E-01
4.85596,15.3865,0.628832E-01
4.85657,15.3884,0.639256E-01
4.85718,15.3904,0.105471
4.85779,15.3923,-0.189836E-01
4.85840,15.3942,-0.150576E-01
4.85901,15.3962,0.124502E-01
4.85962,15.3981,0.491452E-01
4.86023,15.4000,0.642042E-01
4.86084,15.4020,0.879086E-02
4.86145,15.4039,0.671181E-02
4.86206,15.4058,0.989393E-02
4.86267,15.4078,0.133455
4.86328,15.4097,-0.537470E-02
4.86389,15.4116,-0.366520E-01
4.86450,15.4136,-0.498386E-01
4.86511,15.4155,0.236446
4.86572,15.4174,0.355160E-01
4.86633,15.4194,0.168916
4.86694,15.4213,-0.101618
4.86755,15.4232,-0.643157E-03
4.86816,15.4252,-0.219284
4.86877,15.4271,-0.118838
4.86938,15.4290,-0.800727E-01
4.87000,15.4310,-0.599991E-01
4.87061,15.4329,0.962368E-01
4.87122,15.4348,-0.230795E-01
4.87183,15.4368,0.263264E-01
4.87244,15.4387,0.212533E-03
4.87305,15.4406,0.764735E-01
4.87366,15.4426,0.858979E-01
4.87427,15.4445,0.121524E-01
4.87488,15.4464,-0.411338E-01
4.87549,15.4484,0.271097
4.87610,15.4503,-0.747651E-02
4.87671,15.4523,0.186524E-01
4.87732,15.4542,0.797070E-01
4.87793,15.4561,-0.234842E-01
4.87854,15.4581,0.672744E-02
4.87915,15.4600,-0.443588E-01
4.87976,15.4619,0.634863E-01
4.88037,15.4639,-0.772736E-02
4.88098,15.4658,-0.252470E-01
4.88159,15.4677,-0.734191E-01
4.88220,15.4697,-0.376686E-01
4.88281,15.4716,-0.426951E-01
4.88342,15.4735,-0.640734E-01
4.88403,15.4755,0.106023
4.88464,15.4774,0.460732E-01
4.88525,15.4793,-0.283157E-01
4.88586,15.4813,0.342505E-01
4.88647,15.4832,0.160103E-02
4.88708,15.4851,0.359419E-01
4.88770,15.4871,0.112111
4.88831,15.4890,-0.617563E-02
4.88892,15.4909,-0.590942E-01
4.88953,15.4929,0.102063E-01
4.89014,15.4948,0.276566E-01
4.89075,15.4967,-0.733177E-01
4.89136,15.4987,-0.261484E-01
4.89197,15.5006,-0.241705E-02
4.89258,15.5025,0.102793
4.89319,15.5045,0.816017E-02
4.89380,15.5064,0.592088E-02
4.89441,15.5083,-0.125610
4.89502,15.5103,-0.124232
4.89563,15.5122,0.520010E-01
4.89624,15.5141,0.678332E-01
4.89685,15.5161,0.187798
4.89746,15.5180,-0.257578
4.89807,15.5199,0.472900E-01
4.89868,15.5219,0.493885E-01
4.89929,15.5238,0.666043E-02
4.89990,15.5257,-0.265332
4.90051,15.5277,-0.167948E-01
4.90112,15.5296,0.124324E-02
4.90173,15.5315,-0.449022E-01
4.90234,15.5335,0.125406
4.90295,15.5354,-0.271347E-01
4.90356,15.5373,0.424668E-01
4.90417,15.5393,-0.220881E-01
4.90479,15.5412,0.698864E-01
4.90540,15.5431,-0.275366E-01
4.90601,15.5451,-0.195450E-01
4.90662,15.5470,0.122066E-02
4.90723,15.5489,-0.204603E-01
4.90784,15.5509,0.245729E-01
4.90845,15.5528,-0.288812E-01
4.90906,15.5547,0.441613E-02
4.90967,15.5567,-0.256691E-01
4.91028,15.5586,0.271779E-01
4.91089,15.5606,-0.355359E-01
4.91150,15.5625,0.941295E-01
4.91211,15.5644,-0.152037E-01
4.91272,15.5664,0.130974
4.91333,15.5683,0.669885E-01
4.91394,15.5702,0.145288E-01
4.91455,15.5722,0.125558
4.91516,15.5741,-0.108077
4.91577,15.5760,-0.149937E-01
4.91638,15.5780,0.708533E-02
4.91699,15.5799,0.394749E-01
4.91760,15.5818,-0.125066E-01
4.91821,15.5838,0.465007E-01
4.91882,15.5857,-0.732996E-01
4.91943,15.5876,0.300706E-01
4.92004,15.5896,-0.358780E-02
4.92065,15.5915,-0.239181E-01
4.92126,15.5934,0.297211E-01
4.92188,15.5954,0.288695
4.92249,15.5973,0.129157
4.92310,15.5992,0.172307E-01
4.92371,15.6012,0.123070
4.92432,15.6031,0.140488
4.92493,15.6050,-0.203649
4.92554,15.6070,0.273796E-01
4.92615,15.6089,0.144941
4.92676,15.6108,-0.384482E-02
4.92737,15.6128,0.768680E-02
4.92798,15.6147,0.210980E-01
4.92859,15.6166,-0.636984E-02
4.92920,15.6186,0.318430E-01
4.92981,15.6205,-0.525162E-01
4.93042,15.6224,0.756914E-01
4.93103,15.6244,0.647407E-01
4.93164,15.6263,-0.328088E-01
4.93225,15.6282,0.270532E-02
4.93286,15.6302,-0.264267E-01
4.93347,15.6321,0.169930
4.93408,15.6340,0.167341E-01
4.93469,15.6360,0.131031E-01
4.93530,15.6379,0.535388E-01
4.93591,15.6398,0.154374E-01
4.93652,15.6418,-0.116961E-01
4.93713,15.6437,-0.629660E-02
4.93774,15.6456,0.117505
4.93835,15.6476,0.269723
4.93896,15.6495,0.779267E-01
4.93958,15.6514,0.792701E-01
4.94019,15.6534,0.283461E-01
4.94080,15.6553,-0.123147
4.94141,15.6572,-0.159205
4.94202,15.6592,0.138656E-01
4.94263,15.6611,-0.108215
4.94324,15.6631,-0.117976
4.94385,15.6650,0.857895E-01
4.94446,15.6669,0.888300E-02
4.94507,15.6689,0.105355E-01
4.94568,15.6708,-0.139842
4.94629,15.6727,0.585397E-01
4.94690,15.6747,-0.326909E-01
4.94751,15.6766,0.643823E-02
4.94812,15.6785,0.288428E-01
4.94873,15.6805,0.443420E-01
4.94934,15.6824,-0.164116E-01
4.94995,15.6843,0.599598E-01
4.95056,15.6863,0.725398E-01
4.95117,15.6882,-0.874074E-01
4.95178,15.6901,-0.678483E-01
4.95239,15.6921,0.453977E-02
4.95300,15.6940,-0.806118E-01
4.95361,15.6959,-0.439528E-01
4.95422,15.6979,0.126170E-01
4.95483,15.6998,-0.983324E-02
4.95544,15.7017,0.338843E-01
4.95605,15.7037,0.605896E-01
4.95667,15.7056,-0.509075E-01
4.95728,15.7075,0.125645E-01
4.95789,15.7095,0.151009
4.95850,15.7114,0.948350E-02
4.95911,15.7133,0.567839E-01
4.95972,15.7153,-0.213791E-01
4.96033,15.7172,-0.444059E-01
4.96094,15.7191,0.538842E-01
4.96155,15.7211,0.229335
4.96216,15.7230,0.110449
4.96277,15.7249,0.276310
4.96338,15.7269,0.936253E-01
4.96399,15.7288,0.514346E-01
4.96460,15.7307,0.309560
4.96521,15.7327,0.408334E-01
4.96582,15.7346,0.116103
4.96643,15.7365,0.109166E-01
4.96704,15.7385,0.342669E-01
4.96765,15.7404,0.705494E-02
4.96826,15.7423,-0.906287E-02
4.96887,15.7443,0.154691E-01
4.96948,15.7462,0.910121E-01
4.97009,15.7481,-0.596008E-01
4.97070,15.7501,0.408853E-01
4.97131,15.7520,-0.165281E-01
4.97192,15.7539,0.427905E-01
4.97253,15.7559,0.590765E-01
4.97314,15.7578,-0.221076E-01
4.97375,15.7597,0.765094E-01
4.97437,15.7617,-0.508448E-01
4.97498,15.7636,-0.259873E-02
4.97559,15.7656,0.170785E-01
4.97620,15.7675,0.112448
4.97681,15.7694,0.189388
4.97742,15.7714,0.480490E-01
4.97803,15.7733,-0.720255E-01
4.97864,15.7752,-0.979734E-01
4.97925,15.7772,0.611573E-02
4.97986,15.7791,0.137144E-01
4.98047,15.7810,-0.473033E-01
4.98108,15.7830,0.387592E-01
4.98169,15.7849,-0.251413E-01
4.98230,15.7868,-0.367803E-02
4.98291,15.7888,0.923479E-01
4.98352,15.7907,0.158940E-01
4.98413,15.7926,-0.100362
4.98474,15.7946,0.147114
4.98535,15.7965,0.432342E-01
4.98596,15.7984,-0.557011E-01
4.98657,15.8004,-0.454474E-01
4.98718,15.8023,-0.311695E-01
4.98779,15.8042,-0.682519E-02
4.98840,15.8062,0.210322E-01
4.98901,15.8081,0.286439
4.98962,15.8100,-0.317778E-01
4.99023,15.8120,0.196923E-01
4.99084,15.8139,-0.238969E-01
4.99146,15.8158,0.207865E-01
4.99207,15.8178,-0.352048E-02
4.99268,15.8197,0.172204E-01
4.99329,15.8216,0.387422E-01
4.99390,15.8236,-0.199548E-01
4.99451,15.8255,-0.463645E-01
4.99512,15.8274,0.161976
4.99573,15.8294,-0.565765E-01
4.99634,15.8313,-0.516138E-01
4.99695,15.8332,0.704363E-01
4.99756,15.8352,-0.807716E-02
4.99817,15.8371,0.115301
4.99878,15.8390,0.701192E-01
4.99939,15.8410,0.132101
5.00000,15.8429,0.825523E-01
