Full_(co)spectra
----------------
natural_frequency_[Hz]_->_from_[1/_averaging_interval]_to_[acquisition_frequency_/_2]
normalized_frequency_[#]->_natural_frequency_*_measuring_height_/_wind_speed
y-axis_->_natural_frequency_*_(co)spectrum_/_(co)variance
acquisition_frequency_[Hz]_=_ 10.000
measuring_height_(z-d)_[m]_=_  3.990
wind_speed_[m+1s-1]_=_  0.059
averaging_interval_[min]_=_     30
tapering_window_=_SQUARED_(no_tapering_forced_by_EddyPro._Tapering_is_only_applied_for_binned_(co)spectra)
,,cov(w_ts)
,,-3.3283375477231636E-004
natural_frequency,normalized_frequency,f_nat*cospec(w_ts)
0.610352E-03,0.411095E-01,0.627289
0.122070E-02,0.822189E-01,1.57510
0.183105E-02,0.123328,0.820445
0.244141E-02,0.164438,0.966801
0.305176E-02,0.205547,-0.692505
0.366211E-02,0.246657,-0.180252
0.427246E-02,0.287766,-0.151242E-01
0.488281E-02,0.328876,-0.318108
0.549316E-02,0.369985,-0.566890
0.610352E-02,0.411095,0.113003
0.671387E-02,0.452204,0.531285E-01
0.732422E-02,0.493313,0.244710E-01
0.793457E-02,0.534423,0.792579E-01
0.854492E-02,0.575532,0.573668
0.915527E-02,0.616642,0.222931
0.976562E-02,0.657751,-0.327989
0.103760E-01,0.698861,-0.731929
0.109863E-01,0.739970,-0.418503
0.115967E-01,0.781080,-0.299731E-02
0.122070E-01,0.822189,0.510359
0.128174E-01,0.863299,0.226814
0.134277E-01,0.904408,0.662571E-02
0.140381E-01,0.945518,-0.342869E-01
0.146484E-01,0.986627,0.336591
0.152588E-01,1.02774,-0.918327E-01
0.158691E-01,1.06885,0.697189E-01
0.164795E-01,1.10996,-0.326834
0.170898E-01,1.15106,0.445091E-01
0.177002E-01,1.19217,-1.59508
0.183105E-01,1.23328,-0.306396E-02
0.189209E-01,1.27439,-0.129739E-02
0.195312E-01,1.31550,0.458208
0.201416E-01,1.35661,0.191969
0.207520E-01,1.39772,-0.537969E-01
0.213623E-01,1.43883,0.164502
0.219727E-01,1.47994,-0.517791E-01
0.225830E-01,1.52105,0.473772
0.231934E-01,1.56216,0.299734
0.238037E-01,1.60327,-0.507410
0.244141E-01,1.64438,-0.135992
0.250244E-01,1.68549,-0.777225
0.256348E-01,1.72660,-1.02521
0.262451E-01,1.76771,0.213666
0.268555E-01,1.80882,0.453458
0.274658E-01,1.84993,-0.390573
0.280762E-01,1.89104,-0.276854
0.286865E-01,1.93214,-0.319655E-01
0.292969E-01,1.97325,-0.791169
0.299072E-01,2.01436,-0.562825
0.305176E-01,2.05547,-0.442016
0.311279E-01,2.09658,0.262914
0.317383E-01,2.13769,0.559685E-02
0.323486E-01,2.17880,-0.622508E-01
0.329590E-01,2.21991,0.189654
0.335693E-01,2.26102,-0.317793
0.341797E-01,2.30213,-1.08548
0.347900E-01,2.34324,-0.739969E-01
0.354004E-01,2.38435,-0.158330
0.360107E-01,2.42546,-2.69232
0.366211E-01,2.46657,-0.763816E-01
0.372314E-01,2.50768,-1.00452
0.378418E-01,2.54879,0.708827
0.384521E-01,2.58990,-0.732346
0.390625E-01,2.63101,0.587255
0.396729E-01,2.67211,-0.896805E-01
0.402832E-01,2.71322,0.282463
0.408936E-01,2.75433,-0.511055
0.415039E-01,2.79544,0.969565E-01
0.421143E-01,2.83655,-0.427200
0.427246E-01,2.87766,0.257972
0.433350E-01,2.91877,0.955965E-01
0.439453E-01,2.95988,-0.551945
0.445557E-01,3.00099,0.464434E-01
0.451660E-01,3.04210,-0.262748E-01
0.457764E-01,3.08321,-0.802696E-01
0.463867E-01,3.12432,-0.359883
0.469971E-01,3.16543,0.104970
0.476074E-01,3.20654,-0.549398
0.482178E-01,3.24765,-0.584081
0.488281E-01,3.28876,0.153852E-02
0.494385E-01,3.32987,-1.84808
0.500488E-01,3.37098,-0.674647E-01
0.506592E-01,3.41209,-0.942577E-01
0.512695E-01,3.45319,-0.350004E-01
0.518799E-01,3.49430,-0.153872
0.524902E-01,3.53541,-0.157239
0.531006E-01,3.57652,0.164244
0.537109E-01,3.61763,-0.315845
0.543213E-01,3.65874,0.425522E-01
0.549316E-01,3.69985,0.159884
0.555420E-01,3.74096,-0.211099
0.561523E-01,3.78207,-0.167528
0.567627E-01,3.82318,-0.269052
0.573730E-01,3.86429,-0.554298
0.579834E-01,3.90540,-1.51168
0.585938E-01,3.94651,-0.433321
0.592041E-01,3.98762,-0.436879
0.598145E-01,4.02873,-1.72655
0.604248E-01,4.06984,0.255201
0.610352E-01,4.11095,-0.441510
0.616455E-01,4.15206,-0.200506
0.622559E-01,4.19316,0.388153
0.628662E-01,4.23427,-1.14334
0.634766E-01,4.27538,-0.434841
0.640869E-01,4.31649,-0.464752E-02
0.646973E-01,4.35760,-0.746613
0.653076E-01,4.39871,-0.210143
0.659180E-01,4.43982,-1.02242
0.665283E-01,4.48093,-0.189821
0.671387E-01,4.52204,-0.398195E-01
0.677490E-01,4.56315,-0.464113E-01
0.683594E-01,4.60426,-0.254160
0.689697E-01,4.64537,-0.509539
0.695801E-01,4.68648,0.115655
0.701904E-01,4.72759,-0.884178
0.708008E-01,4.76870,-0.682576
0.714111E-01,4.80981,-0.198337E-01
0.720215E-01,4.85092,-0.950887
0.726318E-01,4.89203,-1.22143
0.732422E-01,4.93313,-0.372333
0.738525E-01,4.97424,-0.169314
0.744629E-01,5.01535,-1.62751
0.750732E-01,5.05646,0.294440
0.756836E-01,5.09757,-1.92025
0.762939E-01,5.13868,0.691799
0.769043E-01,5.17979,0.358079E-02
0.775146E-01,5.22090,-0.116071
0.781250E-01,5.26201,-0.522732
0.787354E-01,5.30312,0.857680E-01
0.793457E-01,5.34423,-0.898093E-02
0.799561E-01,5.38534,-0.265039
0.805664E-01,5.42645,-0.149274
0.811768E-01,5.46756,0.233085
0.817871E-01,5.50867,-0.423219
0.823975E-01,5.54978,-0.630559
0.830078E-01,5.59089,-0.434192
0.836182E-01,5.63200,-0.219097
0.842285E-01,5.67311,-0.226721
0.848389E-01,5.71421,0.602884
0.854492E-01,5.75532,-1.32746
0.860596E-01,5.79643,0.761176
0.866699E-01,5.83754,0.694112E-01
0.872803E-01,5.87865,-0.361518
0.878906E-01,5.91976,0.623495
0.885010E-01,5.96087,-0.751970E-01
0.891113E-01,6.00198,-0.203017
0.897217E-01,6.04309,-0.289910
0.903320E-01,6.08420,0.744780
0.909424E-01,6.12531,-0.200151
0.915527E-01,6.16642,0.181699
0.921631E-01,6.20753,-0.347318
0.927734E-01,6.24864,-0.124387E-01
0.933838E-01,6.28975,-0.238319E-01
0.939941E-01,6.33086,-0.136637
0.946045E-01,6.37197,-1.79699
0.952148E-01,6.41308,-0.419999E-01
0.958252E-01,6.45418,-0.986963E-01
0.964355E-01,6.49529,-0.236347
0.970459E-01,6.53640,-1.14797
0.976562E-01,6.57751,-1.39984
0.982666E-01,6.61862,0.457720
0.988770E-01,6.65973,-2.44636
0.994873E-01,6.70084,-0.295522
0.100098,6.74195,0.822451E-01
0.100708,6.78306,0.497722E-01
0.101318,6.82417,-0.559160
0.101929,6.86528,0.922043E-01
0.102539,6.90639,-0.110222
0.103149,6.94750,-0.299217
0.103760,6.98861,0.188307
0.104370,7.02972,-0.320051
0.104980,7.07083,-0.203900E-01
0.105591,7.11194,-0.476249
0.106201,7.15305,0.207254
0.106812,7.19416,-0.886837
0.107422,7.23526,0.242643
0.108032,7.27637,-0.180506
0.108643,7.31748,-0.786001
0.109253,7.35859,-0.359068
0.109863,7.39970,-1.46505
0.110474,7.44081,-0.979864
0.111084,7.48192,-0.289992
0.111694,7.52303,-0.549637
0.112305,7.56414,-0.964319
0.112915,7.60525,-2.05588
0.113525,7.64636,-0.307880E-01
0.114136,7.68747,-0.284897
0.114746,7.72858,-0.132411
0.115356,7.76969,-0.244310
0.115967,7.81080,0.119356
0.116577,7.85191,-0.344004
0.117188,7.89302,0.155929E-01
0.117798,7.93413,-0.263403E-01
0.118408,7.97523,-0.436604
0.119019,8.01634,-0.204254
0.119629,8.05745,-0.348805E-01
0.120239,8.09856,-0.132730
0.120850,8.13967,-0.623068E-01
0.121460,8.18078,0.361633
0.122070,8.22189,-0.130897
0.122681,8.26300,-0.713340
0.123291,8.30411,0.205443E-01
0.123901,8.34522,0.494582E-01
0.124512,8.38633,-0.404111
0.125122,8.42744,-0.627525
0.125732,8.46855,0.267400
0.126343,8.50966,-0.392160
0.126953,8.55077,-0.381125E-01
0.127563,8.59188,-0.292621
0.128174,8.63299,-0.192808
0.128784,8.67410,-0.240435
0.129395,8.71521,-0.140451E-01
0.130005,8.75631,0.228057
0.130615,8.79742,0.168863
0.131226,8.83853,0.444295
0.131836,8.87964,0.378354
0.132446,8.92075,-0.451785
0.133057,8.96186,-0.100006
0.133667,9.00297,-0.187631E-01
0.134277,9.04408,-0.456167
0.134888,9.08519,-0.125524
0.135498,9.12630,0.868926E-02
0.136108,9.16741,-0.821175
0.136719,9.20852,0.307956
0.137329,9.24963,-0.260953
0.137939,9.29074,-1.96664
0.138550,9.33185,-0.239536
0.139160,9.37296,-0.524889
0.139771,9.41407,0.168956
0.140381,9.45518,-0.212074
0.140991,9.49628,-1.72627
0.141602,9.53739,-0.190720
0.142212,9.57850,0.210815
0.142822,9.61961,-0.365824
0.143433,9.66072,0.505877E-02
0.144043,9.70183,-0.160340
0.144653,9.74294,0.214212
0.145264,9.78405,-0.111434
0.145874,9.82516,-0.243211
0.146484,9.86627,-0.336124
0.147095,9.90738,-0.800654
0.147705,9.94849,-0.283340E-01
0.148315,9.98960,-0.398939
0.148926,10.0307,0.540450
0.149536,10.0718,-0.422918
0.150146,10.1129,0.570584E-01
0.150757,10.1540,-0.500707E-01
0.151367,10.1951,0.212939
0.151978,10.2363,-0.211977
0.152588,10.2774,0.322567
0.153198,10.3185,-0.922120
0.153809,10.3596,-0.536634E-01
0.154419,10.4007,0.197219E-01
0.155029,10.4418,0.155169
0.155640,10.4829,-0.306764E-01
0.156250,10.5240,-0.429537
0.156860,10.5651,-0.130975
0.157471,10.6062,-0.350440
0.158081,10.6473,-0.737990E-01
0.158691,10.6885,-0.584121
0.159302,10.7296,-2.35555
0.159912,10.7707,-0.124102
0.160522,10.8118,-0.592881
0.161133,10.8529,0.233001
0.161743,10.8940,-0.331832
0.162354,10.9351,-0.491937
0.162964,10.9762,0.114236
0.163574,11.0173,-0.304569
0.164185,11.0584,0.121042
0.164795,11.0996,-0.344515
0.165405,11.1407,-0.239143E-01
0.166016,11.1818,-0.131275
0.166626,11.2229,-0.103945
0.167236,11.2640,0.498034
0.167847,11.3051,-0.889562
0.168457,11.3462,-0.269123
0.169067,11.3873,0.577106
0.169678,11.4284,0.147922
0.170288,11.4695,0.462251
0.170898,11.5106,-0.555188E-01
0.171509,11.5518,-0.746267E-01
0.172119,11.5929,0.991066E-01
0.172729,11.6340,-0.675043E-01
0.173340,11.6751,0.641985E-01
0.173950,11.7162,-0.221534
0.174561,11.7573,0.174426
0.175171,11.7984,0.335566
0.175781,11.8395,-1.30953
0.176392,11.8806,-0.474442
0.177002,11.9217,-0.344050E-01
0.177612,11.9629,-0.111103
0.178223,12.0040,0.454669
0.178833,12.0451,-0.135218
0.179443,12.0862,0.355617
0.180054,12.1273,-0.488489
0.180664,12.1684,-0.110712
0.181274,12.2095,-0.590125
0.181885,12.2506,-1.12430
0.182495,12.2917,-0.354223E-01
0.183105,12.3328,-0.462426E-01
0.183716,12.3739,0.386146E-01
0.184326,12.4151,0.101064
0.184937,12.4562,0.302088
0.185547,12.4973,-0.757857
0.186157,12.5384,-0.141738
0.186768,12.5795,-0.296603
0.187378,12.6206,0.346868
0.187988,12.6617,0.858444E-01
0.188599,12.7028,-1.94313
0.189209,12.7439,0.235841
0.189819,12.7850,-0.119403
0.190430,12.8262,-0.337879
0.191040,12.8673,-0.416261E-01
0.191650,12.9084,0.202155
0.192261,12.9495,0.148045
0.192871,12.9906,-0.315628E-01
0.193481,13.0317,-1.08355
0.194092,13.0728,0.279930E-01
0.194702,13.1139,-1.58206
0.195312,13.1550,0.515702E-01
0.195923,13.1961,-0.276719
0.196533,13.2372,0.727700E-02
0.197144,13.2784,0.303172
0.197754,13.3195,-0.163398
0.198364,13.3606,0.985018E-01
0.198975,13.4017,-0.535576
0.199585,13.4428,-0.555733
0.200195,13.4839,0.602109
0.200806,13.5250,-0.370281
0.201416,13.5661,0.302048E-01
0.202026,13.6072,-0.131438
0.202637,13.6483,-0.369953
0.203247,13.6894,-0.239547
0.203857,13.7306,0.946961E-03
0.204468,13.7717,0.108960
0.205078,13.8128,-0.275632
0.205688,13.8539,0.281467
0.206299,13.8950,0.127071
0.206909,13.9361,-1.03274
0.207520,13.9772,-0.103387
0.208130,14.0183,-0.254780
0.208740,14.0594,0.192057
0.209351,14.1005,-0.130017
0.209961,14.1417,0.335793E-01
0.210571,14.1828,0.474593
0.211182,14.2239,-0.360215
0.211792,14.2650,0.539316
0.212402,14.3061,-0.492022
0.213013,14.3472,0.152004
0.213623,14.3883,-0.165006
0.214233,14.4294,0.202364
0.214844,14.4705,0.907256E-01
0.215454,14.5116,-0.688540
0.216064,14.5527,-0.256351
0.216675,14.5939,-0.137946E-01
0.217285,14.6350,-0.874831E-01
0.217896,14.6761,-0.462462E-01
0.218506,14.7172,-0.710321
0.219116,14.7583,-0.178575
0.219727,14.7994,0.435234E-01
0.220337,14.8405,-0.400246E-01
0.220947,14.8816,-0.580818
0.221558,14.9227,0.853066E-01
0.222168,14.9638,0.727731E-01
0.222778,15.0050,-0.138565
0.223389,15.0461,0.400768E-01
0.223999,15.0872,0.352954E-01
0.224609,15.1283,-0.243170
0.225220,15.1694,-0.108864
0.225830,15.2105,-0.653517
0.226440,15.2516,-0.264203
0.227051,15.2927,-0.332051
0.227661,15.3338,-0.164336E-01
0.228271,15.3749,0.148590
0.228882,15.4160,-0.630529E-01
0.229492,15.4572,0.902032E-01
0.230103,15.4983,0.174402E-01
0.230713,15.5394,-0.115405
0.231323,15.5805,-0.163230
0.231934,15.6216,-0.324427
0.232544,15.6627,-0.389680
0.233154,15.7038,-0.366009
0.233765,15.7449,-0.492855E-01
0.234375,15.7860,-0.641047E-01
0.234985,15.8271,-0.651695E-02
0.235596,15.8683,0.317957E-01
0.236206,15.9094,-0.392584E-01
0.236816,15.9505,-0.769124E-01
0.237427,15.9916,0.845354E-01
0.238037,16.0327,-0.312129E-01
0.238647,16.0738,-0.339602E-01
0.239258,16.1149,-0.261702
0.239868,16.1560,-0.295647
0.240479,16.1971,-0.164533E-01
0.241089,16.2382,0.327445E-01
0.241699,16.2793,-0.307842E-01
0.242310,16.3205,-0.100208E-01
0.242920,16.3616,-0.163541
0.243530,16.4027,-0.445745
0.244141,16.4438,-0.209985
0.244751,16.4849,0.908758E-02
0.245361,16.5260,0.518393E-01
0.245972,16.5671,0.477614
0.246582,16.6082,-0.181728
0.247192,16.6493,0.120650
0.247803,16.6904,-0.496939E-01
0.248413,16.7315,0.987051E-02
0.249023,16.7727,-0.382023
0.249634,16.8138,0.102175
0.250244,16.8549,0.429199
0.250854,16.8960,0.262648
0.251465,16.9371,-0.346165E-01
0.252075,16.9782,-0.365294
0.252686,17.0193,0.212369
0.253296,17.0604,0.163588
0.253906,17.1015,-0.259373E-02
0.254517,17.1426,-0.258827E-01
0.255127,17.1838,0.607871E-01
0.255737,17.2249,0.357059
0.256348,17.2660,-0.107164
0.256958,17.3071,0.101798E-01
0.257568,17.3482,-0.726946
0.258179,17.3893,0.627720E-01
0.258789,17.4304,0.280420
0.259399,17.4715,0.109671
0.260010,17.5126,-0.967117E-01
0.260620,17.5537,0.492732E-01
0.261230,17.5948,0.207674
0.261841,17.6360,0.182425
0.262451,17.6771,0.487970
0.263062,17.7182,-0.158452
0.263672,17.7593,-0.342329
0.264282,17.8004,0.315255
0.264893,17.8415,0.429687E-01
0.265503,17.8826,-0.479757
0.266113,17.9237,-0.134451
0.266724,17.9648,-0.579337
0.267334,18.0059,-0.862677E-01
0.267944,18.0471,-0.597479E-01
0.268555,18.0882,0.565374
0.269165,18.1293,-0.476520E-01
0.269775,18.1704,-0.296737
0.270386,18.2115,-0.358764
0.270996,18.2526,-0.305676E-01
0.271606,18.2937,-0.361726E-01
0.272217,18.3348,-0.187664
0.272827,18.3759,0.204315E-01
0.273438,18.4170,0.136405
0.274048,18.4581,0.265693
0.274658,18.4993,-0.738550
0.275269,18.5404,-0.107485
0.275879,18.5815,0.162738
0.276489,18.6226,-0.571590
0.277100,18.6637,-0.276291
0.277710,18.7048,0.733609
0.278320,18.7459,0.113662E-01
0.278931,18.7870,0.387008E-01
0.279541,18.8281,0.924112E-01
0.280151,18.8692,-0.228372
0.280762,18.9104,-0.124185
0.281372,18.9515,0.707291E-01
0.281982,18.9926,0.386147E-02
0.282593,19.0337,-0.920454
0.283203,19.0748,0.142747E-01
0.283813,19.1159,0.196906
0.284424,19.1570,-0.409882E-01
0.285034,19.1981,-0.163666
0.285645,19.2392,-0.252901E-01
0.286255,19.2803,0.109562
0.286865,19.3214,0.667636E-01
0.287476,19.3626,-0.287527E-01
0.288086,19.4037,-0.114726
0.288696,19.4448,0.926945E-01
0.289307,19.4859,-0.443482E-01
0.289917,19.5270,0.992022E-02
0.290527,19.5681,0.115318
0.291138,19.6092,-0.907961E-01
0.291748,19.6503,-0.141961
0.292358,19.6914,-0.322502
0.292969,19.7325,-0.145177
0.293579,19.7736,-0.682392
0.294189,19.8148,-0.265590E-01
0.294800,19.8559,-0.104108E-01
0.295410,19.8970,-0.233923E-01
0.296021,19.9381,-0.123497
0.296631,19.9792,0.952145E-01
0.297241,20.0203,0.504801E-01
0.297852,20.0614,0.266999E-01
0.298462,20.1025,0.171513
0.299072,20.1436,-0.105610
0.299683,20.1847,-0.106249
0.300293,20.2259,0.172089E-01
0.300903,20.2670,-0.325305
0.301514,20.3081,-0.197896
0.302124,20.3492,-0.109758
0.302734,20.3903,-0.632880
0.303345,20.4314,-0.269370E-02
0.303955,20.4725,-0.348243E-01
0.304565,20.5136,-0.112591
0.305176,20.5547,0.134550
0.305786,20.5958,0.387070
0.306396,20.6369,0.142793
0.307007,20.6781,-0.115032E-01
0.307617,20.7192,-0.368880E-01
0.308228,20.7603,0.503678E-01
0.308838,20.8014,-0.521709
0.309448,20.8425,-0.141799
0.310059,20.8836,0.606211E-01
0.310669,20.9247,0.126134
0.311279,20.9658,0.276864
0.311890,21.0069,-0.351936E-01
0.312500,21.0480,-0.753016E-01
0.313110,21.0892,0.191108
0.313721,21.1303,-0.603542E-01
0.314331,21.1714,-0.172055
0.314941,21.2125,0.662342E-01
0.315552,21.2536,0.203019
0.316162,21.2947,-0.275092E-01
0.316772,21.3358,-0.324154E-01
0.317383,21.3769,-0.124529
0.317993,21.4180,-0.122033
0.318604,21.4591,-0.307595E-01
0.319214,21.5002,-0.199146E-01
0.319824,21.5414,-0.372357E-01
0.320435,21.5825,-0.828104E-01
0.321045,21.6236,0.222068E-01
0.321655,21.6647,-0.145788
0.322266,21.7058,0.123588
0.322876,21.7469,-0.488941
0.323486,21.7880,0.194479E-01
0.324097,21.8291,-0.206663
0.324707,21.8702,0.524750E-02
0.325317,21.9113,0.135451
0.325928,21.9525,-0.232106E-01
0.326538,21.9936,-0.165089
0.327148,22.0347,-0.879478E-01
0.327759,22.0758,-0.177269
0.328369,22.1169,-0.590775E-01
0.328979,22.1580,0.792672E-01
0.329590,22.1991,0.230637E-01
0.330200,22.2402,-0.646953
0.330811,22.2813,-0.336943
0.331421,22.3224,-0.417865
0.332031,22.3635,-0.178165E-02
0.332642,22.4047,-0.259422E-01
0.333252,22.4458,-0.806918E-01
0.333862,22.4869,0.643214E-02
0.334473,22.5280,-0.772474E-02
0.335083,22.5691,-0.358417
0.335693,22.6102,-0.358459E-01
0.336304,22.6513,-0.322179
0.336914,22.6924,-0.146276
0.337524,22.7335,-0.349591
0.338135,22.7746,0.593808E-01
0.338745,22.8157,0.379631E-01
0.339355,22.8569,-0.361404
0.339966,22.8980,0.107689
0.340576,22.9391,0.957325E-01
0.341187,22.9802,0.861044E-01
0.341797,23.0213,-0.236703
0.342407,23.0624,0.781133E-01
0.343018,23.1035,-0.326741E-01
0.343628,23.1446,-0.916611E-01
0.344238,23.1857,0.884276E-01
0.344849,23.2268,-0.167038
0.345459,23.2680,-0.180586
0.346069,23.3091,0.148237E-01
0.346680,23.3502,-0.304726
0.347290,23.3913,0.510828E-01
0.347900,23.4324,-0.997057E-01
0.348511,23.4735,-0.580797E-02
0.349121,23.5146,-0.322086
0.349731,23.5557,-0.908051E-01
0.350342,23.5968,-0.375004
0.350952,23.6379,-0.195293
0.351562,23.6790,0.495042E-02
0.352173,23.7202,0.351843E-01
0.352783,23.7613,-0.230186E-02
0.353394,23.8024,0.481927E-01
0.354004,23.8435,0.152262
0.354614,23.8846,0.730130E-01
0.355225,23.9257,-0.297087
0.355835,23.9668,-0.388306
0.356445,24.0079,0.781513E-01
0.357056,24.0490,-0.170677
0.357666,24.0901,-0.580485E-01
0.358276,24.1313,0.141129
0.358887,24.1724,0.263110
0.359497,24.2135,-0.152911
0.360107,24.2546,-0.128397
0.360718,24.2957,0.348239
0.361328,24.3368,0.210340E-01
0.361938,24.3779,0.616448E-02
0.362549,24.4190,-0.106773
0.363159,24.4601,0.296794E-02
0.363770,24.5012,-0.540573E-01
0.364380,24.5423,-0.265665
0.364990,24.5835,-0.447626
0.365601,24.6246,-0.262706
0.366211,24.6657,-0.839948
0.366821,24.7068,0.459042E-01
0.367432,24.7479,-0.382124E-01
0.368042,24.7890,0.329972
0.368652,24.8301,-0.360587E-01
0.369263,24.8712,0.375157
0.369873,24.9123,-0.244990
0.370483,24.9534,-0.833334E-02
0.371094,24.9946,-0.250413
0.371704,25.0357,0.164906
0.372314,25.0768,0.310414
0.372925,25.1179,-0.458024
0.373535,25.1590,-0.207545E-02
0.374146,25.2001,-0.145928
0.374756,25.2412,0.145473
0.375366,25.2823,-0.784847E-01
0.375977,25.3234,-0.280391
0.376587,25.3645,-0.228065
0.377197,25.4056,-0.320217E-01
0.377808,25.4468,-0.138885E-01
0.378418,25.4879,0.709558E-01
0.379028,25.5290,-0.918229E-01
0.379639,25.5701,-0.117806
0.380249,25.6112,0.392600E-02
0.380859,25.6523,0.700355E-01
0.381470,25.6934,-0.184964
0.382080,25.7345,-0.651975E-01
0.382690,25.7756,0.468326
0.383301,25.8167,0.592829E-01
0.383911,25.8578,0.370441
0.384521,25.8990,-0.486842E-01
0.385132,25.9401,-0.208892
0.385742,25.9812,-0.119037E-01
0.386353,26.0223,-0.433073E-01
0.386963,26.0634,-0.376503E-01
0.387573,26.1045,-0.122004
0.388184,26.1456,-0.206829E-01
0.388794,26.1867,0.499629E-01
0.389404,26.2278,-0.918008E-01
0.390015,26.2689,-0.423144E-01
0.390625,26.3101,-0.119018
0.391235,26.3512,-0.826080E-01
0.391846,26.3923,0.427348E-01
0.392456,26.4334,-0.281438E-01
0.393066,26.4745,-0.420565E-02
0.393677,26.5156,0.716965E-01
0.394287,26.5567,0.335643E-01
0.394897,26.5978,-0.110316
0.395508,26.6389,0.211533E-01
0.396118,26.6800,0.105870E-01
0.396729,26.7211,-0.167974
0.397339,26.7623,0.916542E-01
0.397949,26.8034,-0.419087
0.398560,26.8445,0.513398E-01
0.399170,26.8856,-0.158098
0.399780,26.9267,-0.347814E-01
0.400391,26.9678,0.257788E-01
0.401001,27.0089,0.450205E-01
0.401611,27.0500,0.840235E-01
0.402222,27.0911,-0.337993
0.402832,27.1322,0.308018
0.403442,27.1734,-0.160794
0.404053,27.2145,0.469097E-01
0.404663,27.2556,-0.938212E-01
0.405273,27.2967,-0.549135E-01
0.405884,27.3378,-0.102652E-02
0.406494,27.3789,0.152717E-01
0.407104,27.4200,-0.311330
0.407715,27.4611,-0.122754
0.408325,27.5022,-0.812685E-01
0.408936,27.5433,-0.179184
0.409546,27.5844,-0.131698
0.410156,27.6256,-0.139781
0.410767,27.6667,-0.102419
0.411377,27.7078,-0.111500
0.411987,27.7489,-0.353663E-01
0.412598,27.7900,0.305581
0.413208,27.8311,-0.251112E-01
0.413818,27.8722,-0.439114E-01
0.414429,27.9133,-0.781405E-01
0.415039,27.9544,-0.170440
0.415649,27.9955,-0.340603E-01
0.416260,28.0367,-0.624099E-01
0.416870,28.0778,0.459522E-01
0.417480,28.1189,0.470245
0.418091,28.1600,0.900213E-01
0.418701,28.2011,-0.333334
0.419312,28.2422,0.454622E-01
0.419922,28.2833,0.105898E-01
0.420532,28.3244,-0.806650E-01
0.421143,28.3655,-0.334099E-01
0.421753,28.4066,0.281120E-01
0.422363,28.4477,0.137497
0.422974,28.4889,-0.199454
0.423584,28.5300,0.861298E-01
0.424194,28.5711,-0.235770
0.424805,28.6122,0.131052
0.425415,28.6533,-0.308996E-01
0.426025,28.6944,0.225266E-01
0.426636,28.7355,-0.139977
0.427246,28.7766,-0.943107E-01
0.427856,28.8177,-0.847508E-01
0.428467,28.8588,-0.150025
0.429077,28.8999,-0.960689
0.429688,28.9411,0.302113E-01
0.430298,28.9822,0.898500E-02
0.430908,29.0233,0.286182E-01
0.431519,29.0644,0.754024E-01
0.432129,29.1055,-0.178567
0.432739,29.1466,0.605316E-01
0.433350,29.1877,-0.647095
0.433960,29.2288,-0.237588
0.434570,29.2699,-0.119691
0.435181,29.3110,0.130757E-01
0.435791,29.3522,0.261622
0.436401,29.3933,-0.532914E-01
0.437012,29.4344,-0.887988E-01
0.437622,29.4755,-0.154976
0.438232,29.5166,-0.292744E-01
0.438843,29.5577,-0.229657E-02
0.439453,29.5988,-0.288685
0.440063,29.6399,-0.621638E-02
0.440674,29.6810,0.102377
0.441284,29.7221,-0.104760
0.441895,29.7632,0.654675E-02
0.442505,29.8044,-0.152501E-01
0.443115,29.8455,0.875914E-02
0.443726,29.8866,0.790326E-01
0.444336,29.9277,0.204515E-01
0.444946,29.9688,-0.142809E-01
0.445557,30.0099,-0.207277
0.446167,30.0510,0.427293E-01
0.446777,30.0921,0.174981
0.447388,30.1332,0.341220E-02
0.447998,30.1743,0.317490
0.448608,30.2155,0.520313E-01
0.449219,30.2566,-0.126897
0.449829,30.2977,0.518290
0.450439,30.3388,-0.214125E-01
0.451050,30.3799,-0.109007E-01
0.451660,30.4210,-0.945810E-01
0.452271,30.4621,0.849653E-01
0.452881,30.5032,-0.242736E-01
0.453491,30.5443,-0.428896E-01
0.454102,30.5854,0.116872
0.454712,30.6265,0.424887E-01
0.455322,30.6677,0.300984
0.455933,30.7088,-0.392237
0.456543,30.7499,-0.140563
0.457153,30.7910,0.735583E-01
0.457764,30.8321,0.130890
0.458374,30.8732,0.689862E-01
0.458984,30.9143,-0.409775E-01
0.459595,30.9554,0.201770
0.460205,30.9965,0.418443E-01
0.460815,31.0376,0.384848E-01
0.461426,31.0788,-0.185350
0.462036,31.1199,-0.732069E-01
0.462646,31.1610,0.421549E-01
0.463257,31.2021,-0.205976
0.463867,31.2432,0.214442
0.464478,31.2843,0.572154E-01
0.465088,31.3254,0.272098E-01
0.465698,31.3665,-0.186442E-01
0.466309,31.4076,-0.688457E-01
0.466919,31.4487,-0.123288
0.467529,31.4898,-0.143485
0.468140,31.5310,0.164344
0.468750,31.5721,-0.776658E-01
0.469360,31.6132,0.158578E-01
0.469971,31.6543,-0.190884E-01
0.470581,31.6954,-0.105748
0.471191,31.7365,-0.881436E-02
0.471802,31.7776,-0.707062E-01
0.472412,31.8187,-0.561509E-01
0.473022,31.8598,0.527903E-01
0.473633,31.9009,-0.163104
0.474243,31.9420,-0.240576
0.474854,31.9832,-0.330396E-03
0.475464,32.0243,-0.650460E-01
0.476074,32.0654,0.545078E-01
0.476685,32.1065,0.536735E-02
0.477295,32.1476,-0.754559E-01
0.477905,32.1887,0.919302E-01
0.478516,32.2298,0.718247E-01
0.479126,32.2709,-0.993286E-01
0.479736,32.3120,0.119949
0.480347,32.3531,0.182492E-01
0.480957,32.3943,0.189940E-01
0.481567,32.4354,-0.672414E-01
0.482178,32.4765,-0.882309E-01
0.482788,32.5176,0.242475E-01
0.483398,32.5587,0.112458E-01
0.484009,32.5998,0.832060E-01
0.484619,32.6409,-0.156855
0.485229,32.6820,-0.813522E-01
0.485840,32.7231,0.269778
0.486450,32.7642,-0.476134E-03
0.487061,32.8053,-0.935670E-02
0.487671,32.8465,0.948667E-01
0.488281,32.8876,-0.262274E-01
0.488892,32.9287,0.158315
0.489502,32.9698,-0.141224E-01
0.490112,33.0109,0.465553E-02
0.490723,33.0520,0.372534E-01
0.491333,33.0931,0.145097E-01
0.491943,33.1342,0.120769
0.492554,33.1753,-0.133218
0.493164,33.2164,-0.145138
0.493774,33.2576,-0.782539E-01
0.494385,33.2987,-0.172484E-02
0.494995,33.3398,0.214509E-01
0.495605,33.3809,-0.172948
0.496216,33.4220,-0.438123E-01
0.496826,33.4631,0.343652
0.497437,33.5042,-0.128658
0.498047,33.5453,-0.169589
0.498657,33.5864,0.423961E-01
0.499268,33.6275,0.111407
0.499878,33.6686,0.852335E-01
0.500488,33.7098,-0.764893E-02
0.501099,33.7509,0.282472
0.501709,33.7920,-0.169739
0.502319,33.8331,0.336980E-01
0.502930,33.8742,0.908265E-01
0.503540,33.9153,-0.663226E-03
0.504150,33.9564,0.218380E-01
0.504761,33.9975,-0.269263E-01
0.505371,34.0386,0.306113E-01
0.505981,34.0797,0.937662E-03
0.506592,34.1209,0.415131E-01
0.507202,34.1620,-0.629221E-01
0.507812,34.2031,0.791646E-01
0.508423,34.2442,-0.914489E-01
0.509033,34.2853,-0.302966
0.509644,34.3264,0.884016E-01
0.510254,34.3675,0.136029E-01
0.510864,34.4086,-0.126245
0.511475,34.4497,-0.389412E-01
0.512085,34.4908,-0.321468
0.512695,34.5319,-0.102959
0.513306,34.5731,0.114498E-01
0.513916,34.6142,-0.369618E-01
0.514526,34.6553,-0.468089E-01
0.515137,34.6964,-0.900896E-01
0.515747,34.7375,0.488116E-01
0.516357,34.7786,-0.447815E-01
0.516968,34.8197,-0.390750
0.517578,34.8608,-0.150290E-01
0.518188,34.9019,-0.322333
0.518799,34.9430,-0.340578E-01
0.519409,34.9841,0.519804E-01
0.520020,35.0253,-0.104229
0.520630,35.0664,-0.549675E-02
0.521240,35.1075,0.194434E-01
0.521851,35.1486,0.115013E-01
0.522461,35.1897,-0.163617
0.523071,35.2308,-0.345138
0.523682,35.2719,0.509519E-01
0.524292,35.3130,0.506867E-01
0.524902,35.3541,-0.542834E-01
0.525513,35.3952,-0.176677
0.526123,35.4364,-0.845359E-01
0.526733,35.4775,0.571283E-01
0.527344,35.5186,0.440461E-01
0.527954,35.5597,0.470180E-01
0.528564,35.6008,-0.619520E-01
0.529175,35.6419,0.390208E-01
0.529785,35.6830,0.236214E-02
0.530396,35.7241,0.201440
0.531006,35.7652,0.616166E-01
0.531616,35.8063,0.196873
0.532227,35.8474,-0.258381
0.532837,35.8886,-0.209812
0.533447,35.9297,0.852337E-02
0.534058,35.9708,-0.765436E-01
0.534668,36.0119,0.128030
0.535278,36.0530,0.572351E-01
0.535889,36.0941,-0.232566E-01
0.536499,36.1352,-0.272056E-01
0.537109,36.1763,-0.516619
0.537720,36.2174,0.528455E-01
0.538330,36.2585,0.102213
0.538940,36.2997,-0.374079
0.539551,36.3408,-0.133953
0.540161,36.3819,-0.241172E-01
0.540771,36.4230,0.116878
0.541382,36.4641,0.505968E-01
0.541992,36.5052,-0.125287
0.542603,36.5463,-0.148770
0.543213,36.5874,-0.170622E-01
0.543823,36.6285,-0.129683
0.544434,36.6696,-0.158645E-02
0.545044,36.7107,0.127671
0.545654,36.7519,0.182148E-01
0.546265,36.7930,0.969294E-01
0.546875,36.8341,-0.336086
0.547485,36.8752,-0.295699E-01
0.548096,36.9163,-0.346020E-01
0.548706,36.9574,-0.568905E-02
0.549316,36.9985,0.421864E-01
0.549927,37.0396,-0.694353E-01
0.550537,37.0807,-0.172465
0.551147,37.1218,-0.347398E-01
0.551758,37.1630,-0.351727E-01
0.552368,37.2041,0.163340
0.552979,37.2452,0.192298
0.553589,37.2863,0.620724E-01
0.554199,37.3274,-0.309181
0.554810,37.3685,0.611596E-02
0.555420,37.4096,-0.165713
0.556030,37.4507,-0.314957E-01
0.556641,37.4918,-0.422764E-01
0.557251,37.5329,0.432037E-01
0.557861,37.5740,-0.600003E-01
0.558472,37.6152,-0.589275E-01
0.559082,37.6563,-0.357470E-01
0.559692,37.6974,0.426470E-01
0.560303,37.7385,-0.368948E-01
0.560913,37.7796,0.136015
0.561523,37.8207,0.137696E-01
0.562134,37.8618,0.375818E-04
0.562744,37.9029,-0.210931E-01
0.563354,37.9440,0.315475E-01
0.563965,37.9851,0.850626E-01
0.564575,38.0262,-0.487067E-01
0.565186,38.0674,-0.686203E-01
0.565796,38.1085,-0.422038E-01
0.566406,38.1496,-0.897150E-01
0.567017,38.1907,-0.884437E-01
0.567627,38.2318,-0.157310
0.568237,38.2729,0.641540E-01
0.568848,38.3140,0.733583E-01
0.569458,38.3551,0.326454E-01
0.570068,38.3962,0.124125
0.570679,38.4373,-0.319917E-01
0.571289,38.4785,-0.124393
0.571899,38.5196,-0.603282E-02
0.572510,38.5607,-0.722807E-01
0.573120,38.6018,-0.178586
0.573730,38.6429,0.444588E-01
0.574341,38.6840,-0.504539E-01
0.574951,38.7251,0.180421
0.575562,38.7662,0.145115
0.576172,38.8073,-0.159249
0.576782,38.8484,0.242294
0.577393,38.8895,0.752892E-01
0.578003,38.9307,0.304066E-01
0.578613,38.9718,-0.236347E-01
0.579224,39.0129,0.108911E-01
0.579834,39.0540,-0.214065
0.580444,39.0951,-0.262671E-01
0.581055,39.1362,0.782456E-01
0.581665,39.1773,-0.144676
0.582275,39.2184,-0.174558
0.582886,39.2595,0.568038E-01
0.583496,39.3006,0.200473E-01
0.584106,39.3418,-0.622397E-02
0.584717,39.3829,-0.178971
0.585327,39.4240,0.107170E-01
0.585938,39.4651,-0.452561E-01
0.586548,39.5062,-0.372828E-01
0.587158,39.5473,0.607465E-01
0.587769,39.5884,-0.748775E-01
0.588379,39.6295,0.574392E-02
0.588989,39.6706,0.231887E-01
0.589600,39.7117,0.243971
0.590210,39.7528,0.378874E-01
0.590820,39.7940,0.184740E-01
0.591431,39.8351,-0.518648E-02
0.592041,39.8762,-0.181347
0.592651,39.9173,-0.965091E-01
0.593262,39.9584,0.807505E-02
0.593872,39.9995,0.270700E-01
0.594482,40.0406,-0.290111E-01
0.595093,40.0817,0.227948E-01
0.595703,40.1228,-0.564713E-01
0.596313,40.1639,0.500610E-01
0.596924,40.2050,0.112289
0.597534,40.2462,0.243127E-01
0.598145,40.2873,0.561686E-01
0.598755,40.3284,0.808323E-01
0.599365,40.3695,0.133893
0.599976,40.4106,-0.276995
0.600586,40.4517,0.971231E-02
0.601196,40.4928,-0.332294E-01
0.601807,40.5339,-0.144340E-01
0.602417,40.5750,0.337963E-01
0.603027,40.6161,0.262241
0.603638,40.6573,0.330189E-01
0.604248,40.6984,-0.100313
0.604858,40.7395,-0.292766E-01
0.605469,40.7806,0.207758E-01
0.606079,40.8217,-0.635887E-01
0.606689,40.8628,0.769632E-01
0.607300,40.9039,0.392256E-01
0.607910,40.9450,0.635061E-01
0.608521,40.9861,0.605344E-01
0.609131,41.0272,0.639772E-01
0.609741,41.0683,-0.805146E-02
0.610352,41.1095,0.624668E-01
0.610962,41.1506,-0.977242E-01
0.611572,41.1917,0.136139
0.612183,41.2328,-0.130778
0.612793,41.2739,-0.216176
0.613403,41.3150,-0.190736
0.614014,41.3561,0.903377E-01
0.614624,41.3972,0.233920E-02
0.615234,41.4383,0.142177
0.615845,41.4794,-0.846792E-01
0.616455,41.5206,-0.858947E-01
0.617065,41.5617,-0.493875
0.617676,41.6028,-0.494107E-01
0.618286,41.6439,-0.986500E-01
0.618896,41.6850,-0.516382
0.619507,41.7261,-0.640750E-01
0.620117,41.7672,0.431051
0.620728,41.8083,0.288364E-01
0.621338,41.8494,0.185741
0.621948,41.8905,0.147537E-01
0.622559,41.9316,-0.461761E-01
0.623169,41.9728,-0.129638
0.623779,42.0139,0.781662E-01
0.624390,42.0550,-0.645833E-01
0.625000,42.0961,-0.108415
0.625610,42.1372,-0.318138E-01
0.626221,42.1783,-0.466617E-01
0.626831,42.2194,-0.495749E-01
0.627441,42.2605,-0.555606E-01
0.628052,42.3016,0.263682E-01
0.628662,42.3427,-0.499690E-01
0.629272,42.3839,0.222870E-01
0.629883,42.4250,0.822096E-02
0.630493,42.4661,-0.877458E-01
0.631104,42.5072,0.557312E-01
0.631714,42.5483,-0.133746E-01
0.632324,42.5894,-0.134670
0.632935,42.6305,0.245699E-01
0.633545,42.6716,0.210796
0.634155,42.7127,-0.216109
0.634766,42.7538,-0.955346E-01
0.635376,42.7949,-0.729858E-01
0.635986,42.8361,0.210585E-01
0.636597,42.8772,-0.411305E-01
0.637207,42.9183,-0.178102
0.637817,42.9594,-0.165421
0.638428,43.0005,0.889235E-01
0.639038,43.0416,-0.385475E-01
0.639648,43.0827,0.231192E-01
0.640259,43.1238,-0.291859E-01
0.640869,43.1649,0.173035
0.641479,43.2060,-0.509993E-01
0.642090,43.2471,0.476747E-01
0.642700,43.2883,-0.425307E-01
0.643311,43.3294,0.134132
0.643921,43.3705,0.124287
0.644531,43.4116,0.211421
0.645142,43.4527,-0.546206E-01
0.645752,43.4938,-0.183171
0.646362,43.5349,-0.135396
0.646973,43.5760,0.188238
0.647583,43.6171,0.144010
0.648193,43.6582,-0.553574E-01
0.648804,43.6994,0.274725E-01
0.649414,43.7405,-0.118654
0.650024,43.7816,-0.598578E-01
0.650635,43.8227,0.940209E-01
0.651245,43.8638,-0.121429
0.651855,43.9049,-0.453790
0.652466,43.9460,-0.148857
0.653076,43.9871,-0.898476E-01
0.653687,44.0282,-0.933455E-02
0.654297,44.0693,-0.535165E-01
0.654907,44.1104,-0.448142E-01
0.655518,44.1516,0.340351E-01
0.656128,44.1927,-0.580290E-01
0.656738,44.2338,-0.242166
0.657349,44.2749,-0.803951E-01
0.657959,44.3160,-0.108577
0.658569,44.3571,0.345759E-01
0.659180,44.3982,-0.320682E-01
0.659790,44.4393,-0.137134E-01
0.660400,44.4804,-0.175481E-01
0.661011,44.5215,0.172028E-01
0.661621,44.5627,0.193165E-01
0.662231,44.6038,-0.199962E-01
0.662842,44.6449,-0.184306
0.663452,44.6860,0.131311
0.664062,44.7271,-0.923896E-01
0.664673,44.7682,-0.802309E-01
0.665283,44.8093,0.916116E-01
0.665894,44.8504,0.704563E-01
0.666504,44.8915,0.301649E-01
0.667114,44.9326,-0.902988E-01
0.667725,44.9737,-0.795619E-01
0.668335,45.0149,0.722877E-01
0.668945,45.0560,-0.571055E-01
0.669556,45.0971,-0.340625E-01
0.670166,45.1382,0.191638E-01
0.670776,45.1793,-0.113047
0.671387,45.2204,0.419055E-01
0.671997,45.2615,0.771629E-01
0.672607,45.3026,0.232035E-01
0.673218,45.3437,0.139202E-01
0.673828,45.3848,0.843241E-02
0.674438,45.4260,0.772653E-02
0.675049,45.4671,-0.386111E-01
0.675659,45.5082,-0.136483E-01
0.676270,45.5493,-0.140368E-01
0.676880,45.5904,-0.908404E-02
0.677490,45.6315,0.973186E-01
0.678101,45.6726,-0.105171E-01
0.678711,45.7137,0.844083E-01
0.679321,45.7548,-0.111488
0.679932,45.7959,0.850600E-01
0.680542,45.8370,0.990722E-01
0.681152,45.8782,0.255045
0.681763,45.9193,0.394515E-01
0.682373,45.9604,0.128439
0.682983,46.0015,-0.233849E-01
0.683594,46.0426,0.556381E-01
0.684204,46.0837,-0.425451E-01
0.684814,46.1248,-0.596688E-01
0.685425,46.1659,0.589172E-01
0.686035,46.2070,0.270759E-01
0.686646,46.2481,-0.164030E-01
0.687256,46.2892,0.189472E-02
0.687866,46.3304,-0.949055E-01
0.688477,46.3715,-0.211256
0.689087,46.4126,-0.209214
0.689697,46.4537,0.119330
0.690308,46.4948,-0.349437
0.690918,46.5359,0.380003E-03
0.691528,46.5770,-0.425158E-01
0.692139,46.6181,-0.102914E-01
0.692749,46.6592,0.708092E-01
0.693359,46.7003,0.191414
0.693970,46.7415,-0.526759E-01
0.694580,46.7826,-0.437192E-01
0.695190,46.8237,-0.791618E-01
0.695801,46.8648,0.356427E-01
0.696411,46.9059,-0.831956E-01
0.697021,46.9470,-0.571691E-01
0.697632,46.9881,-0.603867E-01
0.698242,47.0292,-0.584749E-01
0.698853,47.0703,0.451959E-01
0.699463,47.1114,-0.364062E-01
0.700073,47.1525,-0.376456E-01
0.700684,47.1937,-0.107836
0.701294,47.2348,0.654245E-01
0.701904,47.2759,0.607134E-01
0.702515,47.3170,0.164351E-01
0.703125,47.3581,0.775094E-01
0.703735,47.3992,-0.752763E-01
0.704346,47.4403,-0.167255E-01
0.704956,47.4814,0.181491E-01
0.705566,47.5225,-0.221857E-01
0.706177,47.5636,0.109628
0.706787,47.6048,0.869600E-01
0.707397,47.6459,-0.187070E-02
0.708008,47.6870,0.107830E-01
0.708618,47.7281,-0.120100
0.709229,47.7692,-0.115129E-01
0.709839,47.8103,-0.768373E-01
0.710449,47.8514,-0.296391E-01
0.711060,47.8925,0.121417
0.711670,47.9336,-0.379405E-01
0.712280,47.9747,0.900965E-01
0.712891,48.0158,-0.134365E-01
0.713501,48.0570,0.190734
0.714111,48.0981,-0.125198
0.714722,48.1392,-0.590536E-01
0.715332,48.1803,-0.731808E-01
0.715942,48.2214,0.430566E-01
0.716553,48.2625,0.404226E-01
0.717163,48.3036,0.346475E-01
0.717773,48.3447,0.621024E-02
0.718384,48.3858,-0.398607E-02
0.718994,48.4269,-0.218126
0.719604,48.4681,0.758324E-02
0.720215,48.5092,-0.399902E-01
0.720825,48.5503,-0.144806
0.721436,48.5914,-0.578945E-01
0.722046,48.6325,-0.815235E-01
0.722656,48.6736,-0.283639E-01
0.723267,48.7147,0.611222E-01
0.723877,48.7558,-0.253577
0.724487,48.7969,-0.631552E-01
0.725098,48.8380,-0.893708E-01
0.725708,48.8791,-0.112144
0.726318,48.9203,-0.377199
0.726929,48.9614,0.524533E-01
0.727539,49.0025,-0.338116E-01
0.728149,49.0436,0.186820E-01
0.728760,49.0847,-0.271823E-01
0.729370,49.1258,0.126119
0.729980,49.1669,0.117678
0.730591,49.2080,-0.107929
0.731201,49.2491,-0.568043E-01
0.731812,49.2902,-0.570647E-01
0.732422,49.3313,0.853243E-01
0.733032,49.3725,0.267715E-01
0.733643,49.4136,-0.734537E-02
0.734253,49.4547,-0.494088E-02
0.734863,49.4958,-0.376689E-01
0.735474,49.5369,-0.153069E-01
0.736084,49.5780,0.310874E-01
0.736694,49.6191,0.696118E-03
0.737305,49.6602,0.408951E-01
0.737915,49.7013,0.127183E-01
0.738525,49.7424,0.166682
0.739136,49.7836,-0.526232E-01
0.739746,49.8247,0.930838E-01
0.740356,49.8658,-0.191515
0.740967,49.9069,0.280325E-02
0.741577,49.9480,0.278159E-01
0.742188,49.9891,-0.624880E-02
0.742798,50.0302,-0.894922E-02
0.743408,50.0713,-0.133194
0.744019,50.1124,0.140323E-01
0.744629,50.1535,-0.413356E-01
0.745239,50.1946,0.267782
0.745850,50.2358,0.716144E-01
0.746460,50.2769,-0.963071E-01
0.747070,50.3180,-0.257230
0.747681,50.3591,0.193320E-01
0.748291,50.4002,0.135325
0.748901,50.4413,0.174308E-02
0.749512,50.4824,-0.445995E-02
0.750122,50.5235,0.144907
0.750732,50.5646,-0.364722
0.751343,50.6057,-0.243114
0.751953,50.6469,-0.767205E-01
0.752563,50.6880,0.314414E-01
0.753174,50.7291,0.181585E-02
0.753784,50.7702,-0.327459E-01
0.754395,50.8113,0.497470E-02
0.755005,50.8524,-0.968778E-01
0.755615,50.8935,-0.575261E-01
0.756226,50.9346,0.166524E-01
0.756836,50.9757,-0.360874E-01
0.757446,51.0168,-0.133541
0.758057,51.0579,-0.327256E-02
0.758667,51.0991,-0.977570E-01
0.759277,51.1402,0.131608
0.759888,51.1813,0.394534E-02
0.760498,51.2224,0.113893E-02
0.761108,51.2635,-0.108706
0.761719,51.3046,-0.176381E-04
0.762329,51.3457,-0.988052E-01
0.762939,51.3868,0.942300E-01
0.763550,51.4279,-0.812795E-02
0.764160,51.4690,0.243295
0.764771,51.5102,0.208238
0.765381,51.5513,-0.133047
0.765991,51.5924,-0.245935E-01
0.766602,51.6335,-0.195273
0.767212,51.6746,0.395783E-01
0.767822,51.7157,0.423419E-01
0.768433,51.7568,0.184949E-02
0.769043,51.7979,-0.114604
0.769653,51.8390,-0.204793
0.770264,51.8801,0.200022
0.770874,51.9212,-0.207776
0.771484,51.9624,0.854821E-01
0.772095,52.0035,0.567534E-01
0.772705,52.0446,-0.170446
0.773315,52.0857,-0.307488E-01
0.773926,52.1268,-0.562466E-01
0.774536,52.1679,0.176102E-01
0.775146,52.2090,0.123350
0.775757,52.2501,0.370610E-01
0.776367,52.2912,0.210170E-01
0.776978,52.3323,-0.293918
0.777588,52.3734,-0.410071
0.778198,52.4146,0.423488E-02
0.778809,52.4557,-0.145255
0.779419,52.4968,-0.119787
0.780029,52.5379,-0.786336E-01
0.780640,52.5790,-0.999273E-01
0.781250,52.6201,-0.148105
0.781860,52.6612,-0.479398E-01
0.782471,52.7023,0.326197E-01
0.783081,52.7434,0.201466E-01
0.783691,52.7845,-0.144748
0.784302,52.8257,-0.119667E-01
0.784912,52.8668,-0.139803
0.785522,52.9079,0.112314
0.786133,52.9490,-0.970378E-01
0.786743,52.9901,0.168095
0.787354,53.0312,-0.213775E-02
0.787964,53.0723,0.229646E-01
0.788574,53.1134,-0.199324
0.789185,53.1545,-0.977829E-01
0.789795,53.1956,-0.386015E-01
0.790405,53.2367,0.140302E-01
0.791016,53.2779,-0.562295E-01
0.791626,53.3190,0.267434
0.792236,53.3601,-0.829889E-01
0.792847,53.4012,-0.702434E-01
0.793457,53.4423,0.201814
0.794067,53.4834,-0.349291E-01
0.794678,53.5245,-0.367021E-01
0.795288,53.5656,0.198823
0.795898,53.6067,-0.751875E-01
0.796509,53.6478,0.269186E-01
0.797119,53.6890,-0.606026E-01
0.797729,53.7301,0.671244E-01
0.798340,53.7712,-0.721761E-02
0.798950,53.8123,-0.381208E-01
0.799561,53.8534,0.107832
0.800171,53.8945,-0.106706
0.800781,53.9356,0.546575E-01
0.801392,53.9767,-0.315545E-02
0.802002,54.0178,0.209050
0.802612,54.0589,-0.636318E-01
0.803223,54.1000,0.102581
0.803833,54.1412,-0.128782
0.804443,54.1823,-0.563273E-01
0.805054,54.2234,0.449765E-01
0.805664,54.2645,-0.106743
0.806274,54.3056,-0.178695
0.806885,54.3467,0.769393E-01
0.807495,54.3878,-0.131363E-01
0.808105,54.4289,0.234196E-01
0.808716,54.4700,-0.660608E-01
0.809326,54.5111,-0.104712E-02
0.809937,54.5523,-0.127022
0.810547,54.5934,0.213739E-01
0.811157,54.6345,0.922301E-01
0.811768,54.6756,0.631760E-01
0.812378,54.7167,-0.403549E-01
0.812988,54.7578,0.297647E-01
0.813599,54.7989,-0.168888E-01
0.814209,54.8400,-0.126507E-01
0.814819,54.8811,0.128494
0.815430,54.9222,0.362573E-01
0.816040,54.9633,0.182042
0.816650,55.0045,0.851468E-01
0.817261,55.0456,-0.674807E-01
0.817871,55.0867,0.176637
0.818481,55.1278,0.307715E-01
0.819092,55.1689,0.512109E-01
0.819702,55.2100,-0.462372E-02
0.820312,55.2511,-0.985521E-01
0.820923,55.2922,-0.173217
0.821533,55.3333,0.189845E-01
0.822144,55.3744,0.161887
0.822754,55.4155,-0.199129E-01
0.823364,55.4567,0.720261E-01
0.823975,55.4978,-0.135556
0.824585,55.5389,-0.500393E-01
0.825195,55.5800,0.406513E-01
0.825806,55.6211,-0.309427E-01
0.826416,55.6622,-0.125830E-01
0.827026,55.7033,-0.109722E-02
0.827637,55.7444,0.251249E-02
0.828247,55.7855,-0.423781E-01
0.828857,55.8266,-0.752444E-02
0.829468,55.8678,-0.863422E-01
0.830078,55.9089,0.128301
0.830688,55.9500,0.857774E-01
0.831299,55.9911,0.408044E-01
0.831909,56.0322,0.282209E-01
0.832520,56.0733,-0.642785E-01
0.833130,56.1144,-0.318484
0.833740,56.1555,-0.207120E-01
0.834351,56.1966,-0.207648
0.834961,56.2377,0.157713
0.835571,56.2788,0.712008E-02
0.836182,56.3200,-0.121315E-01
0.836792,56.3611,0.120279
0.837402,56.4022,0.162552
0.838013,56.4433,-0.132107
0.838623,56.4844,-0.205734E-01
0.839233,56.5255,0.208280
0.839844,56.5666,-0.290045
0.840454,56.6077,-0.306771E-01
0.841064,56.6488,0.449809E-01
0.841675,56.6899,0.406907E-01
0.842285,56.7311,0.106442
0.842896,56.7722,0.287418E-01
0.843506,56.8133,-0.567354E-01
0.844116,56.8544,0.253209E-01
0.844727,56.8955,-0.636275E-02
0.845337,56.9366,-0.306828E-01
0.845947,56.9777,-0.650476E-01
0.846558,57.0188,-0.284011E-01
0.847168,57.0599,0.420339E-01
0.847778,57.1010,-0.112530
0.848389,57.1421,0.409462E-01
0.848999,57.1833,0.581592E-01
0.849609,57.2244,0.716268E-01
0.850220,57.2655,-0.293660E-01
0.850830,57.3066,-0.170643E-01
0.851440,57.3477,-0.308433E-02
0.852051,57.3888,-0.132583
0.852661,57.4299,-0.232970
0.853271,57.4710,-0.101705
0.853882,57.5121,-0.233994E-02
0.854492,57.5532,0.805745E-02
0.855103,57.5944,-0.579212E-01
0.855713,57.6355,0.135368E-01
0.856323,57.6766,0.124001E-01
0.856934,57.7177,-0.119981
0.857544,57.7588,-0.501757E-01
0.858154,57.7999,-0.104715
0.858765,57.8410,0.121794
0.859375,57.8821,0.155942E-01
0.859985,57.9232,0.209949E-02
0.860596,57.9643,-0.379327E-01
0.861206,58.0054,-0.314001E-01
0.861816,58.0466,0.643386E-01
0.862427,58.0877,-0.385317E-01
0.863037,58.1288,-0.768499E-01
0.863647,58.1699,-0.513361E-01
0.864258,58.2110,0.269739E-01
0.864868,58.2521,-0.226544E-01
0.865479,58.2932,-0.125627
0.866089,58.3343,-0.332135E-01
0.866699,58.3754,0.654912E-01
0.867310,58.4165,0.447804E-01
0.867920,58.4576,0.766189E-01
0.868530,58.4988,0.339886E-01
0.869141,58.5399,-0.338908E-01
0.869751,58.5810,0.171627
0.870361,58.6221,-0.608717E-01
0.870972,58.6632,0.554156E-01
0.871582,58.7043,-0.101627
0.872192,58.7454,-0.109360
0.872803,58.7865,-0.403458E-01
0.873413,58.8276,-0.291640E-01
0.874023,58.8687,0.155331E-01
0.874634,58.9099,-0.135783E-01
0.875244,58.9510,0.699459E-01
0.875854,58.9921,-0.433754E-01
0.876465,59.0332,0.258843
0.877075,59.0743,0.114614
0.877686,59.1154,0.164959
0.878296,59.1565,-0.467087E-01
0.878906,59.1976,0.194455E-01
0.879517,59.2387,0.121790
0.880127,59.2798,-0.337233
0.880737,59.3209,-0.135963
0.881348,59.3621,-0.384543E-02
0.881958,59.4032,0.182597
0.882568,59.4443,0.359624E-01
0.883179,59.4854,-0.177088
0.883789,59.5265,-0.494928
0.884399,59.5676,-0.362207E-01
0.885010,59.6087,-0.119195
0.885620,59.6498,-0.692212E-01
0.886230,59.6909,0.894920E-01
0.886841,59.7320,-0.565925E-01
0.887451,59.7732,0.113671
0.888062,59.8143,-0.143102
0.888672,59.8554,0.189264E-01
0.889282,59.8965,-0.557299E-01
0.889893,59.9376,-0.460811E-01
0.890503,59.9787,-0.101253E-01
0.891113,60.0198,-0.911822E-02
0.891724,60.0609,0.306516E-01
0.892334,60.1020,-0.798615E-01
0.892944,60.1431,-0.440544E-01
0.893555,60.1842,-0.104709
0.894165,60.2254,-0.103965
0.894775,60.2665,-0.365767E-01
0.895386,60.3076,-0.591389E-02
0.895996,60.3487,-0.217632E-01
0.896606,60.3898,-0.643693E-01
0.897217,60.4309,-0.633039E-01
0.897827,60.4720,-0.536632E-01
0.898438,60.5131,0.137462E-01
0.899048,60.5542,0.120615E-01
0.899658,60.5953,0.135574E-01
0.900269,60.6365,0.202098E-01
0.900879,60.6776,0.352846E-01
0.901489,60.7187,-0.319085E-01
0.902100,60.7598,0.115000
0.902710,60.8009,-0.140581
0.903320,60.8420,0.598928E-01
0.903931,60.8831,0.137142
0.904541,60.9242,0.154958E-01
0.905151,60.9653,-0.415527E-01
0.905762,61.0064,-0.331064E-01
0.906372,61.0475,-0.507550E-01
0.906982,61.0887,0.146326
0.907593,61.1298,0.433659E-02
0.908203,61.1709,0.403124E-01
0.908813,61.2120,-0.810119E-01
0.909424,61.2531,0.111326
0.910034,61.2942,-0.154517E-02
0.910645,61.3353,0.674625E-02
0.911255,61.3764,-0.127372
0.911865,61.4175,-0.432925E-01
0.912476,61.4586,0.250275E-01
0.913086,61.4997,0.388661E-01
0.913696,61.5409,-0.816152E-01
0.914307,61.5820,-0.319458E-01
0.914917,61.6231,-0.761259E-01
0.915527,61.6642,0.601595E-01
0.916138,61.7053,-0.239781E-01
0.916748,61.7464,0.845290E-01
0.917358,61.7875,0.298733E-01
0.917969,61.8286,0.370433E-01
0.918579,61.8697,0.187014E-01
0.919189,61.9108,0.260384E-01
0.919800,61.9520,-0.100728
0.920410,61.9931,-0.444485E-01
0.921021,62.0342,-0.326106E-01
0.921631,62.0753,-0.191337
0.922241,62.1164,-0.262400
0.922852,62.1575,0.615957E-01
0.923462,62.1986,-0.796876E-01
0.924072,62.2397,-0.155422
0.924683,62.2808,-0.538161E-03
0.925293,62.3219,-0.145164E-01
0.925903,62.3630,-0.503579E-01
0.926514,62.4042,0.141705
0.927124,62.4453,0.878695E-01
0.927734,62.4864,0.319935E-01
0.928345,62.5275,-0.832933E-01
0.928955,62.5686,-0.355602E-01
0.929565,62.6097,-0.317864E-01
0.930176,62.6508,0.184181
0.930786,62.6919,-0.304341E-01
0.931396,62.7330,0.648849E-01
0.932007,62.7741,-0.424709E-02
0.932617,62.8153,0.701866E-01
0.933228,62.8564,-0.167991
0.933838,62.8975,-0.122692E-01
0.934448,62.9386,-0.137944E-01
0.935059,62.9797,-0.170344
0.935669,63.0208,0.613644E-01
0.936279,63.0619,0.128594
0.936890,63.1030,0.111086E-01
0.937500,63.1441,-0.901888E-02
0.938110,63.1852,0.120297E-01
0.938721,63.2263,-0.781167E-01
0.939331,63.2675,0.111593
0.939941,63.3086,-0.159498E-01
0.940552,63.3497,-0.149884E-01
0.941162,63.3908,0.295779E-01
0.941772,63.4319,0.268282E-01
0.942383,63.4730,-0.422250E-01
0.942993,63.5141,-0.697625E-01
0.943604,63.5552,-0.263036E-01
0.944214,63.5963,0.169496
0.944824,63.6374,-0.207315E-01
0.945435,63.6786,0.293668E-01
0.946045,63.7197,-0.329618E-01
0.946655,63.7608,0.223394E-01
0.947266,63.8019,0.210550E-01
0.947876,63.8430,-0.140630
0.948486,63.8841,-0.386902
0.949097,63.9252,-0.218990E-01
0.949707,63.9663,0.306637E-01
0.950317,64.0074,-0.226990E-01
0.950928,64.0485,-0.371909E-01
0.951538,64.0896,0.130893
0.952148,64.1308,0.924200E-02
0.952759,64.1719,0.412324E-01
0.953369,64.2130,0.540629E-01
0.953979,64.2541,-0.213083E-01
0.954590,64.2952,-0.839473E-01
0.955200,64.3363,-0.381210E-01
0.955811,64.3774,0.258480E-01
0.956421,64.4185,-0.510013E-01
0.957031,64.4596,0.489490E-02
0.957642,64.5007,0.156264E-01
0.958252,64.5418,-0.325745E-01
0.958862,64.5830,0.398672E-02
0.959473,64.6241,0.791939E-01
0.960083,64.6652,-0.778634E-01
0.960693,64.7063,-0.125831
0.961304,64.7474,-0.303801E-01
0.961914,64.7885,0.100474E-01
0.962524,64.8296,0.389604E-02
0.963135,64.8707,-0.633169E-01
0.963745,64.9118,-0.294366E-01
0.964355,64.9529,0.395333E-01
0.964966,64.9941,0.112186
0.965576,65.0352,-0.389368E-01
0.966187,65.0763,0.161058E-01
0.966797,65.1174,-0.963241E-01
0.967407,65.1585,-0.128206
0.968018,65.1996,0.947838E-01
0.968628,65.2407,-0.380627E-01
0.969238,65.2818,0.419945E-01
0.969849,65.3229,-0.118399E-01
0.970459,65.3640,0.863411E-02
0.971069,65.4051,0.129936
0.971680,65.4463,-0.145485E-02
0.972290,65.4874,0.561053E-01
0.972900,65.5285,0.821861E-01
0.973511,65.5696,-0.321663E-01
0.974121,65.6107,0.859850E-01
0.974731,65.6518,-0.613840E-01
0.975342,65.6929,0.484489E-01
0.975952,65.7340,0.950139E-01
0.976562,65.7751,-0.185614E-01
0.977173,65.8162,-0.554358E-02
0.977783,65.8574,0.496049E-01
0.978394,65.8985,0.194919E-01
0.979004,65.9396,0.191150
0.979614,65.9807,0.481176E-01
0.980225,66.0218,-0.136070E-01
0.980835,66.0629,-0.705848E-01
0.981445,66.1040,0.342568E-01
0.982056,66.1451,-0.564997E-01
0.982666,66.1862,0.488723E-01
0.983276,66.2273,0.772090E-03
0.983887,66.2684,0.101564
0.984497,66.3096,-0.299451E-02
0.985107,66.3507,-0.167984E-03
0.985718,66.3918,-0.153481E-01
0.986328,66.4329,-0.528039
0.986938,66.4740,0.798787E-01
0.987549,66.5151,-0.700954E-02
0.988159,66.5562,-0.120698
0.988770,66.5973,-0.362407E-01
0.989380,66.6384,0.428116E-01
0.989990,66.6795,0.555333E-01
0.990601,66.7207,0.127048
0.991211,66.7618,-0.654037E-01
0.991821,66.8029,-0.328583E-01
0.992432,66.8440,0.562009E-02
0.993042,66.8851,-0.763955E-01
0.993652,66.9262,-0.502541E-01
0.994263,66.9673,0.410214E-01
0.994873,67.0084,-0.908333E-02
0.995483,67.0495,0.302836E-01
0.996094,67.0906,0.533854E-01
0.996704,67.1317,-0.124832E-01
0.997314,67.1729,0.287717E-01
0.997925,67.2140,0.357584
0.998535,67.2551,-0.192185E-01
0.999146,67.2962,-0.401386E-01
0.999756,67.3373,-0.729855E-02
1.00037,67.3784,-0.362419E-01
1.00098,67.4195,-0.125863
1.00159,67.4606,0.567332E-01
1.00220,67.5017,-0.216826E-01
1.00281,67.5428,-0.963599E-02
1.00342,67.5839,0.714795E-01
1.00403,67.6251,-0.691296E-01
1.00464,67.6662,-0.888792E-01
1.00525,67.7073,-0.137518E-01
1.00586,67.7484,-0.252391E-01
1.00647,67.7895,-0.765447E-01
1.00708,67.8306,-0.199234
1.00769,67.8717,0.743411E-03
1.00830,67.9128,0.745424E-01
1.00891,67.9539,-0.473755E-01
1.00952,67.9950,0.990530E-01
1.01013,68.0362,-0.791448E-01
1.01074,68.0773,-0.542697E-01
1.01135,68.1184,-0.882211E-03
1.01196,68.1595,0.214602E-01
1.01257,68.2006,-0.971540E-01
1.01318,68.2417,-0.110672
1.01379,68.2828,-0.116832E-01
1.01440,68.3239,-0.127717E-01
1.01501,68.3650,0.878535E-02
1.01562,68.4061,-0.257517E-01
1.01624,68.4472,0.920911E-02
1.01685,68.4884,-0.739133E-02
1.01746,68.5295,-0.244591E-01
1.01807,68.5706,-0.547874E-01
1.01868,68.6117,-0.146515
1.01929,68.6528,0.555860E-01
1.01990,68.6939,-0.271589
1.02051,68.7350,-0.365769E-01
1.02112,68.7761,-0.645616E-01
1.02173,68.8172,-0.180339E-01
1.02234,68.8583,0.109548
1.02295,68.8995,-0.651019E-01
1.02356,68.9406,0.454249E-01
1.02417,68.9817,-0.112677
1.02478,69.0228,0.160341
1.02539,69.0639,-0.206253E-01
1.02600,69.1050,-0.124806
1.02661,69.1461,0.605597E-01
1.02722,69.1872,0.349849E-01
1.02783,69.2283,-0.222182E-01
1.02844,69.2694,0.259122E-01
1.02905,69.3105,0.619740E-01
1.02966,69.3517,0.714420E-01
1.03027,69.3928,-0.176033E-01
1.03088,69.4339,-0.273441E-01
1.03149,69.4750,-0.140074
1.03210,69.5161,-0.267088E-03
1.03271,69.5572,-0.150775
1.03333,69.5983,0.380294E-01
1.03394,69.6394,0.130472
1.03455,69.6805,0.596109E-01
1.03516,69.7216,-0.697268E-02
1.03577,69.7628,0.568632E-01
1.03638,69.8039,-0.694098E-01
1.03699,69.8450,0.915280E-01
1.03760,69.8861,-0.188959E-01
1.03821,69.9272,-0.703617E-01
1.03882,69.9683,-0.177674
1.03943,70.0094,0.427609E-01
1.04004,70.0505,0.489026E-01
1.04065,70.0916,0.531597E-01
1.04126,70.1327,-0.115485
1.04187,70.1738,0.255103E-01
1.04248,70.2150,0.368134E-01
1.04309,70.2561,0.272158E-01
1.04370,70.2972,0.173106E-02
1.04431,70.3383,-0.157324E-01
1.04492,70.3794,0.123719E-01
1.04553,70.4205,-0.548004E-03
1.04614,70.4616,0.512354E-01
1.04675,70.5027,-0.288920E-01
1.04736,70.5438,0.432646E-01
1.04797,70.5849,0.488579E-01
1.04858,70.6260,-0.288749E-01
1.04919,70.6672,-0.587721E-02
1.04980,70.7083,0.245016
1.05042,70.7494,0.131179E-01
1.05103,70.7905,-0.141588E-01
1.05164,70.8316,0.111347E-02
1.05225,70.8727,0.242255E-01
1.05286,70.9138,0.648468E-01
1.05347,70.9549,-0.487448E-01
1.05408,70.9960,-0.130921
1.05469,71.0371,-0.189822
1.05530,71.0783,0.108226E-01
1.05591,71.1194,-0.864418E-01
1.05652,71.1605,-0.196237E-01
1.05713,71.2016,-0.154364
1.05774,71.2427,-0.105381E-01
1.05835,71.2838,0.500589E-01
1.05896,71.3249,0.140015E-01
1.05957,71.3660,0.555988E-01
1.06018,71.4071,0.507406E-01
1.06079,71.4482,0.226821E-01
1.06140,71.4893,-0.162305E-01
1.06201,71.5305,-0.684216E-01
1.06262,71.5716,0.623562E-01
1.06323,71.6127,-0.289654E-01
1.06384,71.6538,0.528486E-01
1.06445,71.6949,0.167796E-01
1.06506,71.7360,0.117271
1.06567,71.7771,-0.715269E-01
1.06628,71.8182,-0.513800E-01
1.06689,71.8593,0.106765
1.06750,71.9004,0.785815E-01
1.06812,71.9416,0.228110E-01
1.06873,71.9827,-0.219880
1.06934,72.0238,-0.133519
1.06995,72.0649,-0.197840E-01
1.07056,72.1060,-0.781662E-03
1.07117,72.1471,-0.548418E-01
1.07178,72.1882,-0.128637E-01
1.07239,72.2293,0.280178E-01
1.07300,72.2704,-0.393426E-02
1.07361,72.3115,0.103050E-01
1.07422,72.3526,-0.126896E-01
1.07483,72.3938,0.139136E-01
1.07544,72.4349,-0.867952E-01
1.07605,72.4760,0.980100E-01
1.07666,72.5171,-0.749534E-02
1.07727,72.5582,-0.897782E-01
1.07788,72.5993,0.186811E-01
1.07849,72.6404,0.501106E-01
1.07910,72.6815,-0.307142E-01
1.07971,72.7226,-0.128347
1.08032,72.7637,0.562011E-02
1.08093,72.8049,-0.351919E-01
1.08154,72.8460,-0.112238
1.08215,72.8871,0.812160E-02
1.08276,72.9282,0.327711E-01
1.08337,72.9693,0.302504E-01
1.08398,73.0104,0.255828
1.08459,73.0515,0.117962E-01
1.08521,73.0926,-0.138396
1.08582,73.1337,-0.255485E-01
1.08643,73.1748,0.226360E-01
1.08704,73.2159,0.899793E-02
1.08765,73.2571,0.209402E-01
1.08826,73.2982,0.130716E-01
1.08887,73.3393,-0.579126E-02
1.08948,73.3804,0.320331E-01
1.09009,73.4215,0.196376
1.09070,73.4626,0.130973E-01
1.09131,73.5037,-0.538551E-01
1.09192,73.5448,-0.511575E-01
1.09253,73.5859,-0.213123E-02
1.09314,73.6270,-0.123245
1.09375,73.6681,-0.906002E-01
1.09436,73.7093,-0.321640E-02
1.09497,73.7504,0.223781E-01
1.09558,73.7915,-0.172436E-01
1.09619,73.8326,-0.984782E-01
1.09680,73.8737,0.153259E-01
1.09741,73.9148,-0.726083E-02
1.09802,73.9559,-0.103674
1.09863,73.9970,0.102791E-01
1.09924,74.0381,0.985340E-01
1.09985,74.0792,-0.982217E-01
1.10046,74.1204,0.263281E-01
1.10107,74.1615,-0.883283E-02
1.10168,74.2026,-0.404796E-01
1.10229,74.2437,0.181019E-01
1.10291,74.2848,0.419248E-01
1.10352,74.3259,0.662416E-02
1.10413,74.3670,-0.550256E-01
1.10474,74.4081,-0.627182E-01
1.10535,74.4492,-0.218028E-01
1.10596,74.4903,0.202455E-01
1.10657,74.5314,-0.300628E-01
1.10718,74.5726,-0.583274E-01
1.10779,74.6137,-0.825848E-02
1.10840,74.6548,0.688592E-02
1.10901,74.6959,-0.228722E-01
1.10962,74.7370,-0.218641
1.11023,74.7781,0.141689E-01
1.11084,74.8192,-0.129650
1.11145,74.8603,0.185108E-02
1.11206,74.9014,-0.651396E-01
1.11267,74.9425,-0.323362E-01
1.11328,74.9837,-0.415710E-01
1.11389,75.0248,-0.347877E-01
1.11450,75.0659,-0.276175E-01
1.11511,75.1070,-0.435189E-02
1.11572,75.1481,0.238597E-01
1.11633,75.1892,-0.188648
1.11694,75.2303,-0.362338E-01
1.11755,75.2714,0.313427E-01
1.11816,75.3125,0.346638E-01
1.11877,75.3536,-0.509703E-01
1.11938,75.3947,0.270235E-02
1.12000,75.4359,-0.246862
1.12061,75.4770,-0.158069E-01
1.12122,75.5181,0.382651E-01
1.12183,75.5592,0.118031E-02
1.12244,75.6003,-0.888614E-01
1.12305,75.6414,-0.120019
1.12366,75.6825,-0.517323E-02
1.12427,75.7236,-0.109064E-01
1.12488,75.7647,0.389873E-01
1.12549,75.8058,-0.372620E-01
1.12610,75.8470,0.320545E-01
1.12671,75.8881,-0.463337E-01
1.12732,75.9292,0.587543E-02
1.12793,75.9703,0.288960E-02
1.12854,76.0114,-0.299804E-01
1.12915,76.0525,0.987432E-01
1.12976,76.0936,0.283344E-01
1.13037,76.1347,0.105883E-01
1.13098,76.1758,0.471881E-01
1.13159,76.2169,-0.204010
1.13220,76.2580,0.664568E-01
1.13281,76.2992,0.254794E-01
1.13342,76.3403,-0.348215E-01
1.13403,76.3814,-0.156920E-01
1.13464,76.4225,0.122826
1.13525,76.4636,-0.259231E-01
1.13586,76.5047,-0.108778
1.13647,76.5458,-0.204469E-01
1.13708,76.5869,0.201298E-01
1.13770,76.6280,-0.184194E-01
1.13831,76.6691,-0.682479E-01
1.13892,76.7102,0.513137E-01
1.13953,76.7514,0.126699E-01
1.14014,76.7925,-0.200340E-01
1.14075,76.8336,-0.611255E-01
1.14136,76.8747,-0.142541E-02
1.14197,76.9158,0.480024E-01
1.14258,76.9569,0.370981E-01
1.14319,76.9980,0.239643E-01
1.14380,77.0391,0.759732E-01
1.14441,77.0802,-0.150926
1.14502,77.1213,0.843229E-02
1.14563,77.1625,0.817435E-03
1.14624,77.2036,0.326429E-01
1.14685,77.2447,-0.160055E-01
1.14746,77.2858,-0.247974E-01
1.14807,77.3269,0.671548E-01
1.14868,77.3680,-0.106894E-01
1.14929,77.4091,0.432603E-03
1.14990,77.4502,0.398010E-01
1.15051,77.4913,0.263765E-01
1.15112,77.5324,-0.260958E-02
1.15173,77.5735,-0.519945E-01
1.15234,77.6147,-0.122748
1.15295,77.6558,0.789465E-02
1.15356,77.6969,0.480681E-01
1.15417,77.7380,-0.485801E-01
1.15479,77.7791,-0.928031E-01
1.15540,77.8202,-0.129756E-01
1.15601,77.8613,-0.518850E-01
1.15662,77.9024,-0.782068E-02
1.15723,77.9435,0.152901
1.15784,77.9846,0.470547E-01
1.15845,78.0258,0.521965E-01
1.15906,78.0669,-0.204115
1.15967,78.1080,-0.494564E-02
1.16028,78.1491,-0.468862E-01
1.16089,78.1902,0.125698E-01
1.16150,78.2313,-0.113827E-01
1.16211,78.2724,-0.456440E-01
1.16272,78.3135,0.144446
1.16333,78.3546,0.472229E-01
1.16394,78.3957,0.107934
1.16455,78.4368,-0.427379E-01
1.16516,78.4780,-0.375830E-01
1.16577,78.5191,0.138921
1.16638,78.5602,0.219732
1.16699,78.6013,-0.131255E-01
1.16760,78.6424,0.262615
1.16821,78.6835,-0.972783E-02
1.16882,78.7246,0.361939E-02
1.16943,78.7657,-0.253650E-02
1.17004,78.8068,-0.260095E-01
1.17065,78.8479,-0.946947E-01
1.17126,78.8891,0.397014E-02
1.17188,78.9302,0.449842E-01
1.17249,78.9713,-0.777322E-01
1.17310,79.0124,0.545280E-01
1.17371,79.0535,-0.322006E-01
1.17432,79.0946,-0.712211E-01
1.17493,79.1357,0.191071E-01
1.17554,79.1768,-0.426609E-01
1.17615,79.2179,0.136961E-01
1.17676,79.2590,-0.340004E-01
1.17737,79.3001,-0.181109E-01
1.17798,79.3413,0.431457E-02
1.17859,79.3824,-0.258911E-01
1.17920,79.4235,0.462511E-02
1.17981,79.4646,-0.971568E-01
1.18042,79.5057,0.164473E-01
1.18103,79.5468,0.153410E-01
1.18164,79.5879,-0.495091E-01
1.18225,79.6290,0.193718
1.18286,79.6701,0.834469E-01
1.18347,79.7112,-0.175158
1.18408,79.7523,-0.728641E-02
1.18469,79.7935,-0.149734E-01
1.18530,79.8346,-0.407321E-01
1.18591,79.8757,0.108877E-01
1.18652,79.9168,0.442650E-01
1.18713,79.9579,-0.228484
1.18774,79.9990,-0.401502E-01
1.18835,80.0401,-0.849815E-02
1.18896,80.0812,0.197246
1.18958,80.1223,0.388249E-02
1.19019,80.1634,0.406016E-01
1.19080,80.2046,0.518727E-01
1.19141,80.2457,0.113317E-01
1.19202,80.2868,0.470666E-01
1.19263,80.3279,0.324506E-01
1.19324,80.3690,0.151555E-02
1.19385,80.4101,0.331690E-01
1.19446,80.4512,-0.479839E-01
1.19507,80.4923,0.243539E-02
1.19568,80.5334,-0.586893E-01
1.19629,80.5745,-0.127542
1.19690,80.6156,0.118028
1.19751,80.6568,-0.756092E-01
1.19812,80.6979,-0.150983E-01
1.19873,80.7390,-0.160198
1.19934,80.7801,0.422375E-02
1.19995,80.8212,-0.969916E-01
1.20056,80.8623,-0.120223
1.20117,80.9034,-0.266064E-01
1.20178,80.9445,-0.327713E-02
1.20239,80.9856,-0.601412E-01
1.20300,81.0267,0.207103E-01
1.20361,81.0679,0.546721E-01
1.20422,81.1090,0.458893E-01
1.20483,81.1501,0.524165E-01
1.20544,81.1912,-0.106341
1.20605,81.2323,-0.176308E-01
1.20667,81.2734,0.253152E-01
1.20728,81.3145,0.261697E-02
1.20789,81.3556,-0.481072E-01
1.20850,81.3967,-0.210871E-02
1.20911,81.4378,-0.594495E-02
1.20972,81.4789,-0.408492E-01
1.21033,81.5201,-0.275714E-01
1.21094,81.5612,-0.525862E-01
1.21155,81.6023,0.409353E-01
1.21216,81.6434,-0.929766E-01
1.21277,81.6845,-0.725456E-01
1.21338,81.7256,-0.104229E-01
1.21399,81.7667,-0.108635E-01
1.21460,81.8078,-0.261651E-01
1.21521,81.8489,0.185829
1.21582,81.8900,0.831168E-01
1.21643,81.9311,-0.237609
1.21704,81.9723,0.332548E-02
1.21765,82.0134,-0.103842
1.21826,82.0545,0.170206E-01
1.21887,82.0956,0.179728E-01
1.21948,82.1367,-0.386966E-01
1.22009,82.1778,0.775815E-01
1.22070,82.2189,-0.302714
1.22131,82.2600,0.588719E-01
1.22192,82.3011,-0.583573E-01
1.22253,82.3422,-0.161479
1.22314,82.3834,0.735502E-01
1.22375,82.4245,0.635442E-01
1.22437,82.4656,-0.394491E-01
1.22498,82.5067,0.770437E-02
1.22559,82.5478,-0.367039E-01
1.22620,82.5889,0.244046E-01
1.22681,82.6300,0.809388E-01
1.22742,82.6711,0.274680
1.22803,82.7122,-0.307886E-02
1.22864,82.7533,0.105298E-01
1.22925,82.7944,-0.963509E-01
1.22986,82.8356,-0.498883E-01
1.23047,82.8767,-0.158208E-01
1.23108,82.9178,0.671260E-03
1.23169,82.9589,-0.721895E-02
1.23230,83.0000,-0.131524E-01
1.23291,83.0411,0.133352E-01
1.23352,83.0822,-0.483918E-01
1.23413,83.1233,0.516741E-01
1.23474,83.1644,0.221577
1.23535,83.2055,0.220368E-01
1.23596,83.2467,-0.187800
1.23657,83.2878,-0.119905
1.23718,83.3289,0.244720E-01
1.23779,83.3700,0.585339E-01
1.23840,83.4111,0.154129E-01
1.23901,83.4522,-0.478049E-02
1.23962,83.4933,-0.856158E-01
1.24023,83.5344,0.883887E-03
1.24084,83.5755,0.191964E-01
1.24146,83.6166,-0.550896E-01
1.24207,83.6577,-0.679575E-01
1.24268,83.6989,0.150445
1.24329,83.7400,-0.433880E-01
1.24390,83.7811,-0.201120
1.24451,83.8222,-0.348418E-01
1.24512,83.8633,0.359602E-01
1.24573,83.9044,-0.420733E-01
1.24634,83.9455,0.768523E-01
1.24695,83.9866,0.219910
1.24756,84.0277,-0.126912E-01
1.24817,84.0688,-0.121710E-01
1.24878,84.1100,0.663428E-01
1.24939,84.1511,-0.425463E-01
1.25000,84.1922,-0.685643E-02
1.25061,84.2333,0.284240E-01
1.25122,84.2744,-0.262571E-01
1.25183,84.3155,-0.318145E-01
1.25244,84.3566,-0.337650E-01
1.25305,84.3977,0.505444E-01
1.25366,84.4388,0.293966E-01
1.25427,84.4799,0.223228E-01
1.25488,84.5210,0.588683E-01
1.25549,84.5622,0.357094E-01
1.25610,84.6033,0.766301E-01
1.25671,84.6444,-0.251689E-02
1.25732,84.6855,0.160235E-01
1.25793,84.7266,0.148751E-01
1.25854,84.7677,-0.940982E-01
1.25916,84.8088,0.180122E-01
1.25977,84.8499,-0.140201E-01
1.26038,84.8910,-0.925683E-01
1.26099,84.9321,-0.773019E-02
1.26160,84.9732,-0.265907E-01
1.26221,85.0144,0.524565E-01
1.26282,85.0555,0.294022E-01
1.26343,85.0966,0.119874E-01
1.26404,85.1377,0.314360E-01
1.26465,85.1788,0.262052E-01
1.26526,85.2199,0.475996E-01
1.26587,85.2610,-0.137482
1.26648,85.3021,-0.146308E-01
1.26709,85.3432,0.614847E-01
1.26770,85.3843,0.461434E-01
1.26831,85.4255,-0.163855E-01
1.26892,85.4666,0.918414E-02
1.26953,85.5077,-0.128440
1.27014,85.5488,0.154095E-01
1.27075,85.5899,-0.264805E-02
1.27136,85.6310,0.258869E-01
1.27197,85.6721,0.303900E-02
1.27258,85.7132,-0.256275E-01
1.27319,85.7543,-0.140116
1.27380,85.7954,-0.164031E-01
1.27441,85.8365,-0.454474E-01
1.27502,85.8777,-0.564680E-01
1.27563,85.9188,0.495576E-01
1.27625,85.9599,-0.633615E-01
1.27686,86.0010,-0.705535E-02
1.27747,86.0421,-0.758947E-01
1.27808,86.0832,-0.496961E-01
1.27869,86.1243,-0.116496E-01
1.27930,86.1654,-0.224561E-01
1.27991,86.2065,-0.825018E-02
1.28052,86.2476,0.324423E-01
1.28113,86.2888,-0.917115E-02
1.28174,86.3299,0.750481E-03
1.28235,86.3710,-0.114987E-02
1.28296,86.4121,0.123203
1.28357,86.4532,-0.159263E-01
1.28418,86.4943,-0.377557E-01
1.28479,86.5354,-0.350288E-01
1.28540,86.5765,0.272610E-01
1.28601,86.6176,0.598032E-01
1.28662,86.6587,0.189140E-01
1.28723,86.6998,0.891113E-01
1.28784,86.7410,-0.406790E-01
1.28845,86.7821,-0.691413E-04
1.28906,86.8232,-0.216864E-01
1.28967,86.8643,0.724340E-02
1.29028,86.9054,0.201020E-02
1.29089,86.9465,0.128438
1.29150,86.9876,-0.437751E-02
1.29211,87.0287,0.546852E-02
1.29272,87.0698,-0.440398E-01
1.29333,87.1109,-0.148368E-01
1.29395,87.1521,0.630785E-01
1.29456,87.1932,0.886116E-01
1.29517,87.2343,-0.198639
1.29578,87.2754,-0.316572E-01
1.29639,87.3165,-0.740084E-01
1.29700,87.3576,0.540839E-01
1.29761,87.3987,-0.956638E-01
1.29822,87.4398,-0.633320E-01
1.29883,87.4809,-0.719878E-03
1.29944,87.5220,-0.481241E-01
1.30005,87.5631,0.273481
1.30066,87.6043,-0.466981E-01
1.30127,87.6454,-0.730624E-01
1.30188,87.6865,0.580055E-01
1.30249,87.7276,-0.762171E-01
1.30310,87.7687,0.600018E-02
1.30371,87.8098,-0.152325E-01
1.30432,87.8509,0.770367E-01
1.30493,87.8920,-0.771381E-01
1.30554,87.9331,0.810099E-01
1.30615,87.9742,-0.337927E-01
1.30676,88.0153,-0.909972E-01
1.30737,88.0565,-0.289575E-01
1.30798,88.0976,-0.355774
1.30859,88.1387,0.754294E-01
1.30920,88.1798,-0.594860E-01
1.30981,88.2209,-0.108514E-01
1.31042,88.2620,0.419790E-02
1.31104,88.3031,-0.571801E-01
1.31165,88.3442,0.163540
1.31226,88.3853,-0.690210E-01
1.31287,88.4264,-0.233238E-02
1.31348,88.4676,-0.184272
1.31409,88.5087,0.119612
1.31470,88.5498,0.730067E-01
1.31531,88.5909,-0.169546E-01
1.31592,88.6320,0.223009E-01
1.31653,88.6731,-0.127822E-01
1.31714,88.7142,0.136002
1.31775,88.7553,0.543934E-01
1.31836,88.7964,-0.115106
1.31897,88.8375,-0.891133E-02
1.31958,88.8786,0.248539E-02
1.32019,88.9198,0.650880E-01
1.32080,88.9609,-0.448577E-01
1.32141,89.0020,0.329749
1.32202,89.0431,0.484677E-01
1.32263,89.0842,-0.365500E-01
1.32324,89.1253,0.644793E-02
1.32385,89.1664,-0.676372E-01
1.32446,89.2075,0.353121E-01
1.32507,89.2486,-0.688407E-01
1.32568,89.2897,0.400126E-01
1.32629,89.3309,-0.590659E-01
1.32690,89.3720,-0.517848E-01
1.32751,89.4131,-0.969776E-01
1.32812,89.4542,-0.142169E-02
1.32874,89.4953,0.303259E-01
1.32935,89.5364,0.252112E-01
1.32996,89.5775,0.260732E-01
1.33057,89.6186,0.556903E-01
1.33118,89.6597,-0.516081E-01
1.33179,89.7008,0.300214E-02
1.33240,89.7419,-0.676616E-02
1.33301,89.7831,-0.907585E-01
1.33362,89.8242,0.420865E-01
1.33423,89.8653,0.138218E-01
1.33484,89.9064,0.864619E-01
1.33545,89.9475,-0.196062E-01
1.33606,89.9886,0.556167E-01
1.33667,90.0297,-0.208709E-01
1.33728,90.0708,0.526359E-01
1.33789,90.1119,0.464312E-01
1.33850,90.1530,0.429149E-02
1.33911,90.1942,-0.135109
1.33972,90.2353,-0.145644E-01
1.34033,90.2764,-0.203691E-01
1.34094,90.3175,0.329575E-02
1.34155,90.3586,0.854004E-01
1.34216,90.3997,-0.501684E-01
1.34277,90.4408,0.524015E-01
1.34338,90.4819,-0.545147E-03
1.34399,90.5230,0.100917
1.34460,90.5641,0.133095E-01
1.34521,90.6052,-0.669946E-01
1.34583,90.6464,0.842209E-01
1.34644,90.6875,0.187707
1.34705,90.7286,0.165237E-01
1.34766,90.7697,-0.302863E-01
1.34827,90.8108,0.691956E-01
1.34888,90.8519,0.491165E-01
1.34949,90.8930,-0.486002E-01
1.35010,90.9341,-0.101620E-01
1.35071,90.9752,0.114093
1.35132,91.0163,-0.502458E-01
1.35193,91.0574,-0.840161E-01
1.35254,91.0986,-0.680146E-01
1.35315,91.1397,-0.606592E-01
1.35376,91.1808,0.678482E-02
1.35437,91.2219,0.263045E-02
1.35498,91.2630,0.899264E-02
1.35559,91.3041,-0.817910E-01
1.35620,91.3452,0.400594E-01
1.35681,91.3863,-0.637806E-01
1.35742,91.4274,0.919641E-02
1.35803,91.4685,-0.168739E-01
1.35864,91.5097,0.200921E-01
1.35925,91.5508,0.135464
1.35986,91.5919,-0.315679E-01
1.36047,91.6330,-0.271289E-01
1.36108,91.6741,-0.423455E-01
1.36169,91.7152,-0.325810E-01
1.36230,91.7563,-0.135721E-01
1.36292,91.7974,-0.658285E-02
1.36353,91.8385,0.528481E-01
1.36414,91.8796,0.280087E-01
1.36475,91.9207,0.300682E-01
1.36536,91.9619,0.211200E-02
1.36597,92.0030,0.586762E-01
1.36658,92.0441,-0.571411E-01
1.36719,92.0852,0.110325E-01
1.36780,92.1263,-0.269339E-01
1.36841,92.1674,-0.434575E-02
1.36902,92.2085,-0.146889E-01
1.36963,92.2496,-0.450516E-01
1.37024,92.2907,0.397226E-01
1.37085,92.3318,-0.241456E-02
1.37146,92.3730,-0.364053E-01
1.37207,92.4141,-0.496057E-01
1.37268,92.4552,-0.383439E-01
1.37329,92.4963,-0.590883E-01
1.37390,92.5374,0.147471
1.37451,92.5785,0.447368E-01
1.37512,92.6196,0.117844E-01
1.37573,92.6607,-0.281628E-01
1.37634,92.7018,-0.331678E-01
1.37695,92.7429,-0.713115E-01
1.37756,92.7840,0.725990E-01
1.37817,92.8252,-0.921459E-01
1.37878,92.8663,-0.989080E-02
1.37939,92.9074,-0.630204E-02
1.38000,92.9485,-0.460145E-01
1.38062,92.9896,-0.236729E-01
1.38123,93.0307,-0.108941E-01
1.38184,93.0718,-0.558288E-02
1.38245,93.1129,0.482710E-01
1.38306,93.1540,0.598426E-01
1.38367,93.1951,-0.344320E-01
1.38428,93.2363,-0.850663E-01
1.38489,93.2774,0.180468E-01
1.38550,93.3185,0.231310E-01
1.38611,93.3596,0.161167E-01
1.38672,93.4007,0.151070
1.38733,93.4418,0.779355E-01
1.38794,93.4829,-0.107564E-01
1.38855,93.5240,0.412632E-01
1.38916,93.5651,0.189988E-01
1.38977,93.6062,-0.646164E-01
1.39038,93.6473,-0.417697E-01
1.39099,93.6885,-0.797117E-04
1.39160,93.7296,0.953608E-01
1.39221,93.7707,-0.638834E-01
1.39282,93.8118,0.299666E-01
1.39343,93.8529,-0.651831E-01
1.39404,93.8940,-0.674427E-02
1.39465,93.9351,-0.397860E-02
1.39526,93.9762,0.132595
1.39587,94.0173,0.307961E-02
1.39648,94.0584,0.199102E-01
1.39709,94.0995,0.867724E-01
1.39771,94.1407,0.848538E-01
1.39832,94.1818,0.141085
1.39893,94.2229,0.943198E-02
1.39954,94.2640,-0.386905E-01
1.40015,94.3051,0.196982
1.40076,94.3462,0.304047E-01
1.40137,94.3873,-0.557248E-01
1.40198,94.4284,-0.341796E-01
1.40259,94.4695,0.200427
1.40320,94.5106,-0.100669E-01
1.40381,94.5518,0.348588E-01
1.40442,94.5929,-0.125048
1.40503,94.6340,-0.609736E-01
1.40564,94.6751,0.578433E-01
1.40625,94.7162,0.599610E-02
1.40686,94.7573,0.724066E-01
1.40747,94.7984,-0.405814E-01
1.40808,94.8395,-0.513058E-02
1.40869,94.8806,-0.283076E-01
1.40930,94.9217,0.102758
1.40991,94.9628,-0.154900
1.41052,95.0040,0.605671E-01
1.41113,95.0451,0.116593E-01
1.41174,95.0862,-0.759011E-01
1.41235,95.1273,-0.289570E-01
1.41296,95.1684,0.138572
1.41357,95.2095,-0.588613E-01
1.41418,95.2506,0.644868E-01
1.41479,95.2917,-0.792879E-02
1.41541,95.3328,0.236896E-01
1.41602,95.3739,-0.806172E-01
1.41663,95.4151,0.280049E-01
1.41724,95.4562,0.388159E-01
1.41785,95.4973,0.171947E-01
1.41846,95.5384,-0.407341
1.41907,95.5795,-0.541156E-01
1.41968,95.6206,0.105274E-01
1.42029,95.6617,-0.512588E-01
1.42090,95.7028,-0.317937E-01
1.42151,95.7439,-0.237382
1.42212,95.7850,-0.509365E-02
1.42273,95.8261,0.478928E-01
1.42334,95.8673,-0.107377
1.42395,95.9084,-0.695552E-01
1.42456,95.9495,-0.638039E-01
1.42517,95.9906,0.197461
1.42578,96.0317,0.288187E-01
1.42639,96.0728,-0.124622
1.42700,96.1139,-0.245891E-01
1.42761,96.1550,0.238528E-01
1.42822,96.1961,-0.121088E-01
1.42883,96.2372,-0.571844E-01
1.42944,96.2784,-0.129075E-03
1.43005,96.3195,0.954554E-02
1.43066,96.3606,0.891416E-01
1.43127,96.4017,0.106511E-01
1.43188,96.4428,0.293649E-01
1.43250,96.4839,-0.310464E-01
1.43311,96.5250,-0.301291E-01
1.43372,96.5661,-0.174057
1.43433,96.6072,-0.520644E-01
1.43494,96.6483,-0.510147E-01
1.43555,96.6894,0.980328E-01
1.43616,96.7306,-0.211818E-02
1.43677,96.7717,-0.725609E-01
1.43738,96.8128,-0.827485E-01
1.43799,96.8539,0.743518E-01
1.43860,96.8950,-0.217558E-01
1.43921,96.9361,-0.753052E-01
1.43982,96.9772,0.555703E-01
1.44043,97.0183,-0.217733
1.44104,97.0594,0.729037E-01
1.44165,97.1005,0.108982
1.44226,97.1416,-0.480777E-03
1.44287,97.1828,-0.298846E-01
1.44348,97.2239,0.264758E-01
1.44409,97.2650,-0.175564E-01
1.44470,97.3061,-0.177031E-01
1.44531,97.3472,-0.881814E-02
1.44592,97.3883,-0.177252
1.44653,97.4294,0.114867E-01
1.44714,97.4705,-0.178323
1.44775,97.5116,0.292570E-01
1.44836,97.5527,0.728961E-01
1.44897,97.5939,0.263226E-01
1.44958,97.6350,0.991595E-01
1.45020,97.6761,-0.412195E-02
1.45081,97.7172,0.369128E-01
1.45142,97.7583,0.119797E-01
1.45203,97.7994,-0.258051E-01
1.45264,97.8405,0.856413E-01
1.45325,97.8816,-0.976334E-01
1.45386,97.9227,-0.608116E-02
1.45447,97.9638,-0.284095E-01
1.45508,98.0049,-0.115249E-01
1.45569,98.0461,-0.552801E-01
1.45630,98.0872,-0.317160E-01
1.45691,98.1283,0.271984E-01
1.45752,98.1694,-0.757141E-02
1.45813,98.2105,-0.534578E-01
1.45874,98.2516,-0.599555E-01
1.45935,98.2927,0.512828E-02
1.45996,98.3338,0.434142E-02
1.46057,98.3749,0.597975E-02
1.46118,98.4160,0.713534E-01
1.46179,98.4572,-0.117638E-01
1.46240,98.4983,0.784249E-02
1.46301,98.5394,-0.480657E-01
1.46362,98.5805,-0.157250E-01
1.46423,98.6216,0.672056E-01
1.46484,98.6627,-0.254509E-01
1.46545,98.7038,0.175694E-01
1.46606,98.7449,0.543102E-01
1.46667,98.7860,-0.103045E-01
1.46729,98.8271,0.194867E-01
1.46790,98.8682,0.715942E-01
1.46851,98.9094,0.350085E-01
1.46912,98.9505,0.272521E-01
1.46973,98.9916,-0.313959E-02
1.47034,99.0327,-0.112954
1.47095,99.0738,0.793822E-01
1.47156,99.1149,0.895316E-02
1.47217,99.1560,-0.284470E-01
1.47278,99.1971,0.108347
1.47339,99.2382,0.219652E-01
1.47400,99.2793,0.835831E-01
1.47461,99.3205,0.777820E-01
1.47522,99.3616,-0.198037
1.47583,99.4027,0.271635E-01
1.47644,99.4438,0.231179E-01
1.47705,99.4849,-0.272981E-01
1.47766,99.5260,-0.323188E-01
1.47827,99.5671,0.648217E-02
1.47888,99.6082,-0.699769E-01
1.47949,99.6493,-0.385683E-01
1.48010,99.6904,-0.150157
1.48071,99.7315,0.285326E-01
1.48132,99.7727,0.594156E-01
1.48193,99.8138,-0.202806E-01
1.48254,99.8549,0.454375E-01
1.48315,99.8960,-0.245545E-01
1.48376,99.9371,-0.161890E-01
1.48438,99.9782,0.447227E-01
1.48499,100.019,0.527810E-01
1.48560,100.060,0.513251E-01
1.48621,100.102,0.258759E-01
1.48682,100.143,-0.163450E-01
1.48743,100.184,-0.171275E-01
1.48804,100.225,0.583152E-01
1.48865,100.266,0.217618E-01
1.48926,100.307,-0.108636
1.48987,100.348,-0.917210E-02
1.49048,100.389,-0.154357
1.49109,100.430,0.483973E-01
1.49170,100.472,-0.401330E-01
1.49231,100.513,-0.746710E-01
1.49292,100.554,-0.887077E-01
1.49353,100.595,0.696272E-01
1.49414,100.636,-0.960677E-02
1.49475,100.677,0.508479E-01
1.49536,100.718,0.743345E-02
1.49597,100.759,0.135308E-01
1.49658,100.800,-0.208054
1.49719,100.842,-0.600150E-01
1.49780,100.883,0.200434E-01
1.49841,100.924,-0.319667E-01
1.49902,100.965,0.917716E-01
1.49963,101.006,-0.447323E-02
1.50024,101.047,-0.693299E-01
1.50085,101.088,0.426623E-02
1.50146,101.129,-0.757482E-03
1.50208,101.170,-0.668220E-01
1.50269,101.211,-0.366295E-02
1.50330,101.253,0.577641E-01
1.50391,101.294,-0.151880E-01
1.50452,101.335,-0.481165E-01
1.50513,101.376,-0.398371E-02
1.50574,101.417,0.440859E-01
1.50635,101.458,-0.952327E-01
1.50696,101.499,-0.293504E-01
1.50757,101.540,0.971300E-01
1.50818,101.581,0.983975E-02
1.50879,101.623,0.231959E-01
1.50940,101.664,0.191746E-01
1.51001,101.705,0.806450E-01
1.51062,101.746,-0.500211E-01
1.51123,101.787,0.127531E-01
1.51184,101.828,0.407612E-01
1.51245,101.869,-0.149984
1.51306,101.910,-0.217615E-01
1.51367,101.951,0.158720
1.51428,101.993,-0.228149
1.51489,102.034,0.721546E-01
1.51550,102.075,0.355110E-01
1.51611,102.116,-0.319344E-01
1.51672,102.157,-0.291542E-01
1.51733,102.198,0.562337E-01
1.51794,102.239,0.402162E-01
1.51855,102.280,0.866029E-01
1.51917,102.321,0.429629E-01
1.51978,102.363,0.218126
1.52039,102.404,-0.111586
1.52100,102.445,-0.182821E-01
1.52161,102.486,0.631420E-01
1.52222,102.527,0.566277E-01
1.52283,102.568,-0.695795E-02
1.52344,102.609,0.983789E-01
1.52405,102.650,-0.286050E-01
1.52466,102.691,-0.137248
1.52527,102.733,0.483225E-01
1.52588,102.774,-0.866259E-01
1.52649,102.815,-0.130543
1.52710,102.856,-0.493759E-01
1.52771,102.897,0.351566E-01
1.52832,102.938,0.421163E-01
1.52893,102.979,-0.542332E-01
1.52954,103.020,0.287647E-01
1.53015,103.061,0.503305E-01
1.53076,103.103,-0.839448E-01
1.53137,103.144,-0.420064E-01
1.53198,103.185,-0.400569E-02
1.53259,103.226,0.802302E-01
1.53320,103.267,-0.396099E-01
1.53381,103.308,-0.404619E-01
1.53442,103.349,0.366644E-01
1.53503,103.390,0.566756E-01
1.53564,103.431,0.246091E-01
1.53625,103.473,-0.597002E-01
1.53687,103.514,-0.649325E-01
1.53748,103.555,0.348050E-01
1.53809,103.596,-0.399583E-01
1.53870,103.637,-0.441765E-02
1.53931,103.678,-0.770298E-01
1.53992,103.719,0.863967E-01
1.54053,103.760,-0.658003E-02
1.54114,103.801,0.788927E-02
1.54175,103.842,0.221861E-01
1.54236,103.884,0.395083E-01
1.54297,103.925,0.260554
1.54358,103.966,0.901425E-01
1.54419,104.007,0.631054E-01
1.54480,104.048,0.175781
1.54541,104.089,0.437553E-01
1.54602,104.130,0.971074E-01
1.54663,104.171,0.127959
1.54724,104.212,0.309979E-02
1.54785,104.254,0.130181E-01
1.54846,104.295,-0.292964E-01
1.54907,104.336,0.167799E-01
1.54968,104.377,0.736725E-01
1.55029,104.418,-0.802875E-01
1.55090,104.459,0.897933E-01
1.55151,104.500,-0.392564E-01
1.55212,104.541,0.524756E-02
1.55273,104.582,-0.475703E-01
1.55334,104.624,0.391106E-01
1.55396,104.665,-0.849989E-02
1.55457,104.706,0.226775E-01
1.55518,104.747,0.256559E-01
1.55579,104.788,0.130318E-01
1.55640,104.829,-0.625404E-01
1.55701,104.870,-0.409469E-01
1.55762,104.911,-0.113080E-01
1.55823,104.952,0.507658E-01
1.55884,104.994,0.872610E-02
1.55945,105.035,-0.117628
1.56006,105.076,-0.159199E-01
1.56067,105.117,-0.179062E-01
1.56128,105.158,-0.767441E-02
1.56189,105.199,-0.100602
1.56250,105.240,0.758794E-01
1.56311,105.281,-0.239066E-01
1.56372,105.322,-0.120590
1.56433,105.364,0.117598
1.56494,105.405,0.391901E-01
1.56555,105.446,-0.113920E-01
1.56616,105.487,0.150901
1.56677,105.528,0.970672E-01
1.56738,105.569,0.399425E-01
1.56799,105.610,0.443363E-01
1.56860,105.651,-0.562203E-01
1.56921,105.692,-0.106245E-02
1.56982,105.734,0.977903E-01
1.57043,105.775,-0.850882E-02
1.57104,105.816,0.250726E-01
1.57166,105.857,0.520822E-01
1.57227,105.898,0.195465E-02
1.57288,105.939,-0.322554E-01
1.57349,105.980,-0.740472E-01
1.57410,106.021,-0.391144E-01
1.57471,106.062,-0.238844E-03
1.57532,106.104,0.430680E-01
1.57593,106.145,0.577309E-01
1.57654,106.186,-0.115502
1.57715,106.227,0.238347E-02
1.57776,106.268,-0.628930E-01
1.57837,106.309,-0.681415E-01
1.57898,106.350,0.469736E-01
1.57959,106.391,0.229321E-01
1.58020,106.432,0.202335E-01
1.58081,106.473,0.207573E-01
1.58142,106.515,-0.319550E-01
1.58203,106.556,0.110911
1.58264,106.597,0.395976E-01
1.58325,106.638,0.470762E-01
1.58386,106.679,-0.310920E-01
1.58447,106.720,-0.879169E-02
1.58508,106.761,-0.468975E-01
1.58569,106.802,0.223351E-01
1.58630,106.843,0.650302E-01
1.58691,106.885,0.460589E-02
1.58752,106.926,-0.898386E-02
1.58813,106.967,0.559906E-01
1.58875,107.008,-0.923378E-03
1.58936,107.049,-0.273205E-01
1.58997,107.090,0.443360E-01
1.59058,107.131,0.203717E-01
1.59119,107.172,0.127880E-01
1.59180,107.213,-0.275405E-01
1.59241,107.255,0.203191E-01
1.59302,107.296,-0.278204E-01
1.59363,107.337,0.136039E-01
1.59424,107.378,-0.140784
1.59485,107.419,-0.599564E-01
1.59546,107.460,0.529040E-01
1.59607,107.501,-0.307449E-02
1.59668,107.542,-0.712132E-02
1.59729,107.583,-0.397102E-02
1.59790,107.625,-0.782818E-01
1.59851,107.666,0.706628E-01
1.59912,107.707,-0.335798E-01
1.59973,107.748,-0.289030E-01
1.60034,107.789,-0.843049E-02
1.60095,107.830,-0.332123E-01
1.60156,107.871,0.776707E-02
1.60217,107.912,0.108486E-01
1.60278,107.953,-0.406409E-01
1.60339,107.995,-0.901797E-01
1.60400,108.036,-0.183247
1.60461,108.077,-0.733300E-01
1.60522,108.118,0.140508E-01
1.60583,108.159,0.169736
1.60645,108.200,0.308082E-01
1.60706,108.241,-0.229007E-01
1.60767,108.282,0.847693E-02
1.60828,108.323,0.146396E-01
1.60889,108.365,0.725288E-01
1.60950,108.406,-0.101733
1.61011,108.447,0.324444E-01
1.61072,108.488,0.156597
1.61133,108.529,0.248467E-02
1.61194,108.570,0.166456
1.61255,108.611,0.367582E-01
1.61316,108.652,-0.495581E-01
1.61377,108.693,0.564304E-02
1.61438,108.735,-0.152201
1.61499,108.776,0.143378
1.61560,108.817,-0.430757E-01
1.61621,108.858,0.205209E-02
1.61682,108.899,-0.571078E-02
1.61743,108.940,0.301637E-01
1.61804,108.981,-0.545863E-01
1.61865,109.022,-0.827220E-01
1.61926,109.063,-0.129378E-01
1.61987,109.105,0.122253E-01
1.62048,109.146,-0.619382E-02
1.62109,109.187,0.739940E-01
1.62170,109.228,0.568152E-01
1.62231,109.269,-0.623482E-01
1.62292,109.310,-0.585091E-01
1.62354,109.351,-0.486784E-02
1.62415,109.392,0.909871E-01
1.62476,109.433,0.793215E-02
1.62537,109.474,-0.928377E-03
1.62598,109.516,-0.731392E-01
1.62659,109.557,-0.186496E-01
1.62720,109.598,-0.686689E-01
1.62781,109.639,-0.201571E-01
1.62842,109.680,-0.547357E-02
1.62903,109.721,-0.418786E-02
1.62964,109.762,0.425203E-02
1.63025,109.803,0.890068E-01
1.63086,109.844,0.164144
1.63147,109.886,0.858830E-01
1.63208,109.927,-0.764222E-01
1.63269,109.968,-0.765389E-02
1.63330,110.009,-0.197731E-01
1.63391,110.050,0.220658E-04
1.63452,110.091,-0.903451E-01
1.63513,110.132,-0.573323E-01
1.63574,110.173,0.113537E-01
1.63635,110.214,0.145027E-01
1.63696,110.256,-0.125956E-01
1.63757,110.297,-0.302285E-01
1.63818,110.338,-0.727429E-01
1.63879,110.379,-0.736130E-02
1.63940,110.420,-0.118346E-01
1.64001,110.461,0.570179E-01
1.64062,110.502,-0.137611E-02
1.64124,110.543,0.358787E-01
1.64185,110.584,0.349753E-01
1.64246,110.626,-0.104608
1.64307,110.667,0.116972E-01
1.64368,110.708,-0.278812E-01
1.64429,110.749,-0.585097E-01
1.64490,110.790,-0.131687E-01
1.64551,110.831,0.185310E-01
1.64612,110.872,0.169823E-01
1.64673,110.913,0.946973E-01
1.64734,110.954,0.195092E-01
1.64795,110.996,0.207190E-01
1.64856,111.037,-0.197428E-01
1.64917,111.078,-0.601668E-02
1.64978,111.119,0.831121E-01
1.65039,111.160,0.435295E-01
1.65100,111.201,0.210261E-01
1.65161,111.242,-0.880120E-01
1.65222,111.283,-0.164737E-01
1.65283,111.324,-0.162534E-02
1.65344,111.366,0.297827E-01
1.65405,111.407,0.178591E-01
1.65466,111.448,0.540808E-01
1.65527,111.489,-0.569758E-01
1.65588,111.530,0.144675E-01
1.65649,111.571,-0.108389
1.65710,111.612,-0.359458E-01
1.65771,111.653,0.363987E-01
1.65833,111.694,0.226818E-01
1.65894,111.736,0.227509E-01
1.65955,111.777,-0.402520E-01
1.66016,111.818,-0.301409E-01
1.66077,111.859,-0.161974
1.66138,111.900,0.347968E-01
1.66199,111.941,-0.127283
1.66260,111.982,0.236614
1.66321,112.023,-0.234564
1.66382,112.064,0.638065E-01
1.66443,112.105,0.259645E-01
1.66504,112.147,0.688506E-01
1.66565,112.188,-0.144218
1.66626,112.229,0.694397E-02
1.66687,112.270,0.406180E-01
1.66748,112.311,0.442700E-01
1.66809,112.352,0.445382E-01
1.66870,112.393,-0.283928E-02
1.66931,112.434,-0.998622E-01
1.66992,112.475,0.304004E-01
1.67053,112.517,-0.579961E-01
1.67114,112.558,-0.920288E-01
1.67175,112.599,-0.500787E-01
1.67236,112.640,-0.502272E-02
1.67297,112.681,0.785880E-01
1.67358,112.722,-0.687264E-01
1.67419,112.763,0.490633E-01
1.67480,112.804,-0.796093E-03
1.67542,112.845,-0.263496E-01
1.67603,112.887,-0.627584E-01
1.67664,112.928,-0.145429E-01
1.67725,112.969,0.167802E-03
1.67786,113.010,-0.797106E-02
1.67847,113.051,0.203696E-02
1.67908,113.092,-0.756051E-01
1.67969,113.133,-0.315345E-01
1.68030,113.174,-0.472076E-02
1.68091,113.215,-0.471534E-01
1.68152,113.257,-0.714770E-01
1.68213,113.298,-0.183066E-01
1.68274,113.339,0.586218E-01
1.68335,113.380,-0.154322E-01
1.68396,113.421,-0.937077E-01
1.68457,113.462,-0.673209E-01
1.68518,113.503,0.144903E-01
1.68579,113.544,0.958576E-02
1.68640,113.585,0.626402E-01
1.68701,113.627,0.510712E-01
1.68762,113.668,-0.915020E-02
1.68823,113.709,-0.476291E-01
1.68884,113.750,-0.263964E-01
1.68945,113.791,-0.317948E-01
1.69006,113.832,-0.161482E-01
1.69067,113.873,0.529182E-01
1.69128,113.914,0.187066E-02
1.69189,113.955,0.829651E-01
1.69250,113.997,0.471638E-01
1.69312,114.038,-0.168772E-01
1.69373,114.079,-0.365020E-02
1.69434,114.120,-0.268799E-01
1.69495,114.161,0.113669
1.69556,114.202,-0.432842E-01
1.69617,114.243,-0.177807E-01
1.69678,114.284,-0.790733E-01
1.69739,114.325,0.145056E-03
1.69800,114.367,0.183056
1.69861,114.408,0.603594E-01
1.69922,114.449,0.517618E-01
1.69983,114.490,-0.457135E-01
1.70044,114.531,0.179995E-01
1.70105,114.572,0.548116E-01
1.70166,114.613,-0.174232E-01
1.70227,114.654,0.325275E-01
1.70288,114.695,-0.229079E-02
1.70349,114.736,0.191969E-01
1.70410,114.778,0.122199
1.70471,114.819,-0.409492E-01
1.70532,114.860,-0.395952E-02
1.70593,114.901,-0.150699
1.70654,114.942,-0.623113E-01
1.70715,114.983,-0.164847E-01
1.70776,115.024,-0.872236E-02
1.70837,115.065,0.287564E-01
1.70898,115.106,-0.686348E-01
1.70959,115.148,0.107623E-01
1.71021,115.189,0.157746E-01
1.71082,115.230,-0.308465E-02
1.71143,115.271,0.149393E-01
1.71204,115.312,0.390388E-01
1.71265,115.353,-0.247068E-01
1.71326,115.394,-0.561650E-01
1.71387,115.435,-0.329788E-01
1.71448,115.476,-0.591018E-01
1.71509,115.518,-0.484885E-01
1.71570,115.559,0.594622E-01
1.71631,115.600,0.491383E-01
1.71692,115.641,0.404696E-01
1.71753,115.682,-0.179416E-01
1.71814,115.723,0.178475E-02
1.71875,115.764,-0.183611E-01
1.71936,115.805,0.113263E-01
1.71997,115.846,-0.188010
1.72058,115.888,0.416847E-01
1.72119,115.929,0.234898E-02
1.72180,115.970,0.187666E-01
1.72241,116.011,-0.142960
1.72302,116.052,0.292984E-01
1.72363,116.093,0.132061
1.72424,116.134,0.183467E-01
1.72485,116.175,-0.151215
1.72546,116.216,-0.136297E-01
1.72607,116.258,0.122580E-01
1.72668,116.299,0.981890E-01
1.72729,116.340,0.143905E-01
1.72791,116.381,-0.130664
1.72852,116.422,-0.237278E-01
1.72913,116.463,0.365861E-02
1.72974,116.504,-0.126227
1.73035,116.545,0.426957
1.73096,116.586,0.224323E-01
1.73157,116.628,0.108140
1.73218,116.669,0.659317E-05
1.73279,116.710,-0.333427E-01
1.73340,116.751,0.929040E-01
1.73401,116.792,0.620741E-01
1.73462,116.833,0.475906E-01
1.73523,116.874,0.531941E-01
1.73584,116.915,0.960479E-02
1.73645,116.956,0.958254E-01
1.73706,116.998,0.560280E-01
1.73767,117.039,0.692340E-01
1.73828,117.080,0.600974E-02
1.73889,117.121,-0.913453E-01
1.73950,117.162,-0.490477E-03
1.74011,117.203,-0.188144E-01
1.74072,117.244,0.414246E-01
1.74133,117.285,-0.304051E-01
1.74194,117.326,-0.384813E-01
1.74255,117.368,-0.187039E-01
1.74316,117.409,-0.560181E-01
1.74377,117.450,0.794275E-02
1.74438,117.491,0.491875E-01
1.74500,117.532,-0.179878E-02
1.74561,117.573,0.526824E-01
1.74622,117.614,-0.104006E-01
1.74683,117.655,0.498379E-01
1.74744,117.696,-0.105820
1.74805,117.737,0.839674E-01
1.74866,117.779,0.782505E-01
1.74927,117.820,0.498424E-01
1.74988,117.861,0.650218E-01
1.75049,117.902,0.292335E-01
1.75110,117.943,-0.903876E-01
1.75171,117.984,-0.593536E-01
1.75232,118.025,-0.340632E-02
1.75293,118.066,-0.359028E-01
1.75354,118.107,-0.582045E-02
1.75415,118.149,0.237325E-01
1.75476,118.190,0.108612
1.75537,118.231,-0.937869E-01
1.75598,118.272,-0.181236E-01
1.75659,118.313,0.231239E-01
1.75720,118.354,0.143015E-02
1.75781,118.395,0.239033E-01
1.75842,118.436,0.395748E-01
1.75903,118.477,-0.398100E-01
1.75964,118.519,-0.904763E-01
1.76025,118.560,-0.391173E-01
1.76086,118.601,-0.168568E-01
1.76147,118.642,-0.619544E-01
1.76208,118.683,-0.491047E-01
1.76270,118.724,-0.927448E-01
1.76331,118.765,-0.227087E-01
1.76392,118.806,-0.243795E-01
1.76453,118.847,-0.411754E-01
1.76514,118.889,-0.981268E-02
1.76575,118.930,-0.303235E-01
1.76636,118.971,-0.317707E-01
1.76697,119.012,-0.362827E-01
1.76758,119.053,0.214029
1.76819,119.094,-0.215688E-03
1.76880,119.135,-0.380052E-01
1.76941,119.176,-0.406257E-01
1.77002,119.217,-0.116720E-01
1.77063,119.259,-0.654879E-01
1.77124,119.300,0.809974E-01
1.77185,119.341,-0.969041E-02
1.77246,119.382,-0.716349E-02
1.77307,119.423,0.429793E-01
1.77368,119.464,0.192202
1.77429,119.505,0.424776E-01
1.77490,119.546,-0.287560E-01
1.77551,119.587,-0.270935E-02
1.77612,119.629,-0.458080E-01
1.77673,119.670,-0.698757E-01
1.77734,119.711,-0.289203E-01
1.77795,119.752,0.123247
1.77856,119.793,0.360401E-02
1.77917,119.834,0.126675
1.77979,119.875,0.162655E-01
1.78040,119.916,-0.316008E-01
1.78101,119.957,-0.622861E-01
1.78162,119.999,0.513555E-01
1.78223,120.040,0.102300E-01
1.78284,120.081,-0.190019E-01
1.78345,120.122,0.355039E-01
1.78406,120.163,-0.872870E-01
1.78467,120.204,0.207437E-01
1.78528,120.245,-0.110887E-01
1.78589,120.286,0.814845E-01
1.78650,120.327,-0.158239
1.78711,120.368,0.638804E-01
1.78772,120.410,-0.207189
1.78833,120.451,-0.199319E-01
1.78894,120.492,0.129489E-01
1.78955,120.533,-0.107022E-01
1.79016,120.574,-0.101408
1.79077,120.615,0.504609E-01
1.79138,120.656,-0.377748E-01
1.79199,120.697,0.356343E-01
1.79260,120.738,-0.123945E-01
1.79321,120.780,0.393226E-01
1.79382,120.821,-0.912055E-02
1.79443,120.862,0.552952E-01
1.79504,120.903,0.145778
1.79565,120.944,-0.861025E-01
1.79626,120.985,-0.642970E-01
1.79688,121.026,0.193376E-01
1.79749,121.067,0.358213E-01
1.79810,121.108,0.504409E-01
1.79871,121.150,-0.869572E-01
1.79932,121.191,-0.168585E-01
1.79993,121.232,-0.347697
1.80054,121.273,-0.662516E-01
1.80115,121.314,0.322040E-03
1.80176,121.355,-0.275853E-01
1.80237,121.396,-0.776159E-02
1.80298,121.437,-0.840176E-02
1.80359,121.478,0.128800
1.80420,121.520,-0.597731E-01
1.80481,121.561,0.726620E-01
1.80542,121.602,0.537334E-01
1.80603,121.643,-0.820897E-01
1.80664,121.684,-0.864936E-01
1.80725,121.725,0.104749E-01
1.80786,121.766,0.157028
1.80847,121.807,-0.633571E-01
1.80908,121.848,0.172723E-01
1.80969,121.890,-0.699195E-03
1.81030,121.931,-0.303699E-02
1.81091,121.972,0.390361E-01
1.81152,122.013,0.170724E-01
1.81213,122.054,0.854894E-01
1.81274,122.095,-0.235739E-01
1.81335,122.136,0.118730E-01
1.81396,122.177,-0.107361
1.81458,122.218,0.358976E-01
1.81519,122.260,-0.198395E-01
1.81580,122.301,0.123123E-01
1.81641,122.342,0.283759E-01
1.81702,122.383,-0.216393E-01
1.81763,122.424,0.204697E-02
1.81824,122.465,0.299359E-01
1.81885,122.506,0.546588E-01
1.81946,122.547,0.145688E-01
1.82007,122.588,0.320082E-01
1.82068,122.630,0.124653E-01
1.82129,122.671,-0.512786E-01
1.82190,122.712,0.811390E-01
1.82251,122.753,-0.761204E-01
1.82312,122.794,-0.166117
1.82373,122.835,0.165099E-01
1.82434,122.876,-0.146883E-01
1.82495,122.917,-0.555259E-02
1.82556,122.958,-0.465673E-01
1.82617,122.999,0.781077E-01
1.82678,123.041,0.926458E-01
1.82739,123.082,0.540337E-02
1.82800,123.123,0.806422E-01
1.82861,123.164,0.639138E-01
1.82922,123.205,-0.260995E-01
1.82983,123.246,-0.526896E-03
1.83044,123.287,0.524308E-01
1.83105,123.328,0.133589E-01
1.83167,123.369,-0.514292E-03
1.83228,123.411,0.733333E-01
1.83289,123.452,0.174929E-01
1.83350,123.493,-0.900489E-02
1.83411,123.534,0.454572E-01
1.83472,123.575,-0.371947E-02
1.83533,123.616,-0.133508E-01
1.83594,123.657,-0.299475E-01
1.83655,123.698,-0.519663E-01
1.83716,123.739,-0.721001E-02
1.83777,123.781,0.212781E-02
1.83838,123.822,0.511423E-01
1.83899,123.863,0.936842E-02
1.83960,123.904,-0.340044E-01
1.84021,123.945,0.309686E-01
1.84082,123.986,-0.527115E-01
1.84143,124.027,0.409622E-01
1.84204,124.068,0.567510E-01
1.84265,124.109,-0.395920E-01
1.84326,124.151,0.213627E-01
1.84387,124.192,0.493253E-01
1.84448,124.233,0.595511E-02
1.84509,124.274,-0.546599E-01
1.84570,124.315,0.206385E-01
1.84631,124.356,-0.183454E-01
1.84692,124.397,-0.432434E-01
1.84753,124.438,0.605861E-01
1.84814,124.479,0.705418E-01
1.84875,124.521,-0.433100E-01
1.84937,124.562,0.161000E-01
1.84998,124.603,-0.101262
1.85059,124.644,-0.181181
1.85120,124.685,0.916313E-01
1.85181,124.726,-0.100418
1.85242,124.767,0.460216E-01
1.85303,124.808,-0.257721E-01
1.85364,124.849,-0.699815E-02
1.85425,124.891,0.364704E-01
1.85486,124.932,0.130211E-01
1.85547,124.973,0.994478E-01
1.85608,125.014,0.184277E-01
1.85669,125.055,-0.166668E-01
1.85730,125.096,-0.444901E-01
1.85791,125.137,-0.268081
1.85852,125.178,-0.214937E-01
1.85913,125.219,-0.109912E-01
1.85974,125.261,0.972025E-01
1.86035,125.302,0.579827E-01
1.86096,125.343,0.881106E-01
1.86157,125.384,0.318218E-01
1.86218,125.425,-0.416169E-01
1.86279,125.466,-0.780164E-01
1.86340,125.507,-0.612157E-01
1.86401,125.548,-0.161150E-01
1.86462,125.589,0.243392E-03
1.86523,125.631,0.502530E-01
1.86584,125.672,0.151259E-02
1.86646,125.713,0.110544
1.86707,125.754,-0.133970
1.86768,125.795,0.724966E-01
1.86829,125.836,-0.522666E-02
1.86890,125.877,0.332389E-01
1.86951,125.918,0.272598E-01
1.87012,125.959,0.407631E-01
1.87073,126.000,0.596381E-01
1.87134,126.042,-0.293461E-01
1.87195,126.083,-0.169675E-01
1.87256,126.124,0.189318E-01
1.87317,126.165,0.859146E-02
1.87378,126.206,0.387740E-02
1.87439,126.247,0.176001E-02
1.87500,126.288,0.562901E-01
1.87561,126.329,0.384620E-01
1.87622,126.370,-0.612426E-01
1.87683,126.412,-0.872692E-01
1.87744,126.453,0.653917E-01
1.87805,126.494,-0.554840E-01
1.87866,126.535,0.401104E-01
1.87927,126.576,0.528382E-01
1.87988,126.617,0.168568E-01
1.88049,126.658,-0.114671E-01
1.88110,126.699,0.231385E-01
1.88171,126.740,-0.197127E-01
1.88232,126.782,-0.651375E-02
1.88293,126.823,0.785656E-01
1.88354,126.864,0.163702E-01
1.88416,126.905,0.315689E-01
1.88477,126.946,-0.242890E-02
1.88538,126.987,0.400579E-01
1.88599,127.028,-0.130688E-01
1.88660,127.069,0.861126E-02
1.88721,127.110,-0.189833E-01
1.88782,127.152,-0.242693E-01
1.88843,127.193,0.831189E-01
1.88904,127.234,-0.665772E-02
1.88965,127.275,0.369308E-01
1.89026,127.316,0.155605E-01
1.89087,127.357,0.177869E-01
1.89148,127.398,-0.287970E-01
1.89209,127.439,-0.144422E-01
1.89270,127.480,0.175653E-01
1.89331,127.522,-0.857233E-01
1.89392,127.563,-0.741578E-01
1.89453,127.604,-0.219107E-01
1.89514,127.645,0.211128E-02
1.89575,127.686,-0.662818E-01
1.89636,127.727,0.207506E-02
1.89697,127.768,-0.282787E-02
1.89758,127.809,0.475555E-01
1.89819,127.850,-0.380457E-01
1.89880,127.892,0.314130E-01
1.89941,127.933,-0.953046E-01
1.90002,127.974,-0.817342E-02
1.90063,128.015,-0.150270E-01
1.90125,128.056,0.597947E-01
1.90186,128.097,0.515111E-02
1.90247,128.138,-0.136905
1.90308,128.179,-0.575032E-01
1.90369,128.220,0.633222E-02
1.90430,128.262,0.295638E-01
1.90491,128.303,0.148835
1.90552,128.344,-0.503495E-01
1.90613,128.385,0.426968E-01
1.90674,128.426,-0.611232E-01
1.90735,128.467,0.227706E-01
1.90796,128.508,-0.269542E-01
1.90857,128.549,0.216970E-01
1.90918,128.590,-0.100403
1.90979,128.631,0.539969E-01
1.91040,128.673,-0.868440E-02
1.91101,128.714,-0.264428E-01
1.91162,128.755,-0.126713E-01
1.91223,128.796,-0.148478E-01
1.91284,128.837,0.482543E-01
1.91345,128.878,0.468320E-01
1.91406,128.919,-0.659592E-01
1.91467,128.960,-0.352911E-02
1.91528,129.001,0.248305E-01
1.91589,129.043,0.493137E-03
1.91650,129.084,-0.378159E-01
1.91711,129.125,0.144358
1.91772,129.166,0.486993E-01
1.91833,129.207,0.147871E-02
1.91895,129.248,0.815374E-02
1.91956,129.289,-0.901150E-02
1.92017,129.330,-0.166482E-01
1.92078,129.371,-0.918708E-02
1.92139,129.413,0.617092E-01
1.92200,129.454,0.769607E-01
1.92261,129.495,0.378967E-01
1.92322,129.536,0.905124E-01
1.92383,129.577,-0.788241E-01
1.92444,129.618,-0.561617E-02
1.92505,129.659,0.524541E-02
1.92566,129.700,0.796084E-02
1.92627,129.741,0.364631E-02
1.92688,129.783,-0.851537E-01
1.92749,129.824,0.107875E-01
1.92810,129.865,0.129014E-01
1.92871,129.906,-0.290059E-01
1.92932,129.947,-0.187495E-01
1.92993,129.988,-0.562670E-01
1.93054,130.029,0.350125E-01
1.93115,130.070,0.637703E-01
1.93176,130.111,0.187758E-01
1.93237,130.153,0.941660E-02
1.93298,130.194,-0.482914E-01
1.93359,130.235,0.310601E-01
1.93420,130.276,-0.542763E-01
1.93481,130.317,-0.437111E-01
1.93542,130.358,0.377220E-01
1.93604,130.399,-0.243151E-01
1.93665,130.440,-0.103366E-01
1.93726,130.481,-0.101077E-02
1.93787,130.523,0.183965E-01
1.93848,130.564,-0.887159E-02
1.93909,130.605,-0.176549E-01
1.93970,130.646,0.393248E-01
1.94031,130.687,-0.522593E-02
1.94092,130.728,-0.206995E-01
1.94153,130.769,0.297839
1.94214,130.810,0.155235E-01
1.94275,130.851,-0.660648E-01
1.94336,130.893,-0.254645E-01
1.94397,130.934,0.398498E-01
1.94458,130.975,0.644033E-01
1.94519,131.016,0.634645E-01
1.94580,131.057,0.108378
1.94641,131.098,-0.179197E-01
1.94702,131.139,-0.266918E-01
1.94763,131.180,-0.908849E-02
1.94824,131.221,0.789440E-01
1.94885,131.262,0.169071E-01
1.94946,131.304,-0.123203E-01
1.95007,131.345,-0.298328E-01
1.95068,131.386,0.485834E-01
1.95129,131.427,0.108894
1.95190,131.468,-0.622615E-01
1.95251,131.509,0.757094E-02
1.95312,131.550,-0.634909E-01
1.95374,131.591,0.228516E-01
1.95435,131.632,-0.150076E-01
1.95496,131.674,0.647766E-01
1.95557,131.715,-0.164476E-02
1.95618,131.756,0.162051E-01
1.95679,131.797,0.387294E-03
1.95740,131.838,-0.607389E-02
1.95801,131.879,-0.791883E-01
1.95862,131.920,-0.500780E-01
1.95923,131.961,0.898707E-03
1.95984,132.002,0.360918E-01
1.96045,132.044,-0.469342E-01
1.96106,132.085,0.201369E-01
1.96167,132.126,-0.219393E-01
1.96228,132.167,0.778651E-01
1.96289,132.208,0.375878E-01
1.96350,132.249,-0.167002E-01
1.96411,132.290,0.524322E-01
1.96472,132.331,-0.525066E-01
1.96533,132.372,-0.641198E-01
1.96594,132.414,-0.382251E-01
1.96655,132.455,-0.189334E-01
1.96716,132.496,0.293059E-01
1.96777,132.537,0.279657E-01
1.96838,132.578,-0.568844E-01
1.96899,132.619,-0.201266E-02
1.96960,132.660,-0.241946E-01
1.97021,132.701,0.197824E-02
1.97083,132.742,0.245213E-03
1.97144,132.784,-0.241676E-01
1.97205,132.825,-0.130232E-01
1.97266,132.866,-0.679216E-01
1.97327,132.907,0.103498E-01
1.97388,132.948,-0.177577E-01
1.97449,132.989,0.767280E-01
1.97510,133.030,-0.357167E-01
1.97571,133.071,-0.445132E-01
1.97632,133.112,0.132470E-01
1.97693,133.154,-0.190485
1.97754,133.195,-0.709456E-01
1.97815,133.236,0.290883E-02
1.97876,133.277,0.476312E-01
1.97937,133.318,0.458419E-02
1.97998,133.359,-0.419032E-02
1.98059,133.400,0.120828E-01
1.98120,133.441,0.171281E-01
1.98181,133.482,-0.487658E-01
1.98242,133.524,-0.216306E-01
1.98303,133.565,-0.169128
1.98364,133.606,-0.279525E-01
1.98425,133.647,0.227929E-01
1.98486,133.688,0.400251E-01
1.98547,133.729,-0.832306E-02
1.98608,133.770,0.151409E-02
1.98669,133.811,0.398250E-01
1.98730,133.852,0.133732
1.98792,133.894,-0.365133E-01
1.98853,133.935,-0.413465E-03
1.98914,133.976,-0.998615E-02
1.98975,134.017,-0.147774E-01
1.99036,134.058,-0.263144E-01
1.99097,134.099,-0.135433E-01
1.99158,134.140,0.381656E-02
1.99219,134.181,0.114981E-01
1.99280,134.222,0.176986E-01
1.99341,134.263,0.898024E-01
1.99402,134.305,0.546928E-01
1.99463,134.346,-0.102399
1.99524,134.387,-0.120121
1.99585,134.428,-0.205517E-01
1.99646,134.469,-0.103563E-01
1.99707,134.510,0.724691E-01
1.99768,134.551,0.903480E-02
1.99829,134.592,-0.147504E-01
1.99890,134.633,0.592774E-01
1.99951,134.675,-0.543345E-02
2.00012,134.716,-0.727284E-01
2.00073,134.757,0.160309E-01
2.00134,134.798,-0.333335E-01
2.00195,134.839,-0.157243
2.00256,134.880,-0.101303
2.00317,134.921,0.156307E-01
2.00378,134.962,-0.269603E-01
2.00439,135.003,0.293982E-01
2.00500,135.045,0.171073
2.00562,135.086,0.122209
2.00623,135.127,-0.229696E-01
2.00684,135.168,-0.513212E-02
2.00745,135.209,0.890649E-03
2.00806,135.250,-0.155035E-01
2.00867,135.291,-0.301123E-01
2.00928,135.332,0.122277
2.00989,135.373,-0.289513E-03
2.01050,135.415,0.118431E-01
2.01111,135.456,-0.156132E-01
2.01172,135.497,0.375081E-01
2.01233,135.538,-0.620461E-01
2.01294,135.579,-0.341009E-02
2.01355,135.620,-0.297882E-01
2.01416,135.661,0.743138E-01
2.01477,135.702,-0.579151E-02
2.01538,135.743,-0.104135E-01
2.01599,135.785,-0.319377E-01
2.01660,135.826,0.307325E-02
2.01721,135.867,0.259518E-01
2.01782,135.908,0.119643
2.01843,135.949,-0.324858E-01
2.01904,135.990,0.249244E-01
2.01965,136.031,-0.608577E-01
2.02026,136.072,-0.212098E-02
2.02087,136.113,0.228942E-02
2.02148,136.155,0.102402E-01
2.02209,136.196,-0.624804E-01
2.02271,136.237,-0.516468E-01
2.02332,136.278,0.170277E-01
2.02393,136.319,0.614135E-01
2.02454,136.360,0.239729E-01
2.02515,136.401,-0.172840E-01
2.02576,136.442,0.342096E-02
2.02637,136.483,0.103285E-01
2.02698,136.525,-0.445657E-01
2.02759,136.566,0.544748E-01
2.02820,136.607,0.146031E-01
2.02881,136.648,-0.136813
2.02942,136.689,-0.747102E-02
2.03003,136.730,0.334774E-02
2.03064,136.771,0.123683E-01
2.03125,136.812,-0.550859E-02
2.03186,136.853,-0.378152E-01
2.03247,136.894,0.484869E-02
2.03308,136.936,0.119565E-01
2.03369,136.977,-0.311836E-02
2.03430,137.018,0.164218E-01
2.03491,137.059,-0.554580E-01
2.03552,137.100,-0.206359E-01
2.03613,137.141,-0.396378E-02
2.03674,137.182,0.286688E-01
2.03735,137.223,-0.275851E-01
2.03796,137.264,-0.626797E-01
2.03857,137.306,0.689165E-01
2.03918,137.347,0.177458E-01
2.03979,137.388,0.755068E-01
2.04041,137.429,0.735178E-01
2.04102,137.470,-0.531081E-01
2.04163,137.511,0.250555E-01
2.04224,137.552,0.752446E-02
2.04285,137.593,-0.119444
2.04346,137.634,0.307581E-02
2.04407,137.676,-0.618834E-01
2.04468,137.717,0.177920E-01
2.04529,137.758,-0.161703E-01
2.04590,137.799,-0.644057E-02
2.04651,137.840,-0.111168
2.04712,137.881,0.168105
2.04773,137.922,0.254816E-01
2.04834,137.963,-0.865839E-01
2.04895,138.004,-0.946614E-01
2.04956,138.046,0.167893E-01
2.05017,138.087,0.242209E-01
2.05078,138.128,0.471284E-02
2.05139,138.169,-0.315013E-01
2.05200,138.210,0.120266
2.05261,138.251,-0.395998E-01
2.05322,138.292,-0.405450E-02
2.05383,138.333,-0.112072E-01
2.05444,138.374,0.560616E-02
2.05505,138.416,0.660977E-02
2.05566,138.457,0.725459E-01
2.05627,138.498,0.206954E-02
2.05688,138.539,0.189215E-01
2.05750,138.580,-0.681617E-02
2.05811,138.621,-0.117213E-01
2.05872,138.662,-0.229248E-01
2.05933,138.703,-0.605135E-01
2.05994,138.744,0.917201E-02
2.06055,138.786,0.119467
2.06116,138.827,0.257150E-01
2.06177,138.868,0.871417E-02
2.06238,138.909,-0.660576E-01
2.06299,138.950,-0.799074E-02
2.06360,138.991,-0.232714E-01
2.06421,139.032,-0.275879E-01
2.06482,139.073,0.158780E-01
2.06543,139.114,0.355429E-01
2.06604,139.156,0.942437E-02
2.06665,139.197,0.190320E-02
2.06726,139.238,-0.135816E-01
2.06787,139.279,-0.375603E-01
2.06848,139.320,-0.622518E-01
2.06909,139.361,-0.898356E-01
2.06970,139.402,-0.225536E-01
2.07031,139.443,-0.589154E-01
2.07092,139.484,-0.228782E-01
2.07153,139.526,0.306281E-01
2.07214,139.567,0.132654
2.07275,139.608,-0.128632E-01
2.07336,139.649,0.461098E-01
2.07397,139.690,0.950804E-02
2.07458,139.731,-0.264652E-01
2.07520,139.772,0.655964E-02
2.07581,139.813,-0.156062E-01
2.07642,139.854,-0.450005E-01
2.07703,139.895,0.613654E-02
2.07764,139.937,0.150386E-01
2.07825,139.978,-0.506375E-02
2.07886,140.019,0.583791E-01
2.07947,140.060,0.200669E-01
2.08008,140.101,-0.923864E-02
2.08069,140.142,-0.172232E-01
2.08130,140.183,-0.125746E-01
2.08191,140.224,-0.676681E-01
2.08252,140.265,-0.489521E-01
2.08313,140.307,-0.297205E-01
2.08374,140.348,0.233463E-01
2.08435,140.389,0.268213E-01
2.08496,140.430,0.551450E-01
2.08557,140.471,0.773563E-01
2.08618,140.512,-0.105321E-01
2.08679,140.553,0.277935
2.08740,140.594,0.220253E-01
2.08801,140.635,-0.363419E-01
2.08862,140.677,-0.429692E-01
2.08923,140.718,0.364132E-02
2.08984,140.759,0.590645E-02
2.09045,140.800,-0.249493E-01
2.09106,140.841,-0.447174E-02
2.09167,140.882,-0.494583E-01
2.09229,140.923,0.391736E-01
2.09290,140.964,-0.108321
2.09351,141.005,0.675784E-01
2.09412,141.047,-0.123860E-01
2.09473,141.088,-0.403261E-01
2.09534,141.129,-0.881221E-01
2.09595,141.170,-0.560632E-01
2.09656,141.211,0.420567E-01
2.09717,141.252,-0.722219E-03
2.09778,141.293,-0.278446
2.09839,141.334,-0.634084E-01
2.09900,141.375,0.125061
2.09961,141.417,-0.105142E-01
2.10022,141.458,-0.140086
2.10083,141.499,-0.242726E-02
2.10144,141.540,-0.636086E-01
2.10205,141.581,-0.101746E-01
2.10266,141.622,-0.462608E-01
2.10327,141.663,0.120482E-01
2.10388,141.704,-0.827355E-01
2.10449,141.745,-0.330548E-01
2.10510,141.787,0.570972E-01
2.10571,141.828,0.153204E-02
2.10632,141.869,0.169327E-01
2.10693,141.910,-0.838334E-02
2.10754,141.951,-0.517001E-01
2.10815,141.992,-0.444168E-01
2.10876,142.033,-0.394894E-01
2.10938,142.074,-0.445940E-01
2.10999,142.115,0.161829E-02
2.11060,142.157,0.864253E-02
2.11121,142.198,0.141178E-02
2.11182,142.239,0.287052E-01
2.11243,142.280,-0.142107E-01
2.11304,142.321,-0.822857E-01
2.11365,142.362,0.671290E-02
2.11426,142.403,-0.374203E-01
2.11487,142.444,-0.141678E-01
2.11548,142.485,0.443285E-01
2.11609,142.526,-0.273564E-02
2.11670,142.568,0.924073E-02
2.11731,142.609,-0.403925E-01
2.11792,142.650,-0.392791E-01
2.11853,142.691,-0.749385E-02
2.11914,142.732,-0.120363E-01
2.11975,142.773,0.438919E-03
2.12036,142.814,-0.493699E-01
2.12097,142.855,0.523611E-01
2.12158,142.896,-0.809766E-01
2.12219,142.938,0.880562E-01
2.12280,142.979,0.638336E-02
2.12341,143.020,-0.288552E-01
2.12402,143.061,-0.266947E-01
2.12463,143.102,0.881312E-01
2.12524,143.143,0.198625E-01
2.12585,143.184,-0.131138E-02
2.12646,143.225,-0.392797E-01
2.12708,143.266,-0.638478E-01
2.12769,143.308,-0.322452E-01
2.12830,143.349,0.135822E-01
2.12891,143.390,-0.602901E-01
2.12952,143.431,-0.946182E-02
2.13013,143.472,-0.650557E-01
2.13074,143.513,0.389350E-01
2.13135,143.554,0.388551E-01
2.13196,143.595,0.160783E-01
2.13257,143.636,-0.308761E-01
2.13318,143.678,0.452317E-01
2.13379,143.719,-0.124978
2.13440,143.760,0.131660E-01
2.13501,143.801,-0.310004E-01
2.13562,143.842,-0.158646E-01
2.13623,143.883,0.360394E-02
2.13684,143.924,0.233867E-01
2.13745,143.965,0.293948E-01
2.13806,144.006,0.487829E-01
2.13867,144.048,-0.129828E-01
2.13928,144.089,-0.365125E-01
2.13989,144.130,0.158596E-02
2.14050,144.171,0.167976E-01
2.14111,144.212,0.257409E-02
2.14172,144.253,0.242510E-02
2.14233,144.294,-0.158414E-01
2.14294,144.335,-0.106979E-01
2.14355,144.376,-0.305535E-01
2.14417,144.418,-0.147638
2.14478,144.459,0.507067E-01
2.14539,144.500,0.766034E-02
2.14600,144.541,-0.142466E-01
2.14661,144.582,0.100726
2.14722,144.623,-0.462468E-01
2.14783,144.664,0.692205E-01
2.14844,144.705,-0.653170E-02
2.14905,144.746,-0.134223E-01
2.14966,144.788,0.441436E-02
2.15027,144.829,0.734441E-01
2.15088,144.870,0.298262E-01
2.15149,144.911,0.112491
2.15210,144.952,-0.180061E-01
2.15271,144.993,0.106239
2.15332,145.034,0.114761E-01
2.15393,145.075,-0.519859E-02
2.15454,145.116,-0.534154E-01
2.15515,145.157,-0.520369E-01
2.15576,145.199,-0.225909E-01
2.15637,145.240,-0.228180E-01
2.15698,145.281,0.184111E-01
2.15759,145.322,-0.241398E-01
2.15820,145.363,-0.659416E-01
2.15881,145.404,-0.620770E-02
2.15942,145.445,-0.510918E-02
2.16003,145.486,-0.253297E-01
2.16064,145.527,-0.685118E-01
2.16125,145.569,-0.197064E-01
2.16187,145.610,-0.287012E-01
2.16248,145.651,-0.244865E-01
2.16309,145.692,0.169779
2.16370,145.733,-0.157589E-01
2.16431,145.774,0.585342E-01
2.16492,145.815,-0.141186E-01
2.16553,145.856,0.717202E-02
2.16614,145.897,0.250498E-02
2.16675,145.939,0.324938E-02
2.16736,145.980,-0.172954E-01
2.16797,146.021,0.652677E-02
2.16858,146.062,-0.207022E-01
2.16919,146.103,-0.441462E-01
2.16980,146.144,0.206552E-01
2.17041,146.185,0.147429E-01
2.17102,146.226,0.234409E-01
2.17163,146.267,0.348493E-02
2.17224,146.309,-0.177231E-01
2.17285,146.350,-0.734768E-02
2.17346,146.391,-0.720344E-01
2.17407,146.432,-0.641382E-01
2.17468,146.473,-0.908854E-02
2.17529,146.514,0.346631E-01
2.17590,146.555,-0.272550E-01
2.17651,146.596,0.260946E-01
2.17712,146.637,-0.127300
2.17773,146.679,0.467426E-01
2.17834,146.720,0.573084E-02
2.17896,146.761,-0.923623E-01
2.17957,146.802,0.193299E-01
2.18018,146.843,0.547668E-01
2.18079,146.884,-0.214193E-01
2.18140,146.925,-0.483477E-01
2.18201,146.966,0.129035E-01
2.18262,147.007,-0.745176E-01
2.18323,147.049,-0.875763E-02
2.18384,147.090,-0.770381E-01
2.18445,147.131,0.381457E-01
2.18506,147.172,0.143566E-02
2.18567,147.213,-0.332271E-03
2.18628,147.254,0.179810E-01
2.18689,147.295,0.957205E-01
2.18750,147.336,-0.211362E-01
2.18811,147.377,-0.369882E-01
2.18872,147.419,0.936712E-03
2.18933,147.460,0.422971E-01
2.18994,147.501,0.136859E-01
2.19055,147.542,-0.131667
2.19116,147.583,-0.622700E-02
2.19177,147.624,-0.106590
2.19238,147.665,-0.579696E-01
2.19299,147.706,-0.944287E-01
2.19360,147.747,0.886182E-02
2.19421,147.789,0.163259E-01
2.19482,147.830,0.283844E-01
2.19543,147.871,0.681702E-01
2.19604,147.912,0.933789E-02
2.19666,147.953,-0.110078
2.19727,147.994,0.112474E-01
2.19788,148.035,0.138421E-01
2.19849,148.076,-0.399885E-01
2.19910,148.117,-0.288353E-01
2.19971,148.158,-0.448022E-01
2.20032,148.200,-0.424825E-01
2.20093,148.241,0.701906E-01
2.20154,148.282,0.209847E-01
2.20215,148.323,-0.248616E-01
2.20276,148.364,-0.617527E-01
2.20337,148.405,-0.112963E-01
2.20398,148.446,-0.162307E-01
2.20459,148.487,0.933164E-01
2.20520,148.528,-0.718202E-02
2.20581,148.570,0.762150E-01
2.20642,148.611,-0.381579E-01
2.20703,148.652,0.883894E-02
2.20764,148.693,0.301951E-01
2.20825,148.734,-0.521110E-01
2.20886,148.775,-0.177069E-02
2.20947,148.816,-0.904129E-02
2.21008,148.857,-0.989277E-01
2.21069,148.898,-0.298084E-01
2.21130,148.940,-0.113207E-01
2.21191,148.981,0.229157E-01
2.21252,149.022,-0.577187E-03
2.21313,149.063,-0.104920E-01
2.21375,149.104,0.149012
2.21436,149.145,-0.518670E-01
2.21497,149.186,-0.182213
2.21558,149.227,-0.926969E-02
2.21619,149.268,-0.798638E-01
2.21680,149.310,-0.485357E-01
2.21741,149.351,-0.837510E-02
2.21802,149.392,-0.490622E-01
2.21863,149.433,-0.251935E-01
2.21924,149.474,0.335190E-01
2.21985,149.515,-0.115601E-01
2.22046,149.556,-0.761750E-01
2.22107,149.597,0.210069E-01
2.22168,149.638,0.318438E-02
2.22229,149.680,-0.429728E-01
2.22290,149.721,-0.904561E-02
2.22351,149.762,-0.820554E-03
2.22412,149.803,-0.246508E-01
2.22473,149.844,0.275149E-01
2.22534,149.885,0.147605
2.22595,149.926,-0.592162E-01
2.22656,149.967,-0.552082E-02
2.22717,150.008,0.170827E-01
2.22778,150.050,-0.360576E-01
2.22839,150.091,-0.255382E-02
2.22900,150.132,-0.163632E-01
2.22961,150.173,0.648495E-02
2.23022,150.214,0.307853E-01
2.23083,150.255,0.150353
2.23145,150.296,-0.477308E-01
2.23206,150.337,-0.139447E-01
2.23267,150.378,0.346597E-01
2.23328,150.420,0.269018E-01
2.23389,150.461,-0.599038E-01
2.23450,150.502,0.965472E-01
2.23511,150.543,0.311815E-01
2.23572,150.584,-0.173052E-01
2.23633,150.625,0.335468E-01
2.23694,150.666,0.120635E-01
2.23755,150.707,-0.138622
2.23816,150.748,0.400707E-01
2.23877,150.789,-0.128315E-01
2.23938,150.831,-0.903677E-02
2.23999,150.872,0.508549E-01
2.24060,150.913,-0.104548
2.24121,150.954,0.683338E-02
2.24182,150.995,0.743339E-01
2.24243,151.036,0.607934E-03
2.24304,151.077,-0.939006E-02
2.24365,151.118,0.602592E-02
2.24426,151.159,-0.310835E-01
2.24487,151.201,-0.476546E-02
2.24548,151.242,0.606324E-02
2.24609,151.283,-0.146939E-01
2.24670,151.324,-0.381744E-02
2.24731,151.365,-0.166213E-01
2.24792,151.406,-0.318908E-01
2.24854,151.447,-0.138784E-01
2.24915,151.488,-0.198456E-01
2.24976,151.529,-0.185610E-02
2.25037,151.571,0.113879
2.25098,151.612,-0.139798E-02
2.25159,151.653,0.714611E-01
2.25220,151.694,-0.305532E-01
2.25281,151.735,-0.113728E-01
2.25342,151.776,0.204504E-01
2.25403,151.817,0.360215E-01
2.25464,151.858,-0.113432E-01
2.25525,151.899,0.343848E-01
2.25586,151.941,-0.107350E-01
2.25647,151.982,0.569262E-02
2.25708,152.023,-0.288238E-03
2.25769,152.064,0.176421E-01
2.25830,152.105,-0.450207E-01
2.25891,152.146,-0.603285E-02
2.25952,152.187,0.181694E-01
2.26013,152.228,0.886750E-02
2.26074,152.269,-0.102420E-01
2.26135,152.311,-0.410154E-01
2.26196,152.352,0.246810E-01
2.26257,152.393,-0.121019E-01
2.26318,152.434,-0.674967E-02
2.26379,152.475,-0.186728E-01
2.26440,152.516,0.142655E-01
2.26501,152.557,0.617273E-01
2.26562,152.598,0.566232E-01
2.26624,152.639,-0.405404E-01
2.26685,152.681,0.236153E-02
2.26746,152.722,-0.467369E-01
2.26807,152.763,0.354977E-01
2.26868,152.804,-0.849952E-01
2.26929,152.845,-0.385796E-01
2.26990,152.886,-0.168068
2.27051,152.927,-0.545878E-01
2.27112,152.968,0.259594E-01
2.27173,153.009,-0.160794E-01
2.27234,153.051,-0.139826E-01
2.27295,153.092,0.425613E-01
2.27356,153.133,-0.151549E-01
2.27417,153.174,-0.877651E-01
2.27478,153.215,0.868960E-02
2.27539,153.256,-0.468940E-01
2.27600,153.297,-0.857215E-02
2.27661,153.338,0.184209E-01
2.27722,153.379,-0.142970E-01
2.27783,153.420,0.136542E-01
2.27844,153.462,-0.197678E-01
2.27905,153.503,0.863682E-01
2.27966,153.544,-0.132461E-01
2.28027,153.585,-0.685791E-01
2.28088,153.626,-0.407188E-01
2.28149,153.667,0.136811E-02
2.28210,153.708,0.104504E-01
2.28271,153.749,-0.628589E-01
2.28333,153.790,0.428712E-02
2.28394,153.832,-0.112001E-01
2.28455,153.873,-0.110559
2.28516,153.914,-0.507185E-01
2.28577,153.955,-0.161197
2.28638,153.996,0.361042E-01
2.28699,154.037,0.477012E-02
2.28760,154.078,0.189530E-01
2.28821,154.119,-0.343897E-01
2.28882,154.160,0.111450E-01
2.28943,154.202,-0.652347E-01
2.29004,154.243,0.107305E-01
2.29065,154.284,-0.355707E-01
2.29126,154.325,-0.120113E-02
2.29187,154.366,0.584170E-01
2.29248,154.407,0.228214
2.29309,154.448,-0.442114E-01
2.29370,154.489,-0.115976E-02
2.29431,154.530,-0.426289E-03
2.29492,154.572,0.153477E-02
2.29553,154.613,0.246062E-01
2.29614,154.654,0.116841E-01
2.29675,154.695,0.608267E-01
2.29736,154.736,0.268677E-01
2.29797,154.777,0.810628E-02
2.29858,154.818,-0.116178E-01
2.29919,154.859,0.541933E-01
2.29980,154.900,0.326453E-01
2.30042,154.942,-0.489149E-01
2.30103,154.983,0.835456E-01
2.30164,155.024,-0.186704E-01
2.30225,155.065,-0.432742E-01
2.30286,155.106,0.930437E-01
2.30347,155.147,-0.944276E-02
2.30408,155.188,-0.208359E-02
2.30469,155.229,0.234945E-01
2.30530,155.270,0.562411E-01
2.30591,155.312,0.143808E-01
2.30652,155.353,-0.388006E-01
2.30713,155.394,-0.124988E-01
2.30774,155.435,0.182477E-01
2.30835,155.476,-0.308143E-01
2.30896,155.517,-0.464133E-01
2.30957,155.558,0.998624E-02
2.31018,155.599,-0.408347E-02
2.31079,155.640,-0.459087E-01
2.31140,155.682,-0.281843E-01
2.31201,155.723,-0.185053E-01
2.31262,155.764,-0.433815E-01
2.31323,155.805,-0.149773E-01
2.31384,155.846,0.209382E-01
2.31445,155.887,0.744189E-02
2.31506,155.928,-0.168960E-01
2.31567,155.969,0.226993E-01
2.31628,156.010,0.229132E-01
2.31689,156.052,0.413363E-01
2.31750,156.093,0.163296E-01
2.31812,156.134,0.841254E-02
2.31873,156.175,-0.142383
2.31934,156.216,-0.391483E-01
2.31995,156.257,-0.475980E-02
2.32056,156.298,-0.626436E-01
2.32117,156.339,-0.141516E-01
2.32178,156.380,-0.485869E-01
2.32239,156.421,0.322578E-01
2.32300,156.463,-0.821129E-02
2.32361,156.504,0.510637E-01
2.32422,156.545,0.205884E-01
2.32483,156.586,0.250102E-01
2.32544,156.627,0.499833E-01
2.32605,156.668,0.499137E-03
2.32666,156.709,-0.716658E-01
2.32727,156.750,-0.361585E-02
2.32788,156.791,0.585588E-01
2.32849,156.833,-0.924054E-02
2.32910,156.874,0.541289E-01
2.32971,156.915,0.353178E-02
2.33032,156.956,-0.162712E-01
2.33093,156.997,0.109761E-01
2.33154,157.038,0.160536E-02
2.33215,157.079,-0.119635E-01
2.33276,157.120,0.129648E-01
2.33337,157.161,0.329030E-01
2.33398,157.203,0.261746E-01
2.33459,157.244,-0.101989
2.33521,157.285,0.270108E-01
2.33582,157.326,-0.233642E-01
2.33643,157.367,-0.220295E-01
2.33704,157.408,-0.401597E-01
2.33765,157.449,0.772195E-01
2.33826,157.490,0.121453E-01
2.33887,157.531,-0.476471E-02
2.33948,157.573,-0.105805E-01
2.34009,157.614,-0.463299E-01
2.34070,157.655,0.301590E-04
2.34131,157.696,-0.481378E-02
2.34192,157.737,-0.461507E-01
2.34253,157.778,-0.110983E-01
2.34314,157.819,-0.892631E-02
2.34375,157.860,0.576739E-03
2.34436,157.901,-0.611123E-01
2.34497,157.943,0.388493E-01
2.34558,157.984,0.537135E-02
2.34619,158.025,-0.221845E-01
2.34680,158.066,0.714617E-02
2.34741,158.107,-0.394903E-01
2.34802,158.148,0.413807E-01
2.34863,158.189,-0.171229E-01
2.34924,158.230,-0.180090E-01
2.34985,158.271,0.107563E-01
2.35046,158.313,-0.112507E-01
2.35107,158.354,-0.196846E-01
2.35168,158.395,-0.193430E-03
2.35229,158.436,-0.230844E-01
2.35291,158.477,0.500076E-03
2.35352,158.518,0.183420E-01
2.35413,158.559,-0.154907E-01
2.35474,158.600,0.134179E-01
2.35535,158.641,-0.740843E-02
2.35596,158.683,-0.101518E-02
2.35657,158.724,0.182042E-01
2.35718,158.765,-0.114323
2.35779,158.806,-0.121679E-01
2.35840,158.847,0.409783E-01
2.35901,158.888,0.702850E-01
2.35962,158.929,0.783066E-01
2.36023,158.970,0.666821E-02
2.36084,159.011,0.401821E-02
2.36145,159.052,0.119569E-01
2.36206,159.094,0.171851E-01
2.36267,159.135,-0.956842E-02
2.36328,159.176,-0.130827E-01
2.36389,159.217,-0.855480E-01
2.36450,159.258,0.248746E-01
2.36511,159.299,-0.340869E-01
2.36572,159.340,-0.130656E-01
2.36633,159.381,0.723359E-02
2.36694,159.422,0.395855E-02
2.36755,159.464,0.878681E-02
2.36816,159.505,0.117284E-02
2.36877,159.546,0.492206E-02
2.36938,159.587,-0.203273E-01
2.37000,159.628,-0.730965E-01
2.37061,159.669,-0.712981E-01
2.37122,159.710,0.885944E-01
2.37183,159.751,0.668947E-01
2.37244,159.792,0.885188E-01
2.37305,159.834,0.143824E-01
2.37366,159.875,0.972140E-01
2.37427,159.916,-0.202431E-01
2.37488,159.957,0.354604E-01
2.37549,159.998,-0.264444E-01
2.37610,160.039,0.215401E-02
2.37671,160.080,-0.401695E-01
2.37732,160.121,0.683215E-01
2.37793,160.162,0.161017E-01
2.37854,160.204,-0.253431E-01
2.37915,160.245,-0.123086E-01
2.37976,160.286,0.199384E-01
2.38037,160.327,-0.138252E-01
2.38098,160.368,-0.219723E-01
2.38159,160.409,0.587619E-01
2.38220,160.450,-0.143194E-01
2.38281,160.491,0.349616E-01
2.38342,160.532,-0.459267E-01
2.38403,160.574,-0.382029E-01
2.38464,160.615,0.412084E-01
2.38525,160.656,-0.562579E-01
2.38586,160.697,-0.318143E-01
2.38647,160.738,0.342082E-01
2.38708,160.779,-0.433599E-02
2.38770,160.820,-0.307318E-01
2.38831,160.861,-0.459945E-01
2.38892,160.902,0.878229E-02
2.38953,160.944,-0.280125E-01
2.39014,160.985,0.162922E-01
2.39075,161.026,-0.656999E-01
2.39136,161.067,-0.162475E-01
2.39197,161.108,0.238404E-01
2.39258,161.149,0.406785E-01
2.39319,161.190,0.327634E-01
2.39380,161.231,0.590344E-02
2.39441,161.272,0.813335E-03
2.39502,161.314,0.106922E-03
2.39563,161.355,0.544331E-04
2.39624,161.396,-0.187271E-01
2.39685,161.437,-0.317536E-01
2.39746,161.478,0.289582E-01
2.39807,161.519,-0.755785E-02
2.39868,161.560,0.246702E-01
2.39929,161.601,-0.207270E-02
2.39990,161.642,0.356053E-02
2.40051,161.683,0.152077E-02
2.40112,161.725,0.170166
2.40173,161.766,0.993871E-01
2.40234,161.807,-0.396920E-01
2.40295,161.848,-0.304115E-01
2.40356,161.889,0.113866E-02
2.40417,161.930,0.108635E-01
2.40479,161.971,0.263030E-01
2.40540,162.012,0.119471
2.40601,162.053,0.306973E-01
2.40662,162.095,0.570627E-01
2.40723,162.136,-0.163230E-01
2.40784,162.177,-0.870134E-02
2.40845,162.218,-0.699656E-02
2.40906,162.259,-0.326240E-01
2.40967,162.300,0.569667E-02
2.41028,162.341,-0.731706E-02
2.41089,162.382,0.398238E-01
2.41150,162.423,-0.122276
2.41211,162.465,-0.756834E-01
2.41272,162.506,-0.763042E-01
2.41333,162.547,-0.182362E-01
2.41394,162.588,-0.737738E-02
2.41455,162.629,0.620620E-01
2.41516,162.670,0.865939E-01
2.41577,162.711,0.147093E-01
2.41638,162.752,-0.504941E-01
2.41699,162.793,-0.706374E-01
2.41760,162.835,-0.784296E-01
2.41821,162.876,0.811558E-01
2.41882,162.917,-0.631193E-01
2.41943,162.958,0.922898E-01
2.42004,162.999,-0.105915E-01
2.42065,163.040,-0.645440E-02
2.42126,163.081,-0.281326E-02
2.42188,163.122,0.395319E-02
2.42249,163.163,-0.305082E-01
2.42310,163.205,-0.148845E-03
2.42371,163.246,0.881432E-02
2.42432,163.287,-0.187363E-01
2.42493,163.328,0.127737
2.42554,163.369,-0.202651E-01
2.42615,163.410,-0.405196E-01
2.42676,163.451,-0.215486E-01
2.42737,163.492,0.219556E-01
2.42798,163.533,-0.467150E-01
2.42859,163.575,0.527808E-01
2.42920,163.616,-0.929289E-01
2.42981,163.657,0.120717E-01
2.43042,163.698,-0.134199E-01
2.43103,163.739,-0.296474E-01
2.43164,163.780,0.611605E-02
2.43225,163.821,0.162848E-02
2.43286,163.862,0.136035
2.43347,163.903,0.395598E-01
2.43408,163.945,0.136509E-02
2.43469,163.986,0.456494E-01
2.43530,164.027,-0.652375E-01
2.43591,164.068,-0.318755E-01
2.43652,164.109,0.249028E-01
2.43713,164.150,-0.102182E-01
2.43774,164.191,0.840006E-01
2.43835,164.232,-0.497128E-01
2.43896,164.273,-0.424464E-01
2.43958,164.315,0.959731E-01
2.44019,164.356,-0.662535E-01
2.44080,164.397,0.172056E-02
2.44141,164.438,0.453629E-01
2.44202,164.479,-0.123787
2.44263,164.520,-0.127891E-01
2.44324,164.561,0.946596E-02
2.44385,164.602,0.257789E-01
2.44446,164.643,0.111052
2.44507,164.684,0.867504E-01
2.44568,164.726,0.927635E-01
2.44629,164.767,-0.176120E-01
2.44690,164.808,0.443234E-02
2.44751,164.849,-0.439973E-02
2.44812,164.890,-0.438675E-01
2.44873,164.931,-0.123492E-01
2.44934,164.972,0.580434E-01
2.44995,165.013,-0.393748E-01
2.45056,165.054,0.101995
2.45117,165.096,0.209983E-01
2.45178,165.137,-0.635149E-01
2.45239,165.178,-0.845524E-01
2.45300,165.219,0.339823E-02
2.45361,165.260,0.945481E-02
2.45422,165.301,0.460042E-03
2.45483,165.342,-0.105471
2.45544,165.383,0.538812E-01
2.45605,165.424,-0.179424E-02
2.45667,165.466,-0.102899
2.45728,165.507,0.193696E-01
2.45789,165.548,0.350801E-01
2.45850,165.589,0.470078E-01
2.45911,165.630,-0.789640E-02
2.45972,165.671,-0.345149E-01
2.46033,165.712,-0.239775E-01
2.46094,165.753,-0.913258E-01
2.46155,165.794,0.870912E-01
2.46216,165.836,-0.401876E-01
2.46277,165.877,-0.467072E-01
2.46338,165.918,-0.558972E-01
2.46399,165.959,0.131127E-01
2.46460,166.000,0.339150E-01
2.46521,166.041,-0.107011
2.46582,166.082,0.129294E-01
2.46643,166.123,0.134275E-01
2.46704,166.164,0.764231E-01
2.46765,166.206,-0.237742E-02
2.46826,166.247,0.407126E-01
2.46887,166.288,-0.729064E-01
2.46948,166.329,0.530828E-01
2.47009,166.370,0.113534E-01
2.47070,166.411,-0.272605E-02
2.47131,166.452,0.141689E-01
2.47192,166.493,0.438391E-01
2.47253,166.534,0.342859E-01
2.47314,166.576,-0.110101E-01
2.47375,166.617,0.640263E-01
2.47437,166.658,-0.682258E-01
2.47498,166.699,-0.245066E-01
2.47559,166.740,-0.397719E-01
2.47620,166.781,-0.602701E-02
2.47681,166.822,-0.625429E-01
2.47742,166.863,-0.147504
2.47803,166.904,0.867902E-03
2.47864,166.946,0.702425E-01
2.47925,166.987,-0.697398E-01
2.47986,167.028,-0.297518E-01
2.48047,167.069,0.251877E-01
2.48108,167.110,0.457762E-01
2.48169,167.151,-0.136441E-01
2.48230,167.192,-0.475375E-02
2.48291,167.233,-0.560061E-01
2.48352,167.274,-0.118909
2.48413,167.315,-0.246602E-01
2.48474,167.357,0.117142
2.48535,167.398,-0.190701E-01
2.48596,167.439,-0.127508E-01
2.48657,167.480,-0.980632E-01
2.48718,167.521,0.304502E-01
2.48779,167.562,-0.101312E-01
2.48840,167.603,0.432481E-01
2.48901,167.644,0.417216E-02
2.48962,167.685,-0.238816E-01
2.49023,167.727,-0.967975E-02
2.49084,167.768,0.161493E-01
2.49146,167.809,-0.451035E-01
2.49207,167.850,-0.268202E-01
2.49268,167.891,0.558806E-01
2.49329,167.932,0.282214E-01
2.49390,167.973,0.260971E-01
2.49451,168.014,0.743868E-02
2.49512,168.055,-0.289007E-01
2.49573,168.097,-0.514655E-02
2.49634,168.138,0.224436E-03
2.49695,168.179,0.841253E-01
2.49756,168.220,0.176683
2.49817,168.261,-0.648611E-01
2.49878,168.302,0.139549E-01
2.49939,168.343,-0.515380E-01
2.50000,168.384,-0.464614E-01
2.50061,168.425,-0.485695E-02
2.50122,168.467,0.334737E-01
2.50183,168.508,-0.157782E-01
2.50244,168.549,-0.278467E-01
2.50305,168.590,0.295984E-01
2.50366,168.631,-0.242264E-01
2.50427,168.672,-0.357682E-01
2.50488,168.713,-0.144148E-01
2.50549,168.754,0.520661E-01
2.50610,168.795,0.256513E-01
2.50671,168.837,-0.150298
2.50732,168.878,-0.496550E-01
2.50793,168.919,-0.211433E-01
2.50854,168.960,-0.823048E-02
2.50916,169.001,0.113109E-01
2.50977,169.042,0.165578
2.51038,169.083,0.828613E-01
2.51099,169.124,0.564089E-01
2.51160,169.165,-0.192598E-01
2.51221,169.207,0.127344E-01
2.51282,169.248,0.449824E-03
2.51343,169.289,0.235795E-01
2.51404,169.330,-0.408455E-02
2.51465,169.371,0.126308E-02
2.51526,169.412,-0.167347E-01
2.51587,169.453,-0.233937E-01
2.51648,169.494,0.797348E-01
2.51709,169.535,0.281141E-01
2.51770,169.577,-0.243933E-01
2.51831,169.618,-0.875472E-02
2.51892,169.659,0.392912E-01
2.51953,169.700,-0.244035E-01
2.52014,169.741,0.238745E-01
2.52075,169.782,0.452182E-01
2.52136,169.823,0.152073E-01
2.52197,169.864,-0.101420E-01
2.52258,169.905,-0.593488E-02
2.52319,169.946,-0.176416
2.52380,169.988,0.585565E-02
2.52441,170.029,-0.616927E-01
2.52502,170.070,0.591470E-01
2.52563,170.111,0.170805E-01
2.52625,170.152,0.596475E-01
2.52686,170.193,0.409202E-01
2.52747,170.234,0.270471E-01
2.52808,170.275,-0.268424E-01
2.52869,170.316,0.154202E-01
2.52930,170.358,-0.156906E-01
2.52991,170.399,-0.171916E-01
2.53052,170.440,-0.174644E-01
2.53113,170.481,0.795682E-01
2.53174,170.522,0.300003E-01
2.53235,170.563,-0.349114E-01
2.53296,170.604,-0.706603E-01
2.53357,170.645,0.943552E-02
2.53418,170.686,-0.574764E-01
2.53479,170.728,-0.313443E-01
2.53540,170.769,-0.117270E-01
2.53601,170.810,-0.351520E-01
2.53662,170.851,-0.717916E-01
2.53723,170.892,-0.659746E-01
2.53784,170.933,-0.457017E-01
2.53845,170.974,-0.588637E-01
2.53906,171.015,0.123270E-01
2.53967,171.056,0.142813
2.54028,171.098,0.586507E-02
2.54089,171.139,-0.913843E-02
2.54150,171.180,-0.517599E-02
2.54211,171.221,-0.505483E-01
2.54272,171.262,-0.110314
2.54333,171.303,-0.668600E-02
2.54395,171.344,0.180986E-01
2.54456,171.385,-0.516884E-01
2.54517,171.426,0.281282E-01
2.54578,171.468,0.339104E-01
2.54639,171.509,0.795476E-02
2.54700,171.550,0.200456E-02
2.54761,171.591,0.114744
2.54822,171.632,0.190894E-02
2.54883,171.673,0.262665E-01
2.54944,171.714,-0.197095E-01
2.55005,171.755,-0.619071E-01
2.55066,171.796,0.380632E-01
2.55127,171.838,-0.111604E-01
2.55188,171.879,0.420762E-01
2.55249,171.920,0.689551E-02
2.55310,171.961,-0.725628E-01
2.55371,172.002,-0.155391E-01
2.55432,172.043,0.454003E-01
2.55493,172.084,-0.265243E-01
2.55554,172.125,-0.114959
2.55615,172.166,-0.253921E-01
2.55676,172.208,-0.331550E-01
2.55737,172.249,0.286610E-01
2.55798,172.290,0.194845
2.55859,172.331,0.244096E-01
2.55920,172.372,-0.993086E-02
2.55981,172.413,0.396157E-01
2.56042,172.454,-0.223918E-01
2.56104,172.495,0.412015E-02
2.56165,172.536,0.244931E-01
2.56226,172.578,-0.907937E-01
2.56287,172.619,0.287362E-01
2.56348,172.660,0.266435E-01
2.56409,172.701,0.470738E-01
2.56470,172.742,-0.446894E-02
2.56531,172.783,0.976611E-02
2.56592,172.824,0.138627E-01
2.56653,172.865,-0.688704E-01
2.56714,172.906,-0.144474E-01
2.56775,172.947,0.354550E-03
2.56836,172.989,-0.272816E-01
2.56897,173.030,-0.141800
2.56958,173.071,-0.585960E-01
2.57019,173.112,0.321706E-01
2.57080,173.153,-0.264784
2.57141,173.194,0.614855E-01
2.57202,173.235,-0.657131E-01
2.57263,173.276,-0.259249E-01
2.57324,173.317,-0.484527E-01
2.57385,173.359,-0.363834E-01
2.57446,173.400,0.717569E-01
2.57507,173.441,0.647651E-01
2.57568,173.482,0.119375E-01
2.57629,173.523,-0.243817E-01
2.57690,173.564,0.310102E-01
2.57751,173.605,0.516859E-01
2.57812,173.646,-0.640156E-02
2.57874,173.687,0.512957E-02
2.57935,173.729,-0.169015E-01
2.57996,173.770,0.711624E-01
2.58057,173.811,0.935044E-02
2.58118,173.852,-0.480504E-01
2.58179,173.893,0.318807E-01
2.58240,173.934,-0.185152E-01
2.58301,173.975,-0.177705E-01
2.58362,174.016,-0.506453E-02
2.58423,174.057,0.832468E-03
2.58484,174.099,-0.202099E-01
2.58545,174.140,0.191568E-01
2.58606,174.181,0.282845E-01
2.58667,174.222,0.755485E-02
2.58728,174.263,0.444442E-01
2.58789,174.304,-0.205915E-02
2.58850,174.345,-0.257112E-01
2.58911,174.386,-0.162918E-01
2.58972,174.427,0.209099E-01
2.59033,174.469,-0.326917E-02
2.59094,174.510,0.402794E-01
2.59155,174.551,0.105072E-02
2.59216,174.592,0.446409E-01
2.59277,174.633,0.455597E-01
2.59338,174.674,0.860947E-02
2.59399,174.715,-0.442414E-01
2.59460,174.756,-0.197362E-01
2.59521,174.797,-0.705259E-02
2.59583,174.839,-0.184443E-01
2.59644,174.880,0.180518E-01
2.59705,174.921,-0.436079E-01
2.59766,174.962,-0.420487E-01
2.59827,175.003,-0.404721E-02
2.59888,175.044,0.169471E-01
2.59949,175.085,-0.963820E-03
2.60010,175.126,0.914351E-01
2.60071,175.167,0.666280E-01
2.60132,175.209,0.468791E-01
2.60193,175.250,0.236144E-01
2.60254,175.291,-0.138043E-01
2.60315,175.332,0.115468
2.60376,175.373,-0.435956E-01
2.60437,175.414,0.177690E-01
2.60498,175.455,-0.117555E-01
2.60559,175.496,-0.300646E-01
2.60620,175.537,0.119987
2.60681,175.578,-0.253985E-01
2.60742,175.620,-0.106714E-01
2.60803,175.661,-0.120790
2.60864,175.702,0.443678E-01
2.60925,175.743,-0.128894E-01
2.60986,175.784,0.166026E-01
2.61047,175.825,-0.119282
2.61108,175.866,0.936229E-01
2.61169,175.907,-0.239184E-01
2.61230,175.948,-0.911013E-01
2.61292,175.990,-0.558096E-01
2.61353,176.031,0.383707E-01
2.61414,176.072,-0.952846E-01
2.61475,176.113,-0.835800E-01
2.61536,176.154,0.121886E-01
2.61597,176.195,0.367539E-01
2.61658,176.236,0.213005
2.61719,176.277,-0.549442E-01
2.61780,176.318,0.361896E-01
2.61841,176.360,-0.109334E-02
2.61902,176.401,-0.393063E-01
2.61963,176.442,-0.202530E-01
2.62024,176.483,-0.163841E-02
2.62085,176.524,-0.108046E-01
2.62146,176.565,-0.192628E-01
2.62207,176.606,0.636054E-02
2.62268,176.647,0.129799E-01
2.62329,176.688,0.122327E-01
2.62390,176.730,-0.574889E-01
2.62451,176.771,0.556305E-01
2.62512,176.812,-0.127388E-02
2.62573,176.853,-0.219917E-01
2.62634,176.894,0.354237E-02
2.62695,176.935,-0.111271
2.62756,176.976,-0.350475E-01
2.62817,177.017,-0.354243E-02
2.62878,177.058,0.397081E-02
2.62939,177.100,0.113865E-01
2.63000,177.141,-0.159601E-01
2.63062,177.182,-0.624465E-01
2.63123,177.223,-0.104621E-02
2.63184,177.264,-0.588703E-01
2.63245,177.305,0.719662E-02
2.63306,177.346,-0.804751E-02
2.63367,177.387,-0.254133E-02
2.63428,177.428,-0.679537E-01
2.63489,177.470,-0.178777E-01
2.63550,177.511,-0.510940E-01
2.63611,177.552,-0.587317E-02
2.63672,177.593,0.172239E-01
2.63733,177.634,-0.992875E-02
2.63794,177.675,0.531087E-01
2.63855,177.716,-0.943156E-01
2.63916,177.757,0.313674E-01
2.63977,177.798,0.225195E-01
2.64038,177.840,-0.162315E-01
2.64099,177.881,-0.392193E-01
2.64160,177.922,0.223683E-04
2.64221,177.963,-0.114684E-02
2.64282,178.004,-0.495709E-02
2.64343,178.045,-0.895322E-02
2.64404,178.086,0.314787E-01
2.64465,178.127,0.102432E-01
2.64526,178.168,0.347534E-02
2.64587,178.210,-0.318301E-01
2.64648,178.251,-0.204449E-01
2.64709,178.292,-0.905172E-01
2.64771,178.333,0.825507E-03
2.64832,178.374,0.227370E-01
2.64893,178.415,0.213933E-02
2.64954,178.456,0.313433E-01
2.65015,178.497,-0.246746
2.65076,178.538,0.145852E-03
2.65137,178.579,0.226478E-01
2.65198,178.621,-0.277868E-01
2.65259,178.662,0.126040E-01
2.65320,178.703,-0.309882E-01
2.65381,178.744,0.208200E-01
2.65442,178.785,0.329304E-01
2.65503,178.826,-0.197547E-01
2.65564,178.867,-0.949968E-02
2.65625,178.908,-0.407814E-01
2.65686,178.949,-0.108160
2.65747,178.991,0.168660E-01
2.65808,179.032,-0.404828E-03
2.65869,179.073,-0.643871E-02
2.65930,179.114,0.125951E-01
2.65991,179.155,-0.439562E-01
2.66052,179.196,-0.720525E-04
2.66113,179.237,0.122852
2.66174,179.278,0.899895E-02
2.66235,179.319,0.711935E-03
2.66296,179.361,0.974985E-02
2.66357,179.402,-0.413547E-01
2.66418,179.443,0.306212E-01
2.66479,179.484,-0.619472E-01
2.66541,179.525,-0.430202E-02
2.66602,179.566,0.794167E-03
2.66663,179.607,-0.375168E-01
2.66724,179.648,0.636234E-02
2.66785,179.689,0.576782E-01
2.66846,179.731,0.199290E-01
2.66907,179.772,-0.502948E-02
2.66968,179.813,0.291904E-01
2.67029,179.854,0.196183E-03
2.67090,179.895,-0.144768E-01
2.67151,179.936,-0.635627E-02
2.67212,179.977,0.180550
2.67273,180.018,0.588381E-02
2.67334,180.059,0.598174E-01
2.67395,180.101,-0.250192E-01
2.67456,180.142,0.725463E-02
2.67517,180.183,0.262385E-01
2.67578,180.224,0.476641E-01
2.67639,180.265,0.553757E-02
2.67700,180.306,-0.126059E-01
2.67761,180.347,-0.337498E-01
2.67822,180.388,0.489691E-01
2.67883,180.429,-0.202390E-01
2.67944,180.471,0.128344
2.68005,180.512,0.722303E-02
2.68066,180.553,-0.555144E-01
2.68127,180.594,0.125770E-01
2.68188,180.635,-0.511471E-02
2.68250,180.676,0.227543E-01
2.68311,180.717,-0.410327E-01
2.68372,180.758,0.184304E-01
2.68433,180.799,0.289835E-01
2.68494,180.841,-0.189157
2.68555,180.882,0.153499E-01
2.68616,180.923,0.374136E-01
2.68677,180.964,-0.401796E-02
2.68738,181.005,-0.176420E-01
2.68799,181.046,0.782903E-01
2.68860,181.087,-0.207775E-01
2.68921,181.128,0.409203E-01
2.68982,181.169,0.246868E-01
2.69043,181.210,0.580645E-02
2.69104,181.252,0.242987E-01
2.69165,181.293,0.345192E-02
2.69226,181.334,0.627619E-02
2.69287,181.375,0.494937E-01
2.69348,181.416,-0.118512E-01
2.69409,181.457,0.293606E-01
2.69470,181.498,0.104646
2.69531,181.539,-0.152518E-01
2.69592,181.580,-0.124270E-03
2.69653,181.622,0.104428
2.69714,181.663,0.865503E-01
2.69775,181.704,0.668334E-02
2.69836,181.745,-0.142298E-01
2.69897,181.786,0.844434E-02
2.69958,181.827,-0.371884E-01
2.70020,181.868,0.106767E-03
2.70081,181.909,-0.349367E-01
2.70142,181.950,-0.316269E-01
2.70203,181.992,0.932105E-01
2.70264,182.033,-0.458914E-01
2.70325,182.074,-0.100508E-01
2.70386,182.115,-0.280599E-01
2.70447,182.156,0.341764E-02
2.70508,182.197,0.826577E-01
2.70569,182.238,-0.319206E-01
2.70630,182.279,-0.198228E-01
2.70691,182.320,-0.889648E-02
2.70752,182.362,-0.102082
2.70813,182.403,0.625743E-01
2.70874,182.444,-0.207298E-01
2.70935,182.485,0.243539E-01
2.70996,182.526,0.154590
2.71057,182.567,0.936128E-01
2.71118,182.608,-0.401752E-01
2.71179,182.649,-0.730375E-01
2.71240,182.690,0.125520E-01
2.71301,182.732,-0.811277E-01
2.71362,182.773,-0.476260E-01
2.71423,182.814,0.859824E-02
2.71484,182.855,0.467689E-01
2.71545,182.896,-0.281050E-01
2.71606,182.937,0.242080E-01
2.71667,182.978,0.487402E-01
2.71729,183.019,-0.239731E-01
2.71790,183.060,0.610456E-01
2.71851,183.102,-0.410439E-01
2.71912,183.143,0.221538E-01
2.71973,183.184,-0.945451E-01
2.72034,183.225,-0.418773E-02
2.72095,183.266,-0.220299E-01
2.72156,183.307,0.867685E-02
2.72217,183.348,-0.805746E-02
2.72278,183.389,-0.339794E-01
2.72339,183.430,-0.330262E-01
2.72400,183.472,-0.108902E-01
2.72461,183.513,-0.595216E-01
2.72522,183.554,0.234666E-01
2.72583,183.595,-0.868261E-02
2.72644,183.636,0.212520E-01
2.72705,183.677,-0.788443E-02
2.72766,183.718,0.108645
2.72827,183.759,-0.500540E-02
2.72888,183.800,0.851856E-03
2.72949,183.841,0.988435E-02
2.73010,183.883,-0.301957E-01
2.73071,183.924,-0.445470E-01
2.73132,183.965,-0.207649
2.73193,184.006,-0.113201E-01
2.73254,184.047,0.816948E-01
2.73315,184.088,0.288931E-02
2.73376,184.129,0.507983E-01
2.73438,184.170,-0.172715E-01
2.73499,184.211,-0.775534E-01
2.73560,184.253,-0.412309E-02
2.73621,184.294,-0.226137E-01
2.73682,184.335,-0.348000E-02
2.73743,184.376,0.768192E-02
2.73804,184.417,-0.244363E-01
2.73865,184.458,0.650273E-02
2.73926,184.499,-0.825467E-01
2.73987,184.540,0.203358E-01
2.74048,184.581,-0.698125E-01
2.74109,184.623,0.192460
2.74170,184.664,0.176359E-01
2.74231,184.705,0.268921E-01
2.74292,184.746,-0.116361E-01
2.74353,184.787,-0.145211E-01
2.74414,184.828,-0.716649E-01
2.74475,184.869,-0.758941E-01
2.74536,184.910,0.264993E-01
2.74597,184.951,0.228254E-01
2.74658,184.993,-0.151648E-01
2.74719,185.034,-0.150099E-01
2.74780,185.075,0.710688E-03
2.74841,185.116,-0.106214
2.74902,185.157,-0.306272E-02
2.74963,185.198,0.244692E-03
2.75024,185.239,0.288953E-01
2.75085,185.280,0.464599E-01
2.75146,185.321,0.253580E-01
2.75208,185.363,0.135307E-01
2.75269,185.404,0.648737E-01
2.75330,185.445,0.471102E-01
2.75391,185.486,-0.657160E-01
2.75452,185.527,0.721003E-01
2.75513,185.568,0.612319E-01
2.75574,185.609,-0.887917E-02
2.75635,185.650,-0.252984E-01
2.75696,185.691,-0.157502
2.75757,185.733,-0.540726E-01
2.75818,185.774,-0.483449E-01
2.75879,185.815,-0.193926E-01
2.75940,185.856,-0.356483E-02
2.76001,185.897,-0.240248E-02
2.76062,185.938,-0.155462E-01
2.76123,185.979,0.117640E-01
2.76184,186.020,0.449717E-01
2.76245,186.061,-0.262687E-01
2.76306,186.103,0.649588E-01
2.76367,186.144,0.285943E-01
2.76428,186.185,-0.520843E-01
2.76489,186.226,-0.313632E-01
2.76550,186.267,-0.106724E-02
2.76611,186.308,-0.409826E-01
2.76672,186.349,-0.535126E-01
2.76733,186.390,0.269800E-01
2.76794,186.431,0.207647E-01
2.76855,186.473,-0.474318E-02
2.76917,186.514,-0.516072E-01
2.76978,186.555,-0.100311E-01
2.77039,186.596,0.133045
2.77100,186.637,0.207715E-01
2.77161,186.678,0.542560E-02
2.77222,186.719,-0.261465E-01
2.77283,186.760,-0.196350E-02
2.77344,186.801,-0.252508E-01
2.77405,186.842,-0.238067E-02
2.77466,186.884,0.136027E-01
2.77527,186.925,0.390766E-01
2.77588,186.966,0.284050E-01
2.77649,187.007,-0.175449E-02
2.77710,187.048,-0.710605E-02
2.77771,187.089,-0.161562E-02
2.77832,187.130,-0.473266E-02
2.77893,187.171,-0.138700
2.77954,187.212,-0.152051E-01
2.78015,187.254,0.722954E-02
2.78076,187.295,-0.315300E-01
2.78137,187.336,0.120961E-01
2.78198,187.377,0.355719E-01
2.78259,187.418,-0.204658E-02
2.78320,187.459,-0.625503E-02
2.78381,187.500,0.389952E-01
2.78442,187.541,0.400148E-01
2.78503,187.582,0.338638E-01
2.78564,187.624,-0.626919E-02
2.78625,187.665,0.185574E-01
2.78687,187.706,0.349943E-01
2.78748,187.747,-0.388849E-02
2.78809,187.788,-0.100787
2.78870,187.829,-0.164331E-01
2.78931,187.870,-0.639343E-02
2.78992,187.911,0.633713E-01
2.79053,187.952,0.164049E-01
2.79114,187.994,-0.896034E-02
2.79175,188.035,0.814966E-02
2.79236,188.076,-0.161460E-01
2.79297,188.117,-0.386297E-01
2.79358,188.158,-0.643947E-02
2.79419,188.199,0.209289E-04
2.79480,188.240,-0.499412E-03
2.79541,188.281,-0.688796E-02
2.79602,188.322,0.165890E-02
2.79663,188.364,-0.162673E-01
2.79724,188.405,0.307866E-01
2.79785,188.446,-0.516279E-01
2.79846,188.487,-0.990609E-01
2.79907,188.528,0.316662E-01
2.79968,188.569,-0.122361E-02
2.80029,188.610,0.493081E-02
2.80090,188.651,0.446500E-01
2.80151,188.692,0.543940E-01
2.80212,188.734,-0.113422E-01
2.80273,188.775,-0.816084E-02
2.80334,188.816,-0.101256E-02
2.80396,188.857,0.160929E-01
2.80457,188.898,0.772767E-01
2.80518,188.939,0.340425E-01
2.80579,188.980,-0.476161E-01
2.80640,189.021,-0.312609E-01
2.80701,189.062,-0.638926E-01
2.80762,189.104,-0.895578E-01
2.80823,189.145,-0.914871E-02
2.80884,189.186,-0.155360E-01
2.80945,189.227,0.257848E-01
2.81006,189.268,-0.514293E-01
2.81067,189.309,0.750511E-01
2.81128,189.350,-0.392323E-01
2.81189,189.391,-0.245999E-02
2.81250,189.432,-0.197660E-01
2.81311,189.473,0.875059E-02
2.81372,189.515,-0.456925E-02
2.81433,189.556,-0.338019E-01
2.81494,189.597,-0.301623E-02
2.81555,189.638,0.609322E-01
2.81616,189.679,-0.997060E-01
2.81677,189.720,0.309098E-01
2.81738,189.761,-0.535142E-01
2.81799,189.802,-0.375354E-02
2.81860,189.843,0.229787E-02
2.81921,189.885,-0.217689E-01
2.81982,189.926,-0.369024E-01
2.82043,189.967,0.207188E-01
2.82104,190.008,-0.407704E-01
2.82166,190.049,-0.144861E-01
2.82227,190.090,0.316289E-01
2.82288,190.131,0.926431E-01
2.82349,190.172,0.766499E-02
2.82410,190.213,-0.150764E-01
2.82471,190.255,0.202844E-01
2.82532,190.296,-0.762324E-01
2.82593,190.337,-0.467059E-02
2.82654,190.378,-0.135348E-04
2.82715,190.419,0.320902E-01
2.82776,190.460,-0.751309E-01
2.82837,190.501,0.498173E-01
2.82898,190.542,-0.544317E-01
2.82959,190.583,-0.162777E-02
2.83020,190.625,-0.699315E-02
2.83081,190.666,0.374675E-01
2.83142,190.707,0.127604E-01
2.83203,190.748,-0.317210E-01
2.83264,190.789,-0.149440E-02
2.83325,190.830,-0.824122E-01
2.83386,190.871,0.206402E-01
2.83447,190.912,-0.620514E-01
2.83508,190.953,0.129545E-01
2.83569,190.995,0.707578E-01
2.83630,191.036,0.245482E-01
2.83691,191.077,-0.705396E-01
2.83752,191.118,-0.397416E-02
2.83813,191.159,-0.383278E-01
2.83875,191.200,0.927859E-01
2.83936,191.241,-0.433565E-01
2.83997,191.282,0.121315
2.84058,191.323,0.663269E-01
2.84119,191.365,0.287743E-02
2.84180,191.406,-0.832003E-02
2.84241,191.447,0.544028E-02
2.84302,191.488,0.529775E-01
2.84363,191.529,-0.193671E-01
2.84424,191.570,0.541885E-01
2.84485,191.611,0.627137E-01
2.84546,191.652,-0.103763E-01
2.84607,191.693,-0.129119E-01
2.84668,191.735,-0.695883E-03
2.84729,191.776,-0.446534E-01
2.84790,191.817,-0.178865E-01
2.84851,191.858,0.532899E-02
2.84912,191.899,0.141446E-01
2.84973,191.940,0.173006E-01
2.85034,191.981,-0.337352E-01
2.85095,192.022,0.212352E-01
2.85156,192.063,0.440851E-01
2.85217,192.104,0.159420E-01
2.85278,192.146,0.502472E-01
2.85339,192.187,-0.522703E-03
2.85400,192.228,0.108742E-01
2.85461,192.269,0.562306E-01
2.85522,192.310,0.736732E-01
2.85583,192.351,-0.309691E-01
2.85645,192.392,-0.822406E-02
2.85706,192.433,0.279336E-01
2.85767,192.474,0.508230E-01
2.85828,192.516,0.522005E-01
2.85889,192.557,-0.310193E-01
2.85950,192.598,-0.443063E-01
2.86011,192.639,-0.564040E-02
2.86072,192.680,-0.159873E-02
2.86133,192.721,-0.746746E-01
2.86194,192.762,0.406959E-02
2.86255,192.803,0.336509E-01
2.86316,192.844,-0.320208E-01
2.86377,192.886,0.191345E-01
2.86438,192.927,-0.103083E-02
2.86499,192.968,0.555362E-01
2.86560,193.009,0.174549E-01
2.86621,193.050,0.185849E-01
2.86682,193.091,0.417274E-02
2.86743,193.132,0.213650E-01
2.86804,193.173,0.991548E-02
2.86865,193.214,0.270092E-02
2.86926,193.256,0.903386E-03
2.86987,193.297,-0.149340E-01
2.87048,193.338,-0.531414E-01
2.87109,193.379,-0.229944E-01
2.87170,193.420,0.101613E-01
2.87231,193.461,0.443689E-02
2.87292,193.502,0.694244E-02
2.87354,193.543,-0.333506E-01
2.87415,193.584,0.270514E-01
2.87476,193.626,0.954172E-01
2.87537,193.667,0.252750E-01
2.87598,193.708,0.598109E-02
2.87659,193.749,0.306575E-01
2.87720,193.790,0.591536E-02
2.87781,193.831,0.102110E-01
2.87842,193.872,-0.117058
2.87903,193.913,0.241717E-01
2.87964,193.954,0.194274E-01
2.88025,193.996,0.107344E-01
2.88086,194.037,0.937233E-02
2.88147,194.078,0.231143E-01
2.88208,194.119,0.398940E-01
2.88269,194.160,-0.124752
2.88330,194.201,-0.117746
2.88391,194.242,0.442143E-01
2.88452,194.283,0.141488E-02
2.88513,194.324,0.262178E-01
2.88574,194.366,-0.105969
2.88635,194.407,0.423866E-02
2.88696,194.448,-0.215853E-01
2.88757,194.489,-0.260032E-02
2.88818,194.530,-0.616524E-01
2.88879,194.571,0.342502E-01
2.88940,194.612,0.209160E-01
2.89001,194.653,-0.728106E-01
2.89062,194.694,-0.429637E-01
2.89124,194.736,-0.100675
2.89185,194.777,0.750070E-01
2.89246,194.818,-0.688719E-02
2.89307,194.859,0.614553E-02
2.89368,194.900,0.205146E-01
2.89429,194.941,0.735955E-01
2.89490,194.982,0.706884E-02
2.89551,195.023,-0.822891E-02
2.89612,195.064,0.759741E-01
2.89673,195.105,-0.150175E-01
2.89734,195.147,-0.180368E-01
2.89795,195.188,-0.625162E-01
2.89856,195.229,-0.431172E-02
2.89917,195.270,-0.978605E-02
2.89978,195.311,0.365712E-01
2.90039,195.352,0.135641E-01
2.90100,195.393,0.252887E-04
2.90161,195.434,0.405112E-03
2.90222,195.475,-0.553136E-01
2.90283,195.517,0.496644E-01
2.90344,195.558,0.415038E-01
2.90405,195.599,0.317508E-02
2.90466,195.640,0.110359E-01
2.90527,195.681,-0.441287E-03
2.90588,195.722,-0.216170E-01
2.90649,195.763,-0.113834
2.90710,195.804,0.635587E-02
2.90771,195.845,0.105022
2.90833,195.887,-0.402000E-01
2.90894,195.928,-0.233789E-01
2.90955,195.969,-0.330014E-02
2.91016,196.010,0.668752E-01
2.91077,196.051,0.286348E-01
2.91138,196.092,-0.173822E-01
2.91199,196.133,0.286751E-01
2.91260,196.174,0.793478E-02
2.91321,196.215,-0.832284E-02
2.91382,196.257,-0.126447E-01
2.91443,196.298,-0.459398E-01
2.91504,196.339,-0.820309E-01
2.91565,196.380,-0.655014E-01
2.91626,196.421,0.182653E-01
2.91687,196.462,-0.978196E-02
2.91748,196.503,0.128534E-01
2.91809,196.544,-0.239850E-01
2.91870,196.585,0.143635E-01
2.91931,196.627,0.141457E-01
2.91992,196.668,0.102481E-01
2.92053,196.709,-0.159435E-01
2.92114,196.750,-0.820932E-01
2.92175,196.791,-0.482138E-01
2.92236,196.832,-0.617302E-01
2.92297,196.873,0.681800E-01
2.92358,196.914,-0.736455E-01
2.92419,196.955,0.298829E-01
2.92480,196.997,-0.164822E-01
2.92542,197.038,-0.120314E-02
2.92603,197.079,0.626419E-01
2.92664,197.120,0.487994E-01
2.92725,197.161,-0.273281E-01
2.92786,197.202,-0.103689E-01
2.92847,197.243,0.502048E-01
2.92908,197.284,-0.174358E-01
2.92969,197.325,0.218071E-01
2.93030,197.367,0.118642
2.93091,197.408,0.191215E-01
2.93152,197.449,0.191347E-02
2.93213,197.490,-0.246460E-01
2.93274,197.531,0.779008E-01
2.93335,197.572,0.210401E-02
2.93396,197.613,0.962048E-01
2.93457,197.654,0.922124E-02
2.93518,197.695,0.717280E-01
2.93579,197.736,0.126273E-01
2.93640,197.778,-0.557244E-01
2.93701,197.819,0.196221E-02
2.93762,197.860,-0.402293E-01
2.93823,197.901,0.197368E-01
2.93884,197.942,0.790402E-02
2.93945,197.983,0.644981E-01
2.94006,198.024,-0.311429E-01
2.94067,198.065,-0.803393E-03
2.94128,198.106,0.645762E-01
2.94189,198.148,0.515866E-01
2.94250,198.189,0.439038E-02
2.94312,198.230,-0.718336E-02
2.94373,198.271,0.653023E-01
2.94434,198.312,0.347645E-01
2.94495,198.353,0.614238E-01
2.94556,198.394,0.909718E-02
2.94617,198.435,0.365335E-02
2.94678,198.476,-0.152808E-01
2.94739,198.518,0.404656E-01
2.94800,198.559,0.267899E-01
2.94861,198.600,-0.773230E-01
2.94922,198.641,-0.557001E-02
2.94983,198.682,0.979973E-02
2.95044,198.723,0.464909E-02
2.95105,198.764,0.583441E-01
2.95166,198.805,-0.237790E-01
2.95227,198.846,0.720739E-01
2.95288,198.888,-0.462657E-01
2.95349,198.929,-0.130834E-01
2.95410,198.970,0.314652E-02
2.95471,199.011,-0.892441E-01
2.95532,199.052,0.145155E-01
2.95593,199.093,0.388499E-01
2.95654,199.134,0.473045E-01
2.95715,199.175,0.304597E-02
2.95776,199.216,0.258021E-01
2.95837,199.258,-0.170530E-01
2.95898,199.299,-0.478093E-01
2.95959,199.340,0.366703E-01
2.96021,199.381,0.238112E-01
2.96082,199.422,-0.419067E-01
2.96143,199.463,-0.292770E-01
2.96204,199.504,0.829209E-02
2.96265,199.545,0.254652E-01
2.96326,199.586,-0.122306
2.96387,199.628,-0.447950E-02
2.96448,199.669,-0.158373E-01
2.96509,199.710,-0.109521E-01
2.96570,199.751,-0.116436E-01
2.96631,199.792,-0.248697E-01
2.96692,199.833,0.612721E-01
2.96753,199.874,0.265260E-01
2.96814,199.915,0.150886E-01
2.96875,199.956,-0.126256
2.96936,199.998,-0.239815E-01
2.96997,200.039,0.217746E-01
2.97058,200.080,0.291580E-01
2.97119,200.121,0.175331E-02
2.97180,200.162,-0.552728E-01
2.97241,200.203,-0.232489E-01
2.97302,200.244,-0.751965E-02
2.97363,200.285,-0.343335E-01
2.97424,200.326,0.515613E-01
2.97485,200.367,-0.713464E-01
2.97546,200.409,0.270564E-01
2.97607,200.450,-0.964222E-02
2.97668,200.491,0.680722E-01
2.97729,200.532,-0.117469E-01
2.97791,200.573,-0.104379E-01
2.97852,200.614,0.161601E-01
2.97913,200.655,0.303913E-01
2.97974,200.696,-0.183268
2.98035,200.737,-0.453330E-01
2.98096,200.779,-0.302625E-03
2.98157,200.820,-0.147159E-01
2.98218,200.861,0.442370E-01
2.98279,200.902,0.200899E-01
2.98340,200.943,0.467391E-01
2.98401,200.984,-0.875970E-01
2.98462,201.025,0.155919E-01
2.98523,201.066,-0.877297E-01
2.98584,201.107,-0.340991E-02
2.98645,201.149,0.311820E-01
2.98706,201.190,-0.275153E-01
2.98767,201.231,0.487818E-01
2.98828,201.272,0.153962E-03
2.98889,201.313,0.309060E-01
2.98950,201.354,0.603170E-02
2.99011,201.395,-0.239598E-01
2.99072,201.436,-0.182414
2.99133,201.477,-0.316093E-01
2.99194,201.519,0.124763E-02
2.99255,201.560,-0.195286E-01
2.99316,201.601,-0.168008E-01
2.99377,201.642,0.350376E-01
2.99438,201.683,0.295489E-01
2.99500,201.724,0.115844
2.99561,201.765,0.144235E-01
2.99622,201.806,-0.674435E-01
2.99683,201.847,-0.420116E-01
2.99744,201.889,0.245767E-01
2.99805,201.930,-0.398193E-01
2.99866,201.971,0.424913E-02
2.99927,202.012,-0.118096E-01
2.99988,202.053,-0.101365E-01
3.00049,202.094,-0.360149E-01
3.00110,202.135,-0.528095E-01
3.00171,202.176,0.992461E-01
3.00232,202.217,0.544863E-01
3.00293,202.259,-0.612770E-01
3.00354,202.300,-0.204422E-01
3.00415,202.341,-0.212249E-01
3.00476,202.382,0.594124E-01
3.00537,202.423,-0.268711E-01
3.00598,202.464,0.230428E-01
3.00659,202.505,-0.133791E-01
3.00720,202.546,-0.651916E-02
3.00781,202.587,-0.409577E-01
3.00842,202.629,-0.150257E-01
3.00903,202.670,0.188666E-01
3.00964,202.711,0.289241E-01
3.01025,202.752,-0.190800
3.01086,202.793,0.741246E-01
3.01147,202.834,-0.283563E-01
3.01208,202.875,-0.357857E-02
3.01270,202.916,-0.273425E-01
3.01331,202.957,-0.386506E-01
3.01392,202.999,0.776094E-01
3.01453,203.040,0.230003E-01
3.01514,203.081,0.224762E-01
3.01575,203.122,-0.122979
3.01636,203.163,-0.357426E-01
3.01697,203.204,0.574782E-02
3.01758,203.245,0.313539E-01
3.01819,203.286,0.892760E-01
3.01880,203.327,-0.526056E-01
3.01941,203.368,0.903620E-01
3.02002,203.410,-0.697399E-01
3.02063,203.451,-0.142628E-01
3.02124,203.492,-0.779452E-01
3.02185,203.533,-0.866135E-01
3.02246,203.574,-0.455960E-01
3.02307,203.615,0.153070E-01
3.02368,203.656,0.544248E-01
3.02429,203.697,-0.540763E-02
3.02490,203.738,0.161857
3.02551,203.780,0.934951E-02
3.02612,203.821,-0.109115E-01
3.02673,203.862,0.195808E-01
3.02734,203.903,0.159799E-01
3.02795,203.944,0.208678E-01
3.02856,203.985,-0.886392E-01
3.02917,204.026,0.174744E-01
3.02979,204.067,-0.898153E-02
3.03040,204.108,0.843718E-01
3.03101,204.150,-0.897586E-02
3.03162,204.191,-0.256044E-01
3.03223,204.232,0.148416
3.03284,204.273,0.206354E-01
3.03345,204.314,0.152496E-01
3.03406,204.355,-0.269334E-01
3.03467,204.396,-0.105614
3.03528,204.437,-0.605518E-01
3.03589,204.478,-0.269069E-02
3.03650,204.520,-0.718581E-01
3.03711,204.561,0.784203E-03
3.03772,204.602,0.195458E-01
3.03833,204.643,0.166464E-01
3.03894,204.684,-0.784622E-02
3.03955,204.725,0.484289E-02
3.04016,204.766,-0.359180E-01
3.04077,204.807,0.295458E-01
3.04138,204.848,-0.473916E-01
3.04199,204.890,-0.278598E-01
3.04260,204.931,-0.252042E-01
3.04321,204.972,0.660101E-02
3.04382,205.013,0.149825E-01
3.04443,205.054,-0.240860E-01
3.04504,205.095,0.822504E-02
3.04565,205.136,-0.394382E-01
3.04626,205.177,0.897862E-02
3.04688,205.218,-0.263261E-01
3.04749,205.260,0.637201E-02
3.04810,205.301,0.646675E-02
3.04871,205.342,-0.135748E-01
3.04932,205.383,0.541612E-01
3.04993,205.424,0.184948E-01
3.05054,205.465,-0.107906E-01
3.05115,205.506,-0.604807E-01
3.05176,205.547,0.265752E-01
3.05237,205.588,0.142009E-01
3.05298,205.630,0.700896E-01
3.05359,205.671,-0.238505E-01
3.05420,205.712,-0.678711E-02
3.05481,205.753,-0.682006E-01
3.05542,205.794,0.147864E-01
3.05603,205.835,-0.398033E-01
3.05664,205.876,0.511252E-01
3.05725,205.917,-0.264564E-01
3.05786,205.958,0.179506E-01
3.05847,205.999,0.166383E-01
3.05908,206.041,-0.906996E-01
3.05969,206.082,-0.504372E-03
3.06030,206.123,-0.262467E-01
3.06091,206.164,0.151268E-01
3.06152,206.205,-0.557596E-02
3.06213,206.246,-0.506766E-02
3.06274,206.287,-0.887940E-02
3.06335,206.328,0.229290E-01
3.06396,206.369,-0.901382E-02
3.06458,206.411,-0.146302E-01
3.06519,206.452,0.358976E-01
3.06580,206.493,0.135030E-01
3.06641,206.534,-0.471148E-01
3.06702,206.575,-0.554367E-01
3.06763,206.616,-0.977785E-01
3.06824,206.657,0.279021E-01
3.06885,206.698,0.224775E-01
3.06946,206.739,-0.150794
3.07007,206.781,-0.712328E-01
3.07068,206.822,-0.490284E-01
3.07129,206.863,-0.499135E-01
3.07190,206.904,0.809614E-01
3.07251,206.945,0.349123E-01
3.07312,206.986,-0.211258
3.07373,207.027,0.781180E-01
3.07434,207.068,-0.384926E-01
3.07495,207.109,0.479537E-01
3.07556,207.151,0.211463E-01
3.07617,207.192,0.112491E-01
3.07678,207.233,0.969112E-02
3.07739,207.274,0.200491E-01
3.07800,207.315,0.626679E-01
3.07861,207.356,0.208244E-01
3.07922,207.397,0.139076E-01
3.07983,207.438,-0.143190E-03
3.08044,207.479,-0.173302E-01
3.08105,207.521,0.400853E-01
3.08167,207.562,0.581120E-01
3.08228,207.603,0.264904E-01
3.08289,207.644,-0.170178
3.08350,207.685,0.220299E-01
3.08411,207.726,-0.476697E-01
3.08472,207.767,0.543451E-01
3.08533,207.808,0.314060E-01
3.08594,207.849,0.321805E-02
3.08655,207.891,-0.286724E-02
3.08716,207.932,0.455820E-01
3.08777,207.973,-0.565675E-01
3.08838,208.014,-0.414056E-01
3.08899,208.055,-0.143553E-01
3.08960,208.096,0.305753E-01
3.09021,208.137,0.721271E-01
3.09082,208.178,-0.228620E-01
3.09143,208.219,0.193919E-01
3.09204,208.261,0.847383E-02
3.09265,208.302,-0.473569E-01
3.09326,208.343,0.635846E-01
3.09387,208.384,0.105717E-01
3.09448,208.425,0.146491E-01
3.09509,208.466,-0.451038E-02
3.09570,208.507,0.942469E-01
3.09631,208.548,-0.522651E-01
3.09692,208.589,-0.110092E-01
3.09753,208.630,0.841204E-02
3.09814,208.672,-0.865211E-02
3.09875,208.713,-0.768373E-01
3.09937,208.754,-0.136870E-01
3.09998,208.795,0.606189E-01
3.10059,208.836,0.669101E-02
3.10120,208.877,-0.282286E-01
3.10181,208.918,-0.497024E-03
3.10242,208.959,-0.281111E-02
3.10303,209.000,0.508613E-02
3.10364,209.042,0.993009E-01
3.10425,209.083,0.923042E-02
3.10486,209.124,-0.698772E-01
3.10547,209.165,-0.225006E-01
3.10608,209.206,-0.183186
3.10669,209.247,-0.896561E-01
3.10730,209.288,-0.728142E-02
3.10791,209.329,-0.157905E-01
3.10852,209.370,-0.116522E-01
3.10913,209.412,0.543676E-01
3.10974,209.453,0.128011E-03
3.11035,209.494,-0.906426E-02
3.11096,209.535,0.359054E-04
3.11157,209.576,-0.495798E-01
3.11218,209.617,0.415340E-01
3.11279,209.658,0.647263E-01
3.11340,209.699,0.150449E-01
3.11401,209.740,-0.914571E-01
3.11462,209.782,-0.435823E-01
3.11523,209.823,0.783908E-01
3.11584,209.864,-0.441105E-01
3.11646,209.905,-0.677479E-02
3.11707,209.946,0.206660E-01
3.11768,209.987,-0.389761E-01
3.11829,210.028,0.112807E-01
3.11890,210.069,0.198468E-01
3.11951,210.110,0.176451E-01
3.12012,210.152,0.411966E-01
3.12073,210.193,-0.250161E-02
3.12134,210.234,-0.717004E-02
3.12195,210.275,0.789834E-02
3.12256,210.316,-0.176951E-01
3.12317,210.357,0.532519E-02
3.12378,210.398,-0.867330E-01
3.12439,210.439,0.651789E-02
3.12500,210.480,0.126629E-01
3.12561,210.522,-0.640803E-01
3.12622,210.563,0.247028E-01
3.12683,210.604,0.484668E-01
3.12744,210.645,0.126384E-01
3.12805,210.686,0.344700E-02
3.12866,210.727,0.303341E-01
3.12927,210.768,-0.223718
3.12988,210.809,-0.125749E-01
3.13049,210.850,-0.319016E-01
3.13110,210.892,0.321442E-01
3.13171,210.933,-0.292883E-01
3.13232,210.974,0.748938E-01
3.13293,211.015,-0.333969E-01
3.13354,211.056,0.859952E-01
3.13416,211.097,-0.351359E-01
3.13477,211.138,0.235084E-01
3.13538,211.179,-0.494695E-01
3.13599,211.220,-0.412052E-02
3.13660,211.262,0.786274E-01
3.13721,211.303,-0.307479E-01
3.13782,211.344,-0.160987E-01
3.13843,211.385,-0.402710E-01
3.13904,211.426,0.651943E-01
3.13965,211.467,0.345708E-02
3.14026,211.508,-0.104306E-02
3.14087,211.549,0.323143E-01
3.14148,211.590,0.729321E-01
3.14209,211.631,-0.329559E-02
3.14270,211.673,0.544747E-01
3.14331,211.714,0.626920E-02
3.14392,211.755,-0.420402E-02
3.14453,211.796,0.236090E-01
3.14514,211.837,0.279815E-01
3.14575,211.878,0.719667E-01
3.14636,211.919,0.629106E-02
3.14697,211.960,0.134161
3.14758,212.001,-0.304730E-01
3.14819,212.043,-0.647814E-02
3.14880,212.084,-0.200074E-02
3.14941,212.125,0.425601E-02
3.15002,212.166,-0.103658E-01
3.15063,212.207,-0.618984E-03
3.15125,212.248,-0.519162E-02
3.15186,212.289,-0.148614E-02
3.15247,212.330,-0.424773E-01
3.15308,212.371,0.157293E-01
3.15369,212.413,0.163877E-01
3.15430,212.454,-0.643976E-01
3.15491,212.495,-0.604532E-01
3.15552,212.536,0.101418E-01
3.15613,212.577,-0.358715E-01
3.15674,212.618,-0.782160E-01
3.15735,212.659,-0.155322E-01
3.15796,212.700,-0.518540E-01
3.15857,212.741,0.304994E-01
3.15918,212.783,-0.378033E-01
3.15979,212.824,-0.371100E-01
3.16040,212.865,-0.222224E-01
3.16101,212.906,-0.288943E-01
3.16162,212.947,0.608758E-02
3.16223,212.988,0.380087E-01
3.16284,213.029,-0.831189E-02
3.16345,213.070,-0.232973E-01
3.16406,213.111,-0.867422E-02
3.16467,213.153,0.387460E-01
3.16528,213.194,0.158743E-01
3.16589,213.235,0.127230E-01
3.16650,213.276,-0.490049E-01
3.16711,213.317,-0.832130E-01
3.16772,213.358,0.135024E-02
3.16833,213.399,0.925542E-02
3.16895,213.440,-0.123819E-01
3.16956,213.481,-0.501963E-01
3.17017,213.523,0.825315E-03
3.17078,213.564,0.600497E-02
3.17139,213.605,0.429348E-01
3.17200,213.646,0.923089E-02
3.17261,213.687,-0.923718E-02
3.17322,213.728,-0.277792E-01
3.17383,213.769,0.338338E-01
3.17444,213.810,-0.110319E-01
3.17505,213.851,0.527015E-02
3.17566,213.893,0.133627E-01
3.17627,213.934,0.223702E-01
3.17688,213.975,-0.394650E-01
3.17749,214.016,0.356061E-01
3.17810,214.057,-0.209100E-01
3.17871,214.098,0.786882E-02
3.17932,214.139,-0.401098E-01
3.17993,214.180,0.230870E-02
3.18054,214.221,-0.506580E-01
3.18115,214.262,0.570946E-02
3.18176,214.304,-0.343061E-01
3.18237,214.345,0.222387E-01
3.18298,214.386,-0.301855E-02
3.18359,214.427,-0.138795E-01
3.18420,214.468,0.194953E-02
3.18481,214.509,0.190242E-01
3.18542,214.550,0.448168E-01
3.18604,214.591,-0.163646E-01
3.18665,214.632,0.386427E-01
3.18726,214.674,-0.181624E-01
3.18787,214.715,-0.364287E-01
3.18848,214.756,-0.188594E-01
3.18909,214.797,-0.805773E-02
3.18970,214.838,-0.566068E-02
3.19031,214.879,-0.381550E-02
3.19092,214.920,0.148937E-01
3.19153,214.961,0.690093E-03
3.19214,215.002,-0.103802E-01
3.19275,215.044,-0.335683E-01
3.19336,215.085,-0.154999E-01
3.19397,215.126,-0.800974E-02
3.19458,215.167,0.127844E-02
3.19519,215.208,0.667412E-01
3.19580,215.249,0.706028E-01
3.19641,215.290,0.182197E-01
3.19702,215.331,-0.593938E-01
3.19763,215.372,-0.583689E-04
3.19824,215.414,0.261718E-01
3.19885,215.455,0.187201E-01
3.19946,215.496,0.723361E-01
3.20007,215.537,0.797995E-03
3.20068,215.578,0.118527
3.20129,215.619,0.971186E-01
3.20190,215.660,0.628389E-01
3.20251,215.701,0.432219E-01
3.20312,215.742,0.940144E-02
3.20374,215.784,0.346144E-01
3.20435,215.825,-0.192826E-01
3.20496,215.866,-0.509056E-01
3.20557,215.907,-0.687367E-01
3.20618,215.948,0.154627E-01
3.20679,215.989,0.311114E-01
3.20740,216.030,0.145071E-01
3.20801,216.071,-0.104254E-01
3.20862,216.112,0.329373E-01
3.20923,216.154,-0.204508E-01
3.20984,216.195,-0.175355E-01
3.21045,216.236,-0.317556E-01
3.21106,216.277,0.215938E-02
3.21167,216.318,-0.108442E-01
3.21228,216.359,0.269745E-01
3.21289,216.400,-0.698843E-01
3.21350,216.441,-0.237600E-01
3.21411,216.482,0.156846E-01
3.21472,216.524,0.362869E-01
3.21533,216.565,-0.974058E-01
3.21594,216.606,0.573478E-01
3.21655,216.647,-0.552848E-01
3.21716,216.688,-0.109372E-01
3.21777,216.729,0.702678E-02
3.21838,216.770,0.213607E-01
3.21899,216.811,0.406154E-01
3.21960,216.852,-0.635968E-01
3.22021,216.894,0.513469E-01
3.22083,216.935,0.403537E-01
3.22144,216.976,0.440944E-01
3.22205,217.017,0.154401E-01
3.22266,217.058,-0.135072E-01
3.22327,217.099,-0.127175E-01
3.22388,217.140,-0.981727E-02
3.22449,217.181,-0.611646E-02
3.22510,217.222,0.954081E-02
3.22571,217.263,0.463373E-02
3.22632,217.305,0.350511E-02
3.22693,217.346,0.975701E-03
3.22754,217.387,-0.490223E-02
3.22815,217.428,0.618082E-01
3.22876,217.469,0.264588E-01
3.22937,217.510,-0.374990E-01
3.22998,217.551,-0.442263E-02
3.23059,217.592,0.257429E-01
3.23120,217.633,0.187759E-01
3.23181,217.675,-0.554787E-02
3.23242,217.716,0.234172E-01
3.23303,217.757,0.231169E-01
3.23364,217.798,-0.339545E-01
3.23425,217.839,0.395633E-01
3.23486,217.880,-0.502622E-01
3.23547,217.921,0.136381E-01
3.23608,217.962,0.149116E-01
3.23669,218.003,-0.431990E-02
3.23730,218.045,0.609242E-01
3.23792,218.086,-0.320224E-01
3.23853,218.127,0.575600E-02
3.23914,218.168,-0.359529E-01
3.23975,218.209,0.599817E-03
3.24036,218.250,-0.605760E-01
3.24097,218.291,0.132830E-01
3.24158,218.332,0.209868E-01
3.24219,218.373,-0.513986E-01
3.24280,218.415,-0.389142E-01
3.24341,218.456,0.515278E-01
3.24402,218.497,0.219337E-01
3.24463,218.538,-0.109501E-01
3.24524,218.579,0.706472E-01
3.24585,218.620,-0.772398E-02
3.24646,218.661,-0.251380E-01
3.24707,218.702,0.195181E-02
3.24768,218.743,-0.854661E-02
3.24829,218.785,-0.162817E-01
3.24890,218.826,-0.893465E-01
3.24951,218.867,0.100558
3.25012,218.908,-0.681685E-01
3.25073,218.949,-0.163732E-01
3.25134,218.990,0.246612E-01
3.25195,219.031,0.126618E-02
3.25256,219.072,0.655082E-01
3.25317,219.113,0.243582E-01
3.25378,219.155,-0.366624E-01
3.25439,219.196,-0.268205E-01
3.25500,219.237,-0.264391E-01
3.25562,219.278,0.327062E-02
3.25623,219.319,-0.109329E-01
3.25684,219.360,0.489764E-01
3.25745,219.401,0.645055E-01
3.25806,219.442,0.107583E-01
3.25867,219.483,0.239240E-01
3.25928,219.525,0.689133E-01
3.25989,219.566,0.311659E-01
3.26050,219.607,-0.743829E-01
3.26111,219.648,-0.242252E-01
3.26172,219.689,0.398635E-01
3.26233,219.730,-0.350682E-01
3.26294,219.771,0.674903E-01
3.26355,219.812,-0.904444E-02
3.26416,219.853,0.147451E-02
3.26477,219.894,-0.573287E-01
3.26538,219.936,-0.416757E-01
3.26599,219.977,-0.126686E-01
3.26660,220.018,0.277091E-01
3.26721,220.059,-0.314681E-02
3.26782,220.100,-0.404802E-02
3.26843,220.141,-0.698214E-01
3.26904,220.182,-0.168760E-02
3.26965,220.223,-0.213041E-01
3.27026,220.264,0.284850E-02
3.27087,220.306,0.119352E-02
3.27148,220.347,-0.364517E-02
3.27209,220.388,0.544219E-01
3.27271,220.429,0.174452E-01
3.27332,220.470,0.296973E-01
3.27393,220.511,0.171075E-01
3.27454,220.552,-0.278532E-02
3.27515,220.593,-0.160517E-01
3.27576,220.634,0.197209E-01
3.27637,220.676,-0.282438E-01
3.27698,220.717,-0.887276E-01
3.27759,220.758,-0.612432E-01
3.27820,220.799,-0.585161E-01
3.27881,220.840,0.593241E-01
3.27942,220.881,-0.432951E-01
3.28003,220.922,-0.625103E-01
3.28064,220.963,-0.147707E-02
3.28125,221.004,0.939968E-03
3.28186,221.046,-0.314385E-01
3.28247,221.087,0.209285E-01
3.28308,221.128,-0.550385E-02
3.28369,221.169,-0.857836E-02
3.28430,221.210,-0.190827E-01
3.28491,221.251,-0.521665E-01
3.28552,221.292,-0.137155E-01
3.28613,221.333,0.425459E-01
3.28674,221.374,0.590633E-01
3.28735,221.416,-0.100760E-01
3.28796,221.457,-0.461882E-02
3.28857,221.498,0.796951E-01
3.28918,221.539,-0.186370E-01
3.28979,221.580,0.564291E-01
3.29041,221.621,-0.933565E-01
3.29102,221.662,0.199678E-01
3.29163,221.703,0.132909E-01
3.29224,221.744,-0.841402E-02
3.29285,221.786,-0.270966E-01
3.29346,221.827,-0.155385
3.29407,221.868,0.261395E-01
3.29468,221.909,-0.337487E-03
3.29529,221.950,0.727287E-01
3.29590,221.991,-0.745148E-03
3.29651,222.032,-0.121702E-01
3.29712,222.073,0.131630E-01
3.29773,222.114,0.335512E-01
3.29834,222.156,0.590390E-01
3.29895,222.197,0.327228E-01
3.29956,222.238,-0.107684
3.30017,222.279,-0.583056E-01
3.30078,222.320,-0.697341E-02
3.30139,222.361,-0.334092E-01
3.30200,222.402,-0.443151E-01
3.30261,222.443,-0.100001E-01
3.30322,222.484,0.477189E-02
3.30383,222.525,0.483743E-01
3.30444,222.567,-0.278695E-01
3.30505,222.608,-0.118692E-01
3.30566,222.649,-0.294864E-01
3.30627,222.690,-0.778603E-01
3.30688,222.731,-0.112103E-02
3.30750,222.772,0.285339E-01
3.30811,222.813,0.118632E-02
3.30872,222.854,-0.933819E-02
3.30933,222.895,-0.441956E-01
3.30994,222.937,0.770419E-02
3.31055,222.978,0.382612E-01
3.31116,223.019,-0.241483E-01
3.31177,223.060,-0.518677E-02
3.31238,223.101,0.460523E-01
3.31299,223.142,0.268050E-01
3.31360,223.183,0.268771E-01
3.31421,223.224,0.177500
3.31482,223.265,0.137576
3.31543,223.307,-0.280096E-01
3.31604,223.348,-0.786281E-03
3.31665,223.389,-0.594043E-01
3.31726,223.430,-0.186154
3.31787,223.471,-0.515332E-01
3.31848,223.512,0.166558
3.31909,223.553,-0.499304E-01
3.31970,223.594,0.326035E-01
3.32031,223.635,0.368424E-01
3.32092,223.677,0.122873
3.32153,223.718,0.162270E-02
3.32214,223.759,-0.242767E-02
3.32275,223.800,0.504707E-01
3.32336,223.841,0.426945E-02
3.32397,223.882,-0.342296E-02
3.32458,223.923,0.158429E-01
3.32520,223.964,-0.308544E-01
3.32581,224.005,-0.130074E-02
3.32642,224.047,0.157208
3.32703,224.088,-0.476962E-01
3.32764,224.129,0.850373E-02
3.32825,224.170,0.743898E-01
3.32886,224.211,-0.882045E-01
3.32947,224.252,0.301002E-01
3.33008,224.293,-0.734297E-02
3.33069,224.334,-0.355994E-01
3.33130,224.375,-0.224777E-01
3.33191,224.417,0.761636E-01
3.33252,224.458,-0.541228E-01
3.33313,224.499,-0.110735
3.33374,224.540,-0.283225E-01
3.33435,224.581,-0.496031E-01
3.33496,224.622,-0.118056E-02
3.33557,224.663,-0.208238E-01
3.33618,224.704,0.313643E-01
3.33679,224.745,0.233494E-01
3.33740,224.787,0.291731E-02
3.33801,224.828,-0.635681E-01
3.33862,224.869,-0.215464E-01
3.33923,224.910,0.250730E-02
3.33984,224.951,0.101936E-01
3.34045,224.992,-0.400633E-01
3.34106,225.033,0.292460E-01
3.34167,225.074,-0.601810E-02
3.34229,225.115,0.173057E-01
3.34290,225.157,-0.157547E-02
3.34351,225.198,0.117424E-01
3.34412,225.239,0.304496E-01
3.34473,225.280,-0.181493E-01
3.34534,225.321,0.678940E-01
3.34595,225.362,-0.996129E-01
3.34656,225.403,0.348539E-01
3.34717,225.444,-0.759059E-01
3.34778,225.485,0.157302E-01
3.34839,225.526,-0.259686E-01
3.34900,225.568,0.159401E-01
3.34961,225.609,0.350175E-02
3.35022,225.650,0.284665E-01
3.35083,225.691,-0.771164E-02
3.35144,225.732,0.844992E-01
3.35205,225.773,0.133378E-01
3.35266,225.814,0.809554E-01
3.35327,225.855,0.421127E-02
3.35388,225.896,-0.239321E-02
3.35449,225.938,-0.191020E-01
3.35510,225.979,-0.334926E-01
3.35571,226.020,0.574084E-01
3.35632,226.061,-0.512545E-01
3.35693,226.102,0.148708
3.35754,226.143,0.149924E-01
3.35815,226.184,0.722991E-01
3.35876,226.225,0.673978E-01
3.35938,226.266,-0.924863E-01
3.35999,226.308,0.958015E-01
3.36060,226.349,0.360822E-01
3.36121,226.390,0.984279E-01
3.36182,226.431,0.184130E-01
3.36243,226.472,-0.235548E-02
3.36304,226.513,0.127142E-01
3.36365,226.554,-0.147619
3.36426,226.595,-0.273011E-01
3.36487,226.636,-0.665450E-01
3.36548,226.678,0.413785E-01
3.36609,226.719,0.665845E-01
3.36670,226.760,-0.167750E-01
3.36731,226.801,-0.223483E-01
3.36792,226.842,-0.553298E-01
3.36853,226.883,-0.784543E-01
3.36914,226.924,0.256696E-01
3.36975,226.965,0.554661E-01
3.37036,227.006,0.685869E-02
3.37097,227.048,0.241767E-01
3.37158,227.089,-0.834062E-03
3.37219,227.130,0.342489E-01
3.37280,227.171,0.139396E-01
3.37341,227.212,-0.494689E-01
3.37402,227.253,-0.419828E-01
3.37463,227.294,0.953086E-02
3.37524,227.335,0.147799E-01
3.37585,227.376,-0.174011E-01
3.37646,227.418,-0.576947E-01
3.37708,227.459,-0.104118
3.37769,227.500,-0.104574E-01
3.37830,227.541,-0.610697E-02
3.37891,227.582,-0.239229E-01
3.37952,227.623,-0.579760E-02
3.38013,227.664,0.810937E-01
3.38074,227.705,-0.337792E-01
3.38135,227.746,0.647829E-01
3.38196,227.788,0.631895E-02
3.38257,227.829,-0.908280E-01
3.38318,227.870,-0.873799E-01
3.38379,227.911,-0.156249
3.38440,227.952,0.104533E-05
3.38501,227.993,-0.151182E-01
3.38562,228.034,0.269367E-01
3.38623,228.075,0.239050E-01
3.38684,228.116,0.222073E-01
3.38745,228.157,0.779631E-01
3.38806,228.199,-0.213193E-01
3.38867,228.240,-0.257113E-01
3.38928,228.281,0.682421E-01
3.38989,228.322,0.240823E-01
3.39050,228.363,0.398634E-02
3.39111,228.404,-0.452465E-01
3.39172,228.445,0.165896E-01
3.39233,228.486,0.104408E-01
3.39294,228.527,0.827976E-02
3.39355,228.569,0.684252E-01
3.39417,228.610,-0.363995E-02
3.39478,228.651,0.224564E-01
3.39539,228.692,0.996436E-01
3.39600,228.733,-0.201023E-01
3.39661,228.774,-0.660109E-02
3.39722,228.815,-0.750739E-01
3.39783,228.856,0.399665E-01
3.39844,228.897,0.469445E-01
3.39905,228.939,0.423546E-01
3.39966,228.980,0.243393E-01
3.40027,229.021,0.776209E-02
3.40088,229.062,-0.609421E-02
3.40149,229.103,-0.623144E-01
3.40210,229.144,0.264131E-01
3.40271,229.185,0.163808
3.40332,229.226,0.890442E-02
3.40393,229.267,0.424246E-01
3.40454,229.309,-0.148679E-01
3.40515,229.350,-0.459626E-02
3.40576,229.391,0.239011E-01
3.40637,229.432,0.275696E-01
3.40698,229.473,0.114439E-01
3.40759,229.514,0.504867E-01
3.40820,229.555,-0.181416E-01
3.40881,229.596,-0.135391
3.40942,229.637,0.576706E-01
3.41003,229.679,0.105775
3.41064,229.720,-0.279139E-01
3.41125,229.761,-0.776366E-01
3.41187,229.802,0.960977E-02
3.41248,229.843,-0.226677E-01
3.41309,229.884,0.757042E-01
3.41370,229.925,-0.284596E-01
3.41431,229.966,-0.158916E-01
3.41492,230.007,-0.102903
3.41553,230.049,-0.137254E-01
3.41614,230.090,-0.288859E-01
3.41675,230.131,0.180553E-03
3.41736,230.172,0.922262E-02
3.41797,230.213,0.103524E-01
3.41858,230.254,0.170925E-01
3.41919,230.295,0.460592E-03
3.41980,230.336,-0.932900E-01
3.42041,230.377,-0.272270E-01
3.42102,230.419,0.195456E-02
3.42163,230.460,0.211206E-01
3.42224,230.501,0.524708E-01
3.42285,230.542,0.334484E-01
3.42346,230.583,0.157291
3.42407,230.624,0.668546E-02
3.42468,230.665,0.893814E-01
3.42529,230.706,0.308978E-01
3.42590,230.747,0.487068E-01
3.42651,230.788,-0.133065
3.42712,230.830,-0.772229E-01
3.42773,230.871,-0.179169E-01
3.42834,230.912,-0.659265E-03
3.42896,230.953,0.533384E-01
3.42957,230.994,-0.494636E-01
3.43018,231.035,0.191523E-01
3.43079,231.076,-0.377527E-01
3.43140,231.117,0.141260E-01
3.43201,231.158,-0.189930E-01
3.43262,231.200,0.488939E-01
3.43323,231.241,-0.168647E-02
3.43384,231.282,-0.182333E-02
3.43445,231.323,0.555361E-02
3.43506,231.364,0.357212E-01
3.43567,231.405,0.294936E-01
3.43628,231.446,-0.368802E-01
3.43689,231.487,0.597957E-02
3.43750,231.528,-0.328950E-01
3.43811,231.570,-0.918189E-01
3.43872,231.611,0.439838E-01
3.43933,231.652,0.565192E-01
3.43994,231.693,0.546333E-02
3.44055,231.734,0.737437E-02
3.44116,231.775,-0.692144E-01
3.44177,231.816,0.257117E-01
3.44238,231.857,0.537269E-01
3.44299,231.898,0.412876E-01
3.44360,231.940,-0.156405
3.44421,231.981,0.321862E-01
3.44482,232.022,0.189135
3.44543,232.063,0.663223E-02
3.44604,232.104,0.247902E-01
3.44666,232.145,-0.470779E-01
3.44727,232.186,-0.319944E-01
3.44788,232.227,0.462040E-01
3.44849,232.268,0.203963E-01
3.44910,232.310,0.834439E-01
3.44971,232.351,-0.472888E-01
3.45032,232.392,0.662467E-02
3.45093,232.433,-0.396701E-02
3.45154,232.474,-0.708196E-01
3.45215,232.515,-0.549212E-01
3.45276,232.556,0.978377E-01
3.45337,232.597,-0.348258E-01
3.45398,232.638,0.148773E-01
3.45459,232.680,0.540524E-01
3.45520,232.721,-0.873850E-01
3.45581,232.762,0.622985E-02
3.45642,232.803,0.521846E-02
3.45703,232.844,0.709347E-01
3.45764,232.885,-0.233547E-01
3.45825,232.926,-0.689986E-01
3.45886,232.967,0.267845E-01
3.45947,233.008,-0.107365E-01
3.46008,233.050,0.776486E-01
3.46069,233.091,-0.128144E-01
3.46130,233.132,-0.568235E-02
3.46191,233.173,-0.346686E-02
3.46252,233.214,0.380640E-01
3.46313,233.255,0.107975E-02
3.46375,233.296,0.821958E-01
3.46436,233.337,-0.644009E-01
3.46497,233.378,0.812990E-02
3.46558,233.420,0.310204E-01
3.46619,233.461,0.346566E-01
3.46680,233.502,-0.348189E-01
3.46741,233.543,-0.281378E-01
3.46802,233.584,-0.189086E-01
3.46863,233.625,0.860317E-01
3.46924,233.666,-0.483096E-01
3.46985,233.707,0.241668E-01
3.47046,233.748,-0.244868E-02
3.47107,233.789,-0.287737E-01
3.47168,233.831,0.169623E-01
3.47229,233.872,0.453987E-01
3.47290,233.913,0.352408E-01
3.47351,233.954,0.379387E-01
3.47412,233.995,-0.515111E-01
3.47473,234.036,-0.130615E-01
3.47534,234.077,-0.141673E-02
3.47595,234.118,0.389169E-01
3.47656,234.159,-0.143553E-01
3.47717,234.201,0.319253E-01
3.47778,234.242,0.243763
3.47839,234.283,-0.125299E-01
3.47900,234.324,0.538871E-01
3.47961,234.365,0.140106E-02
3.48022,234.406,-0.920801E-02
3.48083,234.447,0.548833E-01
3.48145,234.488,0.117374
3.48206,234.529,-0.334202E-02
3.48267,234.571,0.742543E-01
3.48328,234.612,-0.802480E-02
3.48389,234.653,0.219783E-02
3.48450,234.694,0.108870E-02
3.48511,234.735,0.540651E-01
3.48572,234.776,-0.129383E-01
3.48633,234.817,-0.421753E-01
3.48694,234.858,0.735761E-01
3.48755,234.899,-0.414685E-01
3.48816,234.941,0.370977E-02
3.48877,234.982,0.545386E-02
3.48938,235.023,0.992622E-01
3.48999,235.064,-0.527279E-03
3.49060,235.105,0.962037E-02
3.49121,235.146,-0.152550E-02
3.49182,235.187,-0.386408E-01
3.49243,235.228,0.105776
3.49304,235.269,-0.152193E-01
3.49365,235.311,0.938001E-01
3.49426,235.352,-0.482355E-02
3.49487,235.393,0.501231E-02
3.49548,235.434,0.273874E-01
3.49609,235.475,0.214098E-01
3.49670,235.516,-0.753005E-01
3.49731,235.557,0.520089E-01
3.49792,235.598,0.414587E-01
3.49854,235.639,0.119948
3.49915,235.681,-0.247858E-01
3.49976,235.722,-0.190932E-01
3.50037,235.763,-0.539695E-01
3.50098,235.804,-0.201778E-01
3.50159,235.845,-0.427944E-01
3.50220,235.886,0.797010E-02
3.50281,235.927,0.908126E-01
3.50342,235.968,0.156319E-02
3.50403,236.009,-0.474216E-02
3.50464,236.051,0.419699E-01
3.50525,236.092,-0.316771E-02
3.50586,236.133,-0.501196E-02
3.50647,236.174,0.644982E-02
3.50708,236.215,-0.245809E-01
3.50769,236.256,0.147286E-01
3.50830,236.297,0.195809E-01
3.50891,236.338,0.249426E-01
3.50952,236.379,-0.236784E-01
3.51013,236.420,-0.636307E-02
3.51074,236.462,0.293689E-01
3.51135,236.503,0.253270E-03
3.51196,236.544,0.305460E-02
3.51257,236.585,0.189935E-02
3.51318,236.626,0.904409E-01
3.51379,236.667,0.281547E-01
3.51440,236.708,-0.847115E-01
3.51501,236.749,0.479993E-02
3.51562,236.790,-0.130830E-01
3.51624,236.832,0.107253E-01
3.51685,236.873,0.146918E-01
3.51746,236.914,-0.217563E-02
3.51807,236.955,-0.135539E-01
3.51868,236.996,-0.121594
3.51929,237.037,0.925895E-02
3.51990,237.078,0.638284E-01
3.52051,237.119,-0.832019E-02
3.52112,237.160,0.289914E-01
3.52173,237.202,0.135294
3.52234,237.243,0.275618E-01
3.52295,237.284,0.642393E-01
3.52356,237.325,-0.141214E-01
3.52417,237.366,0.358795E-02
3.52478,237.407,-0.315682E-01
3.52539,237.448,0.163413E-01
3.52600,237.489,-0.615328E-02
3.52661,237.530,0.532974E-01
3.52722,237.572,0.275230E-01
3.52783,237.613,0.103530E-01
3.52844,237.654,0.648037E-01
3.52905,237.695,-0.224679E-01
3.52966,237.736,-0.554367E-02
3.53027,237.777,0.671079E-02
3.53088,237.818,0.831680E-01
3.53149,237.859,0.446248E-01
3.53210,237.900,-0.112647
3.53271,237.942,-0.473408E-02
3.53333,237.983,-0.461134E-01
3.53394,238.024,0.455928E-01
3.53455,238.065,0.119078E-01
3.53516,238.106,0.138242
3.53577,238.147,0.181114E-01
3.53638,238.188,0.171974
3.53699,238.229,-0.137133E-02
3.53760,238.270,-0.692114E-01
3.53821,238.312,0.506850E-01
3.53882,238.353,-0.309900E-01
3.53943,238.394,-0.503114E-02
3.54004,238.435,-0.311411E-01
3.54065,238.476,0.112174E-01
3.54126,238.517,0.359986E-01
3.54187,238.558,-0.924635E-01
3.54248,238.599,0.231000E-01
3.54309,238.640,-0.285543E-01
3.54370,238.682,0.200512E-01
3.54431,238.723,-0.298720E-03
3.54492,238.764,-0.101673E-01
3.54553,238.805,-0.375132E-01
3.54614,238.846,-0.600400E-01
3.54675,238.887,0.167571E-01
3.54736,238.928,-0.209231E-01
3.54797,238.969,-0.828842E-01
3.54858,239.010,-0.530505E-01
3.54919,239.051,0.110934
3.54980,239.093,0.214201E-02
3.55042,239.134,-0.283323E-01
3.55103,239.175,0.137017E-02
3.55164,239.216,0.432853E-02
3.55225,239.257,-0.253904E-01
3.55286,239.298,-0.181935E-01
3.55347,239.339,-0.928482E-01
3.55408,239.380,0.164379E-01
3.55469,239.421,0.123824E-01
3.55530,239.463,0.544718E-01
3.55591,239.504,-0.178764
3.55652,239.545,-0.318985E-02
3.55713,239.586,0.209321E-01
3.55774,239.627,0.195531E-02
3.55835,239.668,-0.705444E-02
3.55896,239.709,-0.767186E-02
3.55957,239.750,-0.513079E-01
3.56018,239.791,0.253815E-01
3.56079,239.833,-0.459367E-01
3.56140,239.874,-0.648836E-03
3.56201,239.915,0.429247E-02
3.56262,239.956,0.110569E-01
3.56323,239.997,-0.755927E-01
3.56384,240.038,0.272445E-01
3.56445,240.079,0.685466E-02
3.56506,240.120,-0.428368E-02
3.56567,240.161,0.803664E-02
3.56628,240.203,-0.154790E-01
3.56689,240.244,0.933620E-02
3.56750,240.285,0.325140E-01
3.56812,240.326,-0.297450E-01
3.56873,240.367,0.117746
3.56934,240.408,0.134671
3.56995,240.449,0.229934E-02
3.57056,240.490,-0.320824E-01
3.57117,240.531,-0.435252E-01
3.57178,240.573,0.337399E-01
3.57239,240.614,0.485846E-01
3.57300,240.655,-0.118230E-01
3.57361,240.696,0.112512E-01
3.57422,240.737,0.342299E-01
3.57483,240.778,-0.519637E-01
3.57544,240.819,0.214782E-01
3.57605,240.860,0.225229E-01
3.57666,240.901,-0.351239E-01
3.57727,240.943,-0.941971E-02
3.57788,240.984,0.424938E-01
3.57849,241.025,0.720392E-01
3.57910,241.066,0.101265E-01
3.57971,241.107,-0.178453E-01
3.58032,241.148,0.155133E-01
3.58093,241.189,-0.336252E-01
3.58154,241.230,-0.430357E-01
3.58215,241.271,-0.316369E-02
3.58276,241.313,-0.306748E-01
3.58337,241.354,-0.621757E-02
3.58398,241.395,-0.128986E-01
3.58459,241.436,-0.494340E-01
3.58521,241.477,-0.164996E-02
3.58582,241.518,-0.698328E-01
3.58643,241.559,-0.671133E-01
3.58704,241.600,-0.216668E-01
3.58765,241.641,0.143330
3.58826,241.683,0.114306E-01
3.58887,241.724,0.110753E-01
3.58948,241.765,-0.354703E-01
3.59009,241.806,-0.407195E-01
3.59070,241.847,-0.733433E-01
3.59131,241.888,-0.356446E-01
3.59192,241.929,0.181874E-01
3.59253,241.970,-0.530145E-01
3.59314,242.011,0.472718E-03
3.59375,242.052,0.135721E-02
3.59436,242.094,-0.976485E-01
3.59497,242.135,0.862939E-01
3.59558,242.176,-0.131603E-01
3.59619,242.217,0.196133E-01
3.59680,242.258,-0.234990E-02
3.59741,242.299,-0.872373E-02
3.59802,242.340,-0.411318E-01
3.59863,242.381,-0.205720E-02
3.59924,242.422,-0.537622E-01
3.59985,242.464,-0.322017E-01
3.60046,242.505,0.230813E-01
3.60107,242.546,0.662421E-01
3.60168,242.587,-0.159509E-01
3.60229,242.628,-0.637046E-01
3.60291,242.669,0.306667E-01
3.60352,242.710,-0.498771E-01
3.60413,242.751,0.355858E-02
3.60474,242.792,0.227927E-01
3.60535,242.834,-0.480094E-01
3.60596,242.875,-0.124812E-01
3.60657,242.916,-0.254499E-01
3.60718,242.957,-0.273696E-01
3.60779,242.998,0.948481E-03
3.60840,243.039,0.332651E-01
3.60901,243.080,0.222378E-01
3.60962,243.121,0.204708E-01
3.61023,243.162,0.956529E-02
3.61084,243.204,0.199236E-01
3.61145,243.245,0.588880E-01
3.61206,243.286,-0.185852E-01
3.61267,243.327,-0.103343E-01
3.61328,243.368,0.449510E-01
3.61389,243.409,0.113068E-01
3.61450,243.450,-0.278200E-01
3.61511,243.491,-0.400402E-01
3.61572,243.532,0.140013E-01
3.61633,243.574,0.382997E-01
3.61694,243.615,-0.675427E-01
3.61755,243.656,-0.321286E-01
3.61816,243.697,0.717993E-02
3.61877,243.738,-0.431326E-01
3.61938,243.779,0.603814E-01
3.62000,243.820,0.293986E-01
3.62061,243.861,-0.923365E-02
3.62122,243.902,-0.428354E-01
3.62183,243.944,-0.170100E-02
3.62244,243.985,-0.686169E-03
3.62305,244.026,-0.524730E-01
3.62366,244.067,0.222584E-01
3.62427,244.108,0.893056E-02
3.62488,244.149,-0.243006E-01
3.62549,244.190,0.103466
3.62610,244.231,0.408248E-02
3.62671,244.272,-0.732700E-02
3.62732,244.314,-0.718143E-01
3.62793,244.355,0.296769E-01
3.62854,244.396,0.606516E-01
3.62915,244.437,-0.401046E-01
3.62976,244.478,0.171445E-01
3.63037,244.519,-0.983010E-02
3.63098,244.560,-0.347819E-01
3.63159,244.601,-0.284944E-01
3.63220,244.642,-0.479974E-02
3.63281,244.683,0.100799E-01
3.63342,244.725,-0.975122E-02
3.63403,244.766,0.361903E-01
3.63464,244.807,0.716582E-01
3.63525,244.848,-0.255130E-01
3.63586,244.889,-0.207285E-03
3.63647,244.930,0.182689E-01
3.63708,244.971,0.872935E-01
3.63770,245.012,0.609433E-01
3.63831,245.053,0.543449E-01
3.63892,245.095,0.116871
3.63953,245.136,-0.314340E-01
3.64014,245.177,0.605721E-01
3.64075,245.218,-0.129655
3.64136,245.259,0.346618E-01
3.64197,245.300,-0.103673
3.64258,245.341,-0.153897E-02
3.64319,245.382,-0.135966E-01
3.64380,245.423,0.120359E-01
3.64441,245.465,-0.291309E-01
3.64502,245.506,0.663182E-02
3.64563,245.547,0.100708E-01
3.64624,245.588,0.503226E-01
3.64685,245.629,0.999601E-02
3.64746,245.670,-0.463935E-02
3.64807,245.711,-0.188697E-01
3.64868,245.752,-0.380190E-01
3.64929,245.793,0.955988E-01
3.64990,245.835,0.363989E-01
3.65051,245.876,0.549321E-01
3.65112,245.917,0.893029E-02
3.65173,245.958,0.353768E-01
3.65234,245.999,0.265288E-01
3.65295,246.040,-0.700900E-01
3.65356,246.081,-0.147409E-01
3.65417,246.122,-0.735301E-01
3.65479,246.163,-0.616324E-01
3.65540,246.205,-0.172833E-01
3.65601,246.246,-0.957143E-02
3.65662,246.287,-0.284088E-01
3.65723,246.328,0.336837E-01
3.65784,246.369,-0.974332E-04
3.65845,246.410,-0.723524E-01
3.65906,246.451,-0.224545E-01
3.65967,246.492,0.852623E-01
3.66028,246.533,0.456677E-01
3.66089,246.575,0.359712E-01
3.66150,246.616,0.761320E-01
3.66211,246.657,0.255214E-01
3.66272,246.698,0.193380E-01
3.66333,246.739,-0.334807E-02
3.66394,246.780,-0.205241E-01
3.66455,246.821,-0.448687E-01
3.66516,246.862,-0.334808E-01
3.66577,246.903,0.279784E-01
3.66638,246.945,0.216547E-01
3.66699,246.986,0.106636E-01
3.66760,247.027,-0.713672E-03
3.66821,247.068,0.412118E-01
3.66882,247.109,0.462253E-01
3.66943,247.150,0.232899E-01
3.67004,247.191,0.285837E-02
3.67065,247.232,0.804227E-02
3.67126,247.273,0.936202E-03
3.67188,247.314,-0.966167E-02
3.67249,247.356,0.675404E-01
3.67310,247.397,0.562639E-02
3.67371,247.438,-0.552467E-01
3.67432,247.479,0.334534E-01
3.67493,247.520,-0.233623E-01
3.67554,247.561,0.710496E-02
3.67615,247.602,-0.533371E-01
3.67676,247.643,-0.960149E-01
3.67737,247.684,0.137136E-01
3.67798,247.726,0.136667E-01
3.67859,247.767,-0.145800E-02
3.67920,247.808,-0.311161E-02
3.67981,247.849,-0.275560E-01
3.68042,247.890,0.628977E-01
3.68103,247.931,-0.225808E-01
3.68164,247.972,-0.292058E-01
3.68225,248.013,-0.581091E-02
3.68286,248.054,0.747539E-01
3.68347,248.096,-0.355725E-01
3.68408,248.137,-0.148244E-01
3.68469,248.178,0.297866E-01
3.68530,248.219,0.248388E-01
3.68591,248.260,0.604744E-02
3.68652,248.301,-0.176260E-02
3.68713,248.342,0.428479E-01
3.68774,248.383,-0.485158E-02
3.68835,248.424,0.740346E-03
3.68896,248.466,-0.256048E-02
3.68958,248.507,-0.509608E-01
3.69019,248.548,-0.325082E-01
3.69080,248.589,-0.281099E-01
3.69141,248.630,0.253348E-01
3.69202,248.671,0.549213E-01
3.69263,248.712,-0.180830
3.69324,248.753,-0.175517E-01
3.69385,248.794,0.986067E-01
3.69446,248.836,0.442513E-01
3.69507,248.877,0.669945E-02
3.69568,248.918,0.402736E-01
3.69629,248.959,0.569449E-01
3.69690,249.000,-0.104140E-01
3.69751,249.041,-0.366535E-01
3.69812,249.082,-0.347831E-01
3.69873,249.123,0.472377E-01
3.69934,249.164,0.102506E-04
3.69995,249.206,0.798704E-01
3.70056,249.247,-0.179488E-01
3.70117,249.288,0.104578
3.70178,249.329,0.229749E-02
3.70239,249.370,0.402971E-01
3.70300,249.411,-0.552261E-01
3.70361,249.452,0.869689E-02
3.70422,249.493,-0.155087E-01
3.70483,249.534,-0.221708E-01
3.70544,249.576,-0.798939E-01
3.70605,249.617,0.345463E-01
3.70667,249.658,-0.298294E-01
3.70728,249.699,-0.260100E-01
3.70789,249.740,-0.201068E-01
3.70850,249.781,-0.613749E-03
3.70911,249.822,0.409914E-01
3.70972,249.863,-0.115460E-01
3.71033,249.904,0.206350E-01
3.71094,249.946,0.764780E-01
3.71155,249.987,0.110451E-01
3.71216,250.028,-0.144048E-01
3.71277,250.069,0.165753E-01
3.71338,250.110,0.133679E-01
3.71399,250.151,-0.243538E-01
3.71460,250.192,-0.164625
3.71521,250.233,0.120449
3.71582,250.274,-0.364028E-01
3.71643,250.315,0.431133E-01
3.71704,250.357,-0.200779E-02
3.71765,250.398,0.112393
3.71826,250.439,0.600565E-01
3.71887,250.480,-0.112615
3.71948,250.521,-0.796908E-01
3.72009,250.562,0.196383E-01
3.72070,250.603,0.744425E-01
3.72131,250.644,-0.384780E-01
3.72192,250.685,-0.747038E-02
3.72253,250.727,0.230272E-01
3.72314,250.768,-0.155536E-01
3.72375,250.809,0.111169E-01
3.72437,250.850,0.158395E-01
3.72498,250.891,-0.438685E-01
3.72559,250.932,0.247689E-01
3.72620,250.973,-0.215901E-01
3.72681,251.014,0.733361E-01
3.72742,251.055,-0.144828E-01
3.72803,251.097,0.257321E-02
3.72864,251.138,-0.699729E-02
3.72925,251.179,0.292857E-01
3.72986,251.220,0.285101E-01
3.73047,251.261,-0.102563E-01
3.73108,251.302,-0.344246E-01
3.73169,251.343,-0.130966E-01
3.73230,251.384,0.176008E-01
3.73291,251.425,0.134860E-01
3.73352,251.467,-0.362911E-01
3.73413,251.508,-0.163174E-01
3.73474,251.549,-0.106652E-01
3.73535,251.590,-0.217518E-01
3.73596,251.631,-0.213747E-02
3.73657,251.672,0.124276E-01
3.73718,251.713,0.550830E-03
3.73779,251.754,0.110494E-01
3.73840,251.795,-0.684009E-02
3.73901,251.837,-0.371336E-01
3.73962,251.878,0.929069E-02
3.74023,251.919,0.114691
3.74084,251.960,0.155235E-01
3.74146,252.001,-0.170234E-01
3.74207,252.042,0.140224E-01
3.74268,252.083,-0.630195E-02
3.74329,252.124,-0.188697E-01
3.74390,252.165,-0.492303E-01
3.74451,252.207,0.533590E-01
3.74512,252.248,0.161676E-01
3.74573,252.289,0.635245E-01
3.74634,252.330,0.158224
3.74695,252.371,-0.538293E-02
3.74756,252.412,0.109580E-02
3.74817,252.453,-0.959320E-01
3.74878,252.494,-0.150474E-01
3.74939,252.535,-0.971038E-02
3.75000,252.577,-0.384082E-02
3.75061,252.618,-0.299641E-01
3.75122,252.659,-0.142875E-01
3.75183,252.700,0.389340E-02
3.75244,252.741,-0.841981E-01
3.75305,252.782,0.114496
3.75366,252.823,0.206314E-01
3.75427,252.864,-0.495011E-01
3.75488,252.905,-0.195684E-01
3.75549,252.946,0.441681E-01
3.75610,252.988,0.352328E-02
3.75671,253.029,-0.374518E-01
3.75732,253.070,-0.132414E-01
3.75793,253.111,-0.550132E-02
3.75854,253.152,-0.845964E-02
3.75916,253.193,-0.155326E-01
3.75977,253.234,0.522926E-01
3.76038,253.275,0.215826E-01
3.76099,253.316,0.106810
3.76160,253.358,0.621066E-02
3.76221,253.399,-0.163841E-02
3.76282,253.440,-0.310631E-01
3.76343,253.481,0.683750E-02
3.76404,253.522,-0.131156
3.76465,253.563,0.362499E-01
3.76526,253.604,-0.265240E-01
3.76587,253.645,0.110467E-01
3.76648,253.686,-0.235207E-01
3.76709,253.728,-0.347659E-01
3.76770,253.769,-0.804300E-01
3.76831,253.810,0.507833E-01
3.76892,253.851,0.208920E-01
3.76953,253.892,-0.400913E-02
3.77014,253.933,-0.173504E-01
3.77075,253.974,0.336393E-01
3.77136,254.015,0.659588E-02
3.77197,254.056,-0.415421E-01
3.77258,254.098,-0.106083
3.77319,254.139,0.143629E-01
3.77380,254.180,-0.212161E-01
3.77441,254.221,-0.196679E-01
3.77502,254.262,0.113883E-01
3.77563,254.303,0.862771E-01
3.77625,254.344,0.570236E-02
3.77686,254.385,-0.622967E-01
3.77747,254.426,-0.366553E-01
3.77808,254.468,-0.105721E-01
3.77869,254.509,-0.137723E-01
3.77930,254.550,-0.241613E-01
3.77991,254.591,-0.695847E-01
3.78052,254.632,0.141913
3.78113,254.673,-0.900508E-01
3.78174,254.714,-0.182327E-01
3.78235,254.755,-0.620650E-01
3.78296,254.796,0.299265E-01
3.78357,254.838,-0.466610E-01
3.78418,254.879,0.129729E-01
3.78479,254.920,-0.300903E-01
3.78540,254.961,0.856958E-01
3.78601,255.002,0.125968
3.78662,255.043,-0.387256E-02
3.78723,255.084,-0.269892E-01
3.78784,255.125,-0.682460E-01
3.78845,255.166,-0.405157E-01
3.78906,255.208,-0.975946E-02
3.78967,255.249,0.303401E-01
3.79028,255.290,-0.413008E-01
3.79089,255.331,-0.915240E-02
3.79150,255.372,0.468068E-01
3.79211,255.413,0.885541E-01
3.79272,255.454,-0.964891E-01
3.79333,255.495,-0.779121E-02
3.79395,255.536,-0.628484E-03
3.79456,255.578,-0.622807E-01
3.79517,255.619,0.361134E-01
3.79578,255.660,0.291368E-03
3.79639,255.701,0.550606E-01
3.79700,255.742,-0.422900E-01
3.79761,255.783,-0.497517E-02
3.79822,255.824,0.157795E-01
3.79883,255.865,0.667915E-01
3.79944,255.906,0.697118E-02
3.80005,255.947,0.304272E-01
3.80066,255.989,-0.292746E-01
3.80127,256.030,-0.136998E-01
3.80188,256.071,-0.644081E-01
3.80249,256.112,0.203582E-01
3.80310,256.153,0.119206
3.80371,256.194,-0.101832
3.80432,256.235,0.222576E-01
3.80493,256.276,0.315033E-01
3.80554,256.317,-0.185916E-01
3.80615,256.359,-0.272644E-01
3.80676,256.400,-0.286365E-01
3.80737,256.441,0.120256E-01
3.80798,256.482,-0.581691E-01
3.80859,256.523,0.238705E-01
3.80920,256.564,0.779296E-02
3.80981,256.605,-0.150376E-01
3.81042,256.646,-0.218669E-01
3.81104,256.687,0.369617E-01
3.81165,256.729,-0.254459E-01
3.81226,256.770,-0.148338E-01
3.81287,256.811,0.162057
3.81348,256.852,0.868137E-02
3.81409,256.893,0.163237E-01
3.81470,256.934,-0.252163E-01
3.81531,256.975,0.479131E-02
3.81592,257.016,0.641139E-01
3.81653,257.057,-0.181729E-03
3.81714,257.099,-0.764020E-01
3.81775,257.140,-0.411397E-01
3.81836,257.181,0.283719E-01
3.81897,257.222,-0.853614E-01
3.81958,257.263,-0.549372E-02
3.82019,257.304,-0.317217E-01
3.82080,257.345,0.171966E-01
3.82141,257.386,-0.147655
3.82202,257.427,0.301056E-01
3.82263,257.469,0.963615E-02
3.82324,257.510,0.675952E-02
3.82385,257.551,0.265261E-01
3.82446,257.592,0.535707E-01
3.82507,257.633,0.119004E-01
3.82568,257.674,-0.540408E-01
3.82629,257.715,-0.415939E-01
3.82690,257.756,-0.582104E-01
3.82751,257.797,0.154660E-01
3.82812,257.839,0.291929E-02
3.82874,257.880,-0.495940E-01
3.82935,257.921,0.255516E-01
3.82996,257.962,-0.755497E-02
3.83057,258.003,0.221956E-01
3.83118,258.044,0.476124E-02
3.83179,258.085,-0.382006E-01
3.83240,258.126,0.217048E-01
3.83301,258.167,0.384721E-01
3.83362,258.209,-0.579695E-01
3.83423,258.250,-0.521048E-02
3.83484,258.291,0.188389E-02
3.83545,258.332,-0.228510E-01
3.83606,258.373,0.474359E-02
3.83667,258.414,0.212915E-01
3.83728,258.455,0.485702E-01
3.83789,258.496,0.523887E-01
3.83850,258.537,-0.577431E-01
3.83911,258.578,0.121899
3.83972,258.620,0.166130E-01
3.84033,258.661,0.623357E-01
3.84094,258.702,-0.864315E-02
3.84155,258.743,0.582827E-01
3.84216,258.784,-0.844940E-02
3.84277,258.825,-0.416771E-01
3.84338,258.866,-0.537779E-02
3.84399,258.907,0.552692E-01
3.84460,258.948,0.519975E-01
3.84521,258.990,0.336817E-01
3.84583,259.031,0.426749E-01
3.84644,259.072,-0.116404
3.84705,259.113,0.607561E-01
3.84766,259.154,0.325043E-01
3.84827,259.195,-0.171344E-01
3.84888,259.236,0.817527E-01
3.84949,259.277,0.914842E-02
3.85010,259.318,-0.231223E-01
3.85071,259.360,-0.265189E-01
3.85132,259.401,0.158247E-01
3.85193,259.442,0.565502E-01
3.85254,259.483,0.166106E-01
3.85315,259.524,-0.116168
3.85376,259.565,-0.272297E-01
3.85437,259.606,0.125226
3.85498,259.647,-0.710639E-01
3.85559,259.688,0.355261E-01
3.85620,259.730,-0.296928E-01
3.85681,259.771,0.164750E-01
3.85742,259.812,-0.156051
3.85803,259.853,0.832183E-02
3.85864,259.894,-0.109097
3.85925,259.935,0.734685E-02
3.85986,259.976,0.968971E-02
3.86047,260.017,0.877724E-01
3.86108,260.058,-0.166171E-01
3.86169,260.100,-0.601005E-01
3.86230,260.141,0.258264E-01
3.86292,260.182,0.113063E-01
3.86353,260.223,0.963076E-03
3.86414,260.264,0.140866E-01
3.86475,260.305,-0.286830E-01
3.86536,260.346,0.702463E-02
3.86597,260.387,0.133697E-01
3.86658,260.428,-0.317657E-01
3.86719,260.470,0.191738E-01
3.86780,260.511,0.909818E-01
3.86841,260.552,-0.108515
3.86902,260.593,0.388777E-02
3.86963,260.634,-0.192457E-01
3.87024,260.675,-0.110437E-01
3.87085,260.716,0.470894E-02
3.87146,260.757,0.134840E-01
3.87207,260.798,0.754476E-01
3.87268,260.840,-0.337817E-01
3.87329,260.881,0.236530E-03
3.87390,260.922,-0.138753E-01
3.87451,260.963,-0.106846E-01
3.87512,261.004,0.355453E-02
3.87573,261.045,0.274656E-01
3.87634,261.086,0.665749E-02
3.87695,261.127,-0.464638E-01
3.87756,261.168,-0.324614E-01
3.87817,261.209,0.120837
3.87878,261.251,-0.434745E-01
3.87939,261.292,-0.114986E-01
3.88000,261.333,-0.984434E-02
3.88062,261.374,-0.145720E-01
3.88123,261.415,-0.940855E-02
3.88184,261.456,0.119741E-01
3.88245,261.497,-0.563098E-01
3.88306,261.538,-0.352129E-01
3.88367,261.579,0.856041E-01
3.88428,261.621,-0.159007E-01
3.88489,261.662,-0.469791E-01
3.88550,261.703,-0.268046E-01
3.88611,261.744,-0.107674
3.88672,261.785,-0.195201E-01
3.88733,261.826,0.187022E-03
3.88794,261.867,-0.173550E-01
3.88855,261.908,-0.299141E-01
3.88916,261.949,-0.916280E-02
3.88977,261.991,0.306422E-01
3.89038,262.032,0.505216E-01
3.89099,262.073,0.379557E-01
3.89160,262.114,-0.276665E-01
3.89221,262.155,0.611020E-01
3.89282,262.196,-0.257034E-01
3.89343,262.237,-0.204928E-02
3.89404,262.278,0.355766E-02
3.89465,262.319,-0.511139E-01
3.89526,262.361,-0.166686E-02
3.89587,262.402,0.864912E-01
3.89648,262.443,-0.218722E-01
3.89709,262.484,-0.978134E-01
3.89771,262.525,0.571923E-02
3.89832,262.566,0.515360E-03
3.89893,262.607,0.180951E-01
3.89954,262.648,-0.394083E-01
3.90015,262.689,-0.180961E-01
3.90076,262.731,-0.749688E-01
3.90137,262.772,-0.110219E-02
3.90198,262.813,-0.680779E-01
3.90259,262.854,-0.177364
3.90320,262.895,-0.608059E-01
3.90381,262.936,0.571484E-01
3.90442,262.977,0.179314
3.90503,263.018,-0.352907E-02
3.90564,263.059,-0.950214E-02
3.90625,263.101,0.925279E-01
3.90686,263.142,-0.234029E-01
3.90747,263.183,0.653787E-02
3.90808,263.224,-0.114685E-01
3.90869,263.265,0.254452E-01
3.90930,263.306,0.229457E-01
3.90991,263.347,-0.129326E-01
3.91052,263.388,0.865051E-02
3.91113,263.429,-0.496801E-02
3.91174,263.471,0.102257
3.91235,263.512,-0.473618E-03
3.91296,263.553,0.766384E-01
3.91357,263.594,0.398639E-01
3.91418,263.635,-0.206089E-01
3.91479,263.676,-0.141365E-01
3.91541,263.717,-0.762646E-01
3.91602,263.758,-0.520901E-01
3.91663,263.799,0.662508E-02
3.91724,263.841,-0.185820E-01
3.91785,263.882,-0.332152E-01
3.91846,263.923,-0.225322E-01
3.91907,263.964,-0.117309
3.91968,264.005,-0.152810E-03
3.92029,264.046,0.812908E-02
3.92090,264.087,-0.468720E-01
3.92151,264.128,-0.548187E-01
3.92212,264.169,0.126997E-01
3.92273,264.210,0.360327E-01
3.92334,264.252,0.298198E-01
3.92395,264.293,-0.332158E-03
3.92456,264.334,0.628541E-01
3.92517,264.375,0.513092E-01
3.92578,264.416,0.120057E-02
3.92639,264.457,0.473803E-01
3.92700,264.498,-0.785266E-01
3.92761,264.539,0.121299E-01
3.92822,264.580,0.677239E-01
3.92883,264.622,-0.277567E-02
3.92944,264.663,-0.108798E-01
3.93005,264.704,-0.229987E-01
3.93066,264.745,-0.574646E-01
3.93127,264.786,-0.137666E-01
3.93188,264.827,0.521334E-02
3.93250,264.868,-0.485957E-02
3.93311,264.909,0.352315E-02
3.93372,264.950,0.122218E-01
3.93433,264.992,-0.966800E-01
3.93494,265.033,-0.942841E-03
3.93555,265.074,-0.144368E-02
3.93616,265.115,-0.111301E-01
3.93677,265.156,0.637995E-02
3.93738,265.197,0.671800E-02
3.93799,265.238,0.959103E-01
3.93860,265.279,-0.168387E-01
3.93921,265.320,0.143962E-01
3.93982,265.362,0.319232E-02
3.94043,265.403,0.109917E-01
3.94104,265.444,-0.490952E-01
3.94165,265.485,-0.124707E-02
3.94226,265.526,-0.838529E-01
3.94287,265.567,-0.119531E-01
3.94348,265.608,-0.164178E-01
3.94409,265.649,0.293376E-01
3.94470,265.690,-0.517959E-02
3.94531,265.732,0.787012E-01
3.94592,265.773,-0.155143E-01
3.94653,265.814,0.148849E-01
3.94714,265.855,0.411135E-01
3.94775,265.896,0.426001E-01
3.94836,265.937,0.206467E-01
3.94897,265.978,-0.367187E-02
3.94958,266.019,-0.760725E-02
3.95020,266.060,0.161184
3.95081,266.102,0.204995E-01
3.95142,266.143,-0.218047E-01
3.95203,266.184,-0.143154
3.95264,266.225,-0.319860E-01
3.95325,266.266,-0.595557E-02
3.95386,266.307,-0.648032E-01
3.95447,266.348,-0.525559E-01
3.95508,266.389,0.106744E-01
3.95569,266.430,-0.536875E-01
3.95630,266.472,-0.264070E-01
3.95691,266.513,0.337333E-01
3.95752,266.554,0.768262E-02
3.95813,266.595,-0.235795E-01
3.95874,266.636,0.245997E-01
3.95935,266.677,0.257786E-03
3.95996,266.718,-0.971459E-02
3.96057,266.759,-0.454274E-01
3.96118,266.800,0.481125E-01
3.96179,266.841,0.124660E-01
3.96240,266.883,0.245513E-01
3.96301,266.924,-0.322004E-01
3.96362,266.965,0.148340
3.96423,267.006,-0.350280E-01
3.96484,267.047,-0.723394E-02
3.96545,267.088,0.653801E-01
3.96606,267.129,0.921003E-02
3.96667,267.170,-0.282203E-01
3.96729,267.211,-0.250074E-01
3.96790,267.253,0.316437E-01
3.96851,267.294,-0.101982
3.96912,267.335,0.135902E-01
3.96973,267.376,-0.628769E-01
3.97034,267.417,0.743602E-01
3.97095,267.458,0.458479E-01
3.97156,267.499,0.117374E-02
3.97217,267.540,-0.810737E-01
3.97278,267.581,0.289212E-01
3.97339,267.623,-0.796248E-01
3.97400,267.664,-0.671865E-02
3.97461,267.705,-0.319993E-02
3.97522,267.746,-0.288934E-01
3.97583,267.787,0.174950E-01
3.97644,267.828,0.751299E-02
3.97705,267.869,-0.174361E-01
3.97766,267.910,0.290718E-01
3.97827,267.951,0.436696E-01
3.97888,267.993,0.180828E-01
3.97949,268.034,-0.180377
3.98010,268.075,-0.985717E-01
3.98071,268.116,0.753527E-01
3.98132,268.157,0.136046E-02
3.98193,268.198,0.486365E-01
3.98254,268.239,0.377762E-02
3.98315,268.280,-0.100345
3.98376,268.321,0.504160E-02
3.98438,268.363,-0.393165E-01
3.98499,268.404,0.546290E-01
3.98560,268.445,0.367930E-01
3.98621,268.486,-0.904790E-02
3.98682,268.527,-0.237920E-02
3.98743,268.568,0.247793E-01
3.98804,268.609,-0.115326E-01
3.98865,268.650,-0.594587E-02
3.98926,268.691,-0.158731
3.98987,268.733,-0.462651E-01
3.99048,268.774,-0.369527E-01
3.99109,268.815,-0.394175E-02
3.99170,268.856,-0.508127E-01
3.99231,268.897,-0.207268E-01
3.99292,268.938,-0.174343E-01
3.99353,268.979,0.110207E-01
3.99414,269.020,-0.869659E-02
3.99475,269.061,0.100834
3.99536,269.103,-0.400078E-02
3.99597,269.144,0.969998E-01
3.99658,269.185,0.221331E-01
3.99719,269.226,0.485968E-01
3.99780,269.267,0.276405E-02
3.99841,269.308,0.267925E-02
3.99902,269.349,0.382855E-01
3.99963,269.390,-0.448739E-01
4.00024,269.431,0.656786E-01
4.00085,269.472,0.440222E-01
4.00146,269.514,-0.300807E-01
4.00208,269.555,0.244598E-02
4.00269,269.596,-0.540677E-01
4.00330,269.637,-0.431780E-03
4.00391,269.678,0.119139E-01
4.00452,269.719,0.548612E-02
4.00513,269.760,-0.250139E-01
4.00574,269.801,-0.685132E-02
4.00635,269.842,-0.150280E-01
4.00696,269.884,-0.318884E-01
4.00757,269.925,0.133070E-01
4.00818,269.966,-0.261388E-02
4.00879,270.007,0.314757E-01
4.00940,270.048,-0.152143E-01
4.01001,270.089,0.280154E-01
4.01062,270.130,-0.168670E-01
4.01123,270.171,0.242503E-01
4.01184,270.212,-0.186961E-01
4.01245,270.254,0.436336E-01
4.01306,270.295,0.554680E-01
4.01367,270.336,-0.114948E-01
4.01428,270.377,0.221901E-01
4.01489,270.418,-0.728431E-02
4.01550,270.459,0.535621E-02
4.01611,270.500,0.438830E-01
4.01672,270.541,-0.872867E-01
4.01733,270.582,-0.673133E-01
4.01794,270.624,-0.298642E-01
4.01855,270.665,-0.550090E-02
4.01917,270.706,0.155719E-01
4.01978,270.747,0.806077E-02
4.02039,270.788,-0.603705E-01
4.02100,270.829,-0.820961E-02
4.02161,270.870,-0.208080E-01
4.02222,270.911,-0.800991E-01
4.02283,270.952,-0.275336E-01
4.02344,270.994,0.354139E-01
4.02405,271.035,0.113413E-01
4.02466,271.076,0.406197E-01
4.02527,271.117,-0.302274E-01
4.02588,271.158,-0.928070E-02
4.02649,271.199,-0.354142E-01
4.02710,271.240,0.663027E-01
4.02771,271.281,0.250492E-01
4.02832,271.322,-0.882995E-01
4.02893,271.364,0.114050E-01
4.02954,271.405,0.260007
4.03015,271.446,0.179504E-01
4.03076,271.487,-0.106064E-01
4.03137,271.528,-0.483263E-02
4.03198,271.569,0.158493E-01
4.03259,271.610,0.234959E-01
4.03320,271.651,-0.702021E-02
4.03381,271.692,0.517703E-02
4.03442,271.734,-0.588048E-01
4.03503,271.775,-0.480104E-01
4.03564,271.816,0.524673E-01
4.03625,271.857,-0.588508E-01
4.03687,271.898,0.194132E-01
4.03748,271.939,-0.147447E-01
4.03809,271.980,0.361059E-01
4.03870,272.021,-0.413666E-01
4.03931,272.062,0.116731
4.03992,272.104,0.944573E-01
4.04053,272.145,-0.245502E-02
4.04114,272.186,-0.304778E-02
4.04175,272.227,0.368728E-01
4.04236,272.268,-0.276048E-01
4.04297,272.309,-0.994616E-02
4.04358,272.350,0.854554E-01
4.04419,272.391,-0.459780E-01
4.04480,272.432,-0.225912E-02
4.04541,272.473,0.407498E-01
4.04602,272.515,-0.160130E-01
4.04663,272.556,-0.115230E-01
4.04724,272.597,-0.310275E-01
4.04785,272.638,0.453234E-01
4.04846,272.679,-0.351538E-01
4.04907,272.720,-0.765703E-02
4.04968,272.761,0.347570E-02
4.05029,272.802,0.342527E-01
4.05090,272.843,0.613533E-01
4.05151,272.885,0.100829
4.05212,272.926,-0.700116E-01
4.05273,272.967,0.763460E-01
4.05334,273.008,-0.515307E-01
4.05396,273.049,-0.230188E-01
4.05457,273.090,0.389759E-02
4.05518,273.131,-0.174589E-01
4.05579,273.172,-0.202420E-01
4.05640,273.213,0.387068E-01
4.05701,273.255,-0.120672E-01
4.05762,273.296,0.717966E-02
4.05823,273.337,-0.127231E-01
4.05884,273.378,-0.125656
4.05945,273.419,-0.531347E-01
4.06006,273.460,-0.545683E-01
4.06067,273.501,-0.266562E-01
4.06128,273.542,-0.103681
4.06189,273.583,0.658989E-02
4.06250,273.625,0.148995E-02
4.06311,273.666,-0.354274E-01
4.06372,273.707,0.160788E-01
4.06433,273.748,-0.465297E-02
4.06494,273.789,-0.959558E-02
4.06555,273.830,-0.154499E-01
4.06616,273.871,-0.411187E-01
4.06677,273.912,0.340359E-01
4.06738,273.953,-0.236452E-01
4.06799,273.995,0.124020E-02
4.06860,274.036,-0.632667E-01
4.06921,274.077,0.167470E-01
4.06982,274.118,-0.304135E-01
4.07043,274.159,-0.208027E-01
4.07104,274.200,-0.137602E-01
4.07166,274.241,-0.508754E-01
4.07227,274.282,0.542404E-01
4.07288,274.323,0.179934E-01
4.07349,274.365,-0.495371E-01
4.07410,274.406,-0.148383E-01
4.07471,274.447,0.173926E-01
4.07532,274.488,0.552828E-01
4.07593,274.529,-0.880507E-02
4.07654,274.570,0.138404E-01
4.07715,274.611,-0.596579E-01
4.07776,274.652,-0.641835E-01
4.07837,274.693,-0.708689E-01
4.07898,274.735,0.375279E-02
4.07959,274.776,0.243506E-01
4.08020,274.817,-0.383239E-02
4.08081,274.858,-0.181856E-01
4.08142,274.899,-0.157822E-01
4.08203,274.940,-0.845814E-01
4.08264,274.981,0.432946E-01
4.08325,275.022,0.581340E-01
4.08386,275.063,0.223458E-01
4.08447,275.104,-0.215317E-01
4.08508,275.146,-0.764800E-03
4.08569,275.187,-0.494694E-01
4.08630,275.228,0.250151E-01
4.08691,275.269,0.488172E-01
4.08752,275.310,-0.353632E-03
4.08813,275.351,-0.585800E-01
4.08875,275.392,-0.659363E-02
4.08936,275.433,-0.242381E-01
4.08997,275.474,0.394170E-01
4.09058,275.516,0.602308E-01
4.09119,275.557,-0.211416E-01
4.09180,275.598,0.533358E-01
4.09241,275.639,0.958918E-01
4.09302,275.680,0.115528E-01
4.09363,275.721,-0.336757E-01
4.09424,275.762,0.660496E-01
4.09485,275.803,0.240413E-01
4.09546,275.844,0.457776E-02
4.09607,275.886,0.235330E-03
4.09668,275.927,0.480699E-01
4.09729,275.968,-0.910843E-01
4.09790,276.009,0.165077
4.09851,276.050,0.433505E-01
4.09912,276.091,0.201638E-01
4.09973,276.132,0.169746E-01
4.10034,276.173,0.873289E-01
4.10095,276.214,-0.231051E-02
4.10156,276.256,-0.937111E-01
4.10217,276.297,0.447793E-01
4.10278,276.338,-0.627758E-01
4.10339,276.379,-0.139144E-01
4.10400,276.420,0.677546E-02
4.10461,276.461,-0.660812E-02
4.10522,276.502,-0.795548E-02
4.10583,276.543,0.151033E-01
4.10645,276.584,-0.376106E-01
4.10706,276.626,-0.197137E-01
4.10767,276.667,-0.575533E-01
4.10828,276.708,-0.207341E-01
4.10889,276.749,-0.252189E-01
4.10950,276.790,-0.883455E-01
4.11011,276.831,-0.878883E-03
4.11072,276.872,0.201191E-01
4.11133,276.913,-0.230506E-02
4.11194,276.954,-0.581783E-02
4.11255,276.996,0.326809E-01
4.11316,277.037,-0.462161E-01
4.11377,277.078,-0.199321E-01
4.11438,277.119,0.212115E-01
4.11499,277.160,-0.112003E-01
4.11560,277.201,-0.898263E-01
4.11621,277.242,-0.154999E-01
4.11682,277.283,-0.304110E-02
4.11743,277.324,0.658021E-01
4.11804,277.366,0.453964E-02
4.11865,277.407,-0.155975E-01
4.11926,277.448,-0.291573E-02
4.11987,277.489,-0.475268E-01
4.12048,277.530,0.340568E-03
4.12109,277.571,0.985898E-02
4.12170,277.612,-0.137318E-01
4.12231,277.653,-0.135970E-01
4.12292,277.694,-0.383032E-01
4.12354,277.735,-0.238725E-02
4.12415,277.777,0.174181E-01
4.12476,277.818,-0.339691E-01
4.12537,277.859,0.844670E-01
4.12598,277.900,0.192411E-01
4.12659,277.941,-0.183100E-01
4.12720,277.982,0.480896E-01
4.12781,278.023,-0.633227E-01
4.12842,278.064,0.846675E-01
4.12903,278.105,-0.114628E-02
4.12964,278.147,0.112408E-01
4.13025,278.188,-0.111609E-01
4.13086,278.229,-0.675477E-01
4.13147,278.270,0.130418
4.13208,278.311,-0.270803E-01
4.13269,278.352,-0.290387E-02
4.13330,278.393,0.821928E-02
4.13391,278.434,-0.412482E-02
4.13452,278.475,-0.332377E-02
4.13513,278.517,0.187396E-01
4.13574,278.558,0.208027E-01
4.13635,278.599,-0.356265E-02
4.13696,278.640,-0.337734E-01
4.13757,278.681,0.811234E-02
4.13818,278.722,0.706539E-02
4.13879,278.763,0.591845E-02
4.13940,278.804,0.436632E-01
4.14001,278.845,-0.697286E-01
4.14062,278.887,-0.104526E-01
4.14124,278.928,0.930325E-02
4.14185,278.969,0.783371E-02
4.14246,279.010,-0.188854E-01
4.14307,279.051,0.281259E-01
4.14368,279.092,-0.421741E-01
4.14429,279.133,-0.147230E-01
4.14490,279.174,-0.794938E-01
4.14551,279.215,-0.368897E-01
4.14612,279.257,-0.381901E-01
4.14673,279.298,0.155174E-01
4.14734,279.339,0.621600E-01
4.14795,279.380,0.974121E-03
4.14856,279.421,-0.226839E-01
4.14917,279.462,-0.105552E-01
4.14978,279.503,0.422641E-01
4.15039,279.544,0.731076E-01
4.15100,279.585,-0.188079E-01
4.15161,279.627,-0.640458E-01
4.15222,279.668,0.359679E-01
4.15283,279.709,0.451403E-01
4.15344,279.750,-0.263039E-02
4.15405,279.791,-0.796147E-02
4.15466,279.832,-0.489962E-01
4.15527,279.873,-0.403703E-02
4.15588,279.914,0.134149E-01
4.15649,279.955,-0.972990E-03
4.15710,279.997,-0.308174E-01
4.15771,280.038,-0.739635E-02
4.15833,280.079,-0.268393E-01
4.15894,280.120,0.930089E-02
4.15955,280.161,0.158904E-03
4.16016,280.202,0.114483E-01
4.16077,280.243,-0.326159E-01
4.16138,280.284,0.797988E-02
4.16199,280.325,0.938087E-02
4.16260,280.367,-0.279774E-01
4.16321,280.408,0.594943E-02
4.16382,280.449,0.143266E-01
4.16443,280.490,-0.418425E-01
4.16504,280.531,0.350428E-01
4.16565,280.572,0.743151E-02
4.16626,280.613,0.152479E-01
4.16687,280.654,-0.220398E-01
4.16748,280.695,-0.117234
4.16809,280.736,0.170264E-02
4.16870,280.778,0.592390E-01
4.16931,280.819,-0.184298
4.16992,280.860,0.307810E-01
4.17053,280.901,0.152655E-02
4.17114,280.942,-0.446656E-01
4.17175,280.983,0.158862E-01
4.17236,281.024,-0.149615E-01
4.17297,281.065,-0.205547E-01
4.17358,281.106,-0.306051E-01
4.17419,281.148,-0.489488E-02
4.17480,281.189,-0.247314E-01
4.17542,281.230,0.352377E-01
4.17603,281.271,-0.129592
4.17664,281.312,-0.728806E-02
4.17725,281.353,-0.359553E-01
4.17786,281.394,0.139235E-01
4.17847,281.435,-0.114358
4.17908,281.476,-0.562913E-01
4.17969,281.518,-0.624109E-01
4.18030,281.559,0.141152E-01
4.18091,281.600,-0.620181E-01
4.18152,281.641,-0.355630E-01
4.18213,281.682,0.610129E-01
4.18274,281.723,-0.976762E-02
4.18335,281.764,-0.222446
4.18396,281.805,0.221722E-01
4.18457,281.846,-0.122061
4.18518,281.888,0.788956E-01
4.18579,281.929,0.631293E-01
4.18640,281.970,0.113130
4.18701,282.011,-0.537132E-02
4.18762,282.052,0.139797
4.18823,282.093,-0.136030E-01
4.18884,282.134,-0.622225E-01
4.18945,282.175,-0.270002E-01
4.19006,282.216,0.197596E-01
4.19067,282.258,0.113607E-01
4.19128,282.299,0.135370E-01
4.19189,282.340,-0.169727E-02
4.19250,282.381,0.578924E-02
4.19312,282.422,0.104151
4.19373,282.463,-0.498486E-01
4.19434,282.504,0.100873E-01
4.19495,282.545,0.526355E-02
4.19556,282.586,-0.192935
4.19617,282.628,0.513243E-01
4.19678,282.669,0.327583E-01
4.19739,282.710,-0.102049
4.19800,282.751,-0.105522E-01
4.19861,282.792,0.710057E-01
4.19922,282.833,-0.342604E-01
4.19983,282.874,0.880043E-02
4.20044,282.915,0.519864E-02
4.20105,282.956,-0.786201E-01
4.20166,282.998,0.849260E-01
4.20227,283.039,0.231000E-02
4.20288,283.080,0.220725E-01
4.20349,283.121,0.110129E-01
4.20410,283.162,-0.532466E-01
4.20471,283.203,0.874989E-01
4.20532,283.244,-0.182025E-01
4.20593,283.285,-0.105222E-01
4.20654,283.326,-0.109444E-01
4.20715,283.367,0.116987E-02
4.20776,283.409,0.888721E-01
4.20837,283.450,0.295634E-01
4.20898,283.491,-0.534279E-01
4.20959,283.532,0.853715E-01
4.21021,283.573,0.499684E-02
4.21082,283.614,-0.270369E-02
4.21143,283.655,0.898525E-02
4.21204,283.696,0.348268E-01
4.21265,283.737,-0.827489E-01
4.21326,283.779,-0.259332E-01
4.21387,283.820,0.451409E-01
4.21448,283.861,-0.869517E-01
4.21509,283.902,-0.900715E-02
4.21570,283.943,0.304221E-01
4.21631,283.984,0.631473E-01
4.21692,284.025,-0.464546E-02
4.21753,284.066,0.205841E-01
4.21814,284.107,0.522078E-02
4.21875,284.149,0.912011E-01
4.21936,284.190,0.319839E-02
4.21997,284.231,0.550414E-01
4.22058,284.272,-0.278177E-01
4.22119,284.313,0.144108E-01
4.22180,284.354,0.488184E-01
4.22241,284.395,-0.973002E-02
4.22302,284.436,-0.516199E-01
4.22363,284.477,-0.388714E-01
4.22424,284.519,-0.309392E-01
4.22485,284.560,0.101319
4.22546,284.601,0.542626E-01
4.22607,284.642,0.102445E-01
4.22668,284.683,0.521991E-01
4.22729,284.724,-0.259098E-01
4.22791,284.765,-0.839023E-01
4.22852,284.806,-0.162220E-02
4.22913,284.847,0.183211E-01
4.22974,284.889,0.211106E-01
4.23035,284.930,-0.243003E-01
4.23096,284.971,0.368525E-01
4.23157,285.012,0.292755E-01
4.23218,285.053,0.198010E-01
4.23279,285.094,-0.114813E-01
4.23340,285.135,0.229355E-01
4.23401,285.176,-0.113768
4.23462,285.217,-0.110725E-01
4.23523,285.259,0.139103E-01
4.23584,285.300,0.435635E-02
4.23645,285.341,0.339373E-01
4.23706,285.382,-0.290533E-01
4.23767,285.423,-0.229467E-01
4.23828,285.464,0.162472
4.23889,285.505,0.414956E-01
4.23950,285.546,0.816395E-01
4.24011,285.587,-0.188822
4.24072,285.629,-0.147476E-01
4.24133,285.670,0.173176E-02
4.24194,285.711,-0.136566
4.24255,285.752,0.167180E-01
4.24316,285.793,0.348585E-01
4.24377,285.834,-0.370653E-01
4.24438,285.875,-0.234266E-01
4.24500,285.916,0.927879E-02
4.24561,285.957,-0.881813E-01
4.24622,285.998,-0.379337E-01
4.24683,286.040,-0.528438E-01
4.24744,286.081,-0.689178E-01
4.24805,286.122,-0.380076E-02
4.24866,286.163,0.104987E-01
4.24927,286.204,0.237090E-01
4.24988,286.245,-0.803033E-01
4.25049,286.286,-0.391936E-02
4.25110,286.327,-0.311181E-02
4.25171,286.368,0.187088E-01
4.25232,286.410,0.705294E-01
4.25293,286.451,-0.499280E-01
4.25354,286.492,-0.136240E-02
4.25415,286.533,0.146645E-01
4.25476,286.574,-0.415478E-02
4.25537,286.615,0.242724E-01
4.25598,286.656,0.306947E-01
4.25659,286.697,-0.214860E-01
4.25720,286.738,0.548765E-01
4.25781,286.780,-0.840963E-02
4.25842,286.821,0.503690E-01
4.25903,286.862,0.188738E-01
4.25964,286.903,-0.312610E-01
4.26025,286.944,0.319492E-02
4.26086,286.985,0.539901E-01
4.26147,287.026,-0.787917E-02
4.26208,287.067,0.284299E-01
4.26270,287.108,0.434317E-01
4.26331,287.150,0.989990E-01
4.26392,287.191,-0.586035E-01
4.26453,287.232,0.432165E-01
4.26514,287.273,0.101097E-01
4.26575,287.314,-0.180075
4.26636,287.355,0.858098E-02
4.26697,287.396,0.309337E-01
4.26758,287.437,0.259153E-01
4.26819,287.478,0.126299E-01
4.26880,287.520,-0.371297E-01
4.26941,287.561,0.556835E-02
4.27002,287.602,-0.473142E-01
4.27063,287.643,-0.342599E-01
4.27124,287.684,0.164642E-01
4.27185,287.725,-0.798722E-01
4.27246,287.766,-0.123977
4.27307,287.807,-0.797187E-01
4.27368,287.848,0.209803E-01
4.27429,287.890,0.142056E-01
4.27490,287.931,-0.680756E-01
4.27551,287.972,0.241873E-01
4.27612,288.013,0.117739E-02
4.27673,288.054,-0.539187E-01
4.27734,288.095,-0.733208E-02
4.27795,288.136,-0.438825E-01
4.27856,288.177,0.752155E-02
4.27917,288.218,0.715428E-01
4.27979,288.260,-0.256407E-02
4.28040,288.301,-0.268546E-01
4.28101,288.342,-0.138480E-01
4.28162,288.383,0.974217E-02
4.28223,288.424,0.387294E-01
4.28284,288.465,0.634093E-04
4.28345,288.506,-0.194497E-01
4.28406,288.547,0.157564E-01
4.28467,288.588,0.212165E-01
4.28528,288.630,0.217408E-02
4.28589,288.671,-0.179058E-01
4.28650,288.712,0.134392E-01
4.28711,288.753,-0.603141E-02
4.28772,288.794,-0.254500E-01
4.28833,288.835,-0.677967E-02
4.28894,288.876,0.271473E-01
4.28955,288.917,0.266046E-02
4.29016,288.958,0.158210E-01
4.29077,288.999,0.205530E-01
4.29138,289.041,-0.584562E-01
4.29199,289.082,0.452769E-02
4.29260,289.123,0.164074E-01
4.29321,289.164,0.370858E-01
4.29382,289.205,-0.102343
4.29443,289.246,0.130587
4.29504,289.287,-0.993773E-02
4.29565,289.328,-0.143359E-01
4.29626,289.369,0.150356
4.29688,289.411,-0.123664E-01
4.29749,289.452,0.407387E-01
4.29810,289.493,0.404293E-01
4.29871,289.534,0.341235E-02
4.29932,289.575,-0.938595E-03
4.29993,289.616,-0.501828E-02
4.30054,289.657,-0.294868E-01
4.30115,289.698,-0.992500E-01
4.30176,289.739,0.212521E-01
4.30237,289.781,-0.891740E-01
4.30298,289.822,0.227804E-01
4.30359,289.863,0.833375E-02
4.30420,289.904,0.166404E-01
4.30481,289.945,-0.265589E-01
4.30542,289.986,-0.280123E-01
4.30603,290.027,-0.110273
4.30664,290.068,0.608643E-01
4.30725,290.109,-0.198029E-01
4.30786,290.151,0.156001E-01
4.30847,290.192,-0.170638E-01
4.30908,290.233,0.300965E-01
4.30969,290.274,0.234941E-01
4.31030,290.315,-0.854029E-02
4.31091,290.356,0.197257E-01
4.31152,290.397,0.309778E-01
4.31213,290.438,-0.131526E-01
4.31274,290.479,-0.117028
4.31335,290.521,-0.340592E-02
4.31396,290.562,0.290738E-01
4.31458,290.603,-0.191516E-01
4.31519,290.644,-0.171157E-01
4.31580,290.685,0.482852E-01
4.31641,290.726,0.127715E-01
4.31702,290.767,-0.116391
4.31763,290.808,-0.734373E-02
4.31824,290.849,0.102515
4.31885,290.891,-0.165133E-01
4.31946,290.932,-0.211122E-01
4.32007,290.973,0.126840E-02
4.32068,291.014,0.393808E-02
4.32129,291.055,-0.408225E-01
4.32190,291.096,0.278855E-01
4.32251,291.137,-0.176419E-01
4.32312,291.178,0.175548E-01
4.32373,291.219,0.368562E-01
4.32434,291.261,0.113740
4.32495,291.302,-0.712263E-01
4.32556,291.343,0.881376E-02
4.32617,291.384,-0.314298E-01
4.32678,291.425,-0.613855E-02
4.32739,291.466,-0.242319E-01
4.32800,291.507,-0.586750E-01
4.32861,291.548,0.399879E-01
4.32922,291.589,0.135298E-01
4.32983,291.630,0.441488E-02
4.33044,291.672,0.295576E-01
4.33105,291.713,0.126697E-02
4.33167,291.754,0.759688E-02
4.33228,291.795,-0.797070E-02
4.33289,291.836,0.339718E-01
4.33350,291.877,0.123501E-01
4.33411,291.918,-0.721934E-02
4.33472,291.959,-0.783435E-02
4.33533,292.000,0.126905E-01
4.33594,292.042,0.393746E-02
4.33655,292.083,-0.251070E-01
4.33716,292.124,0.770855E-01
4.33777,292.165,-0.164553E-01
4.33838,292.206,0.134711E-01
4.33899,292.247,0.744035E-01
4.33960,292.288,-0.135793E-01
4.34021,292.329,-0.593242E-01
4.34082,292.370,0.841161E-02
4.34143,292.412,-0.575295E-01
4.34204,292.453,0.283415E-01
4.34265,292.494,0.211789E-01
4.34326,292.535,0.534152E-02
4.34387,292.576,-0.226968
4.34448,292.617,-0.811529E-02
4.34509,292.658,0.116327E-01
4.34570,292.699,-0.445102E-02
4.34631,292.740,0.787921E-02
4.34692,292.782,-0.345199E-01
4.34753,292.823,-0.408459E-01
4.34814,292.864,-0.509860E-02
4.34875,292.905,0.194027E-02
4.34937,292.946,-0.800262E-02
4.34998,292.987,0.418614E-01
4.35059,293.028,0.659556E-01
4.35120,293.069,-0.331404E-01
4.35181,293.110,0.189717E-01
4.35242,293.152,-0.106839E-01
4.35303,293.193,0.813322E-01
4.35364,293.234,0.416865E-01
4.35425,293.275,-0.349326E-01
4.35486,293.316,0.875845E-01
4.35547,293.357,-0.155922E-01
4.35608,293.398,0.192106E-01
4.35669,293.439,-0.233240E-01
4.35730,293.480,-0.198211E-01
4.35791,293.522,0.631144E-01
4.35852,293.563,-0.301315E-01
4.35913,293.604,-0.109113E-01
4.35974,293.645,-0.266654E-01
4.36035,293.686,-0.245670E-01
4.36096,293.727,0.121149
4.36157,293.768,0.536754E-01
4.36218,293.809,0.920178E-01
4.36279,293.850,-0.109525E-01
4.36340,293.892,-0.367058E-01
4.36401,293.933,-0.471253E-01
4.36462,293.974,-0.132994
4.36523,294.015,0.310058E-01
4.36584,294.056,0.835449E-01
4.36646,294.097,-0.671815E-02
4.36707,294.138,0.486912E-02
4.36768,294.179,0.281440E-01
4.36829,294.220,-0.676739E-01
4.36890,294.262,0.530500E-01
4.36951,294.303,-0.435950E-02
4.37012,294.344,-0.126331E-01
4.37073,294.385,-0.664366E-01
4.37134,294.426,0.551012E-01
4.37195,294.467,-0.227494E-01
4.37256,294.508,0.472394E-01
4.37317,294.549,0.164340E-01
4.37378,294.590,0.437906E-02
4.37439,294.631,0.967890E-01
4.37500,294.673,0.360585E-01
4.37561,294.714,-0.485982E-01
4.37622,294.755,0.195693E-01
4.37683,294.796,0.394898E-01
4.37744,294.837,-0.183061E-01
4.37805,294.878,0.157296E-01
4.37866,294.919,0.921571E-01
4.37927,294.960,-0.368872E-01
4.37988,295.001,-0.211979E-01
4.38049,295.043,-0.818966E-01
4.38110,295.084,-0.103324E-01
4.38171,295.125,-0.271185E-01
4.38232,295.166,0.168406E-01
4.38293,295.207,-0.565228E-02
4.38354,295.248,0.147625E-01
4.38416,295.289,0.217709
4.38477,295.330,-0.239426E-02
4.38538,295.371,-0.221750E-01
4.38599,295.413,0.144174E-01
4.38660,295.454,-0.142260E-01
4.38721,295.495,-0.582816E-02
4.38782,295.536,0.180153E-01
4.38843,295.577,0.102647E-01
4.38904,295.618,-0.119624
4.38965,295.659,-0.112105
4.39026,295.700,0.252585E-01
4.39087,295.741,0.101012E-01
4.39148,295.783,-0.389886E-01
4.39209,295.824,0.895498E-01
4.39270,295.865,-0.122920E-01
4.39331,295.906,0.298882E-01
4.39392,295.947,-0.177307
4.39453,295.988,0.911734E-01
4.39514,296.029,-0.807762E-02
4.39575,296.070,-0.481088E-03
4.39636,296.111,0.267741E-01
4.39697,296.153,0.158897E-01
4.39758,296.194,0.126713E-01
4.39819,296.235,0.305714E-02
4.39880,296.276,-0.215444E-02
4.39941,296.317,-0.135132E-01
4.40002,296.358,-0.754612E-02
4.40063,296.399,0.964237E-02
4.40125,296.440,0.576886E-01
4.40186,296.481,-0.688378E-02
4.40247,296.523,-0.612539E-01
4.40308,296.564,-0.235689E-01
4.40369,296.605,-0.255892E-01
4.40430,296.646,-0.110363E-01
4.40491,296.687,0.256046E-01
4.40552,296.728,-0.127715
4.40613,296.769,0.502456E-04
4.40674,296.810,0.602566E-02
4.40735,296.851,-0.114406
4.40796,296.893,-0.576202E-02
4.40857,296.934,-0.305338E-01
4.40918,296.975,0.504794E-01
4.40979,297.016,-0.772388E-01
4.41040,297.057,0.131224
4.41101,297.098,-0.141858E-02
4.41162,297.139,0.423765E-02
4.41223,297.180,-0.265355E-01
4.41284,297.221,0.829825E-02
4.41345,297.262,-0.155472
4.41406,297.304,-0.676525E-02
4.41467,297.345,0.412053E-02
4.41528,297.386,-0.409249E-01
4.41589,297.427,0.484933E-01
4.41650,297.468,-0.140175E-01
4.41711,297.509,-0.121806E-01
4.41772,297.550,-0.219109E-02
4.41833,297.591,0.809468E-01
4.41895,297.632,-0.624932E-02
4.41956,297.674,0.100923E-02
4.42017,297.715,-0.137431
4.42078,297.756,0.417607E-01
4.42139,297.797,0.214754E-01
4.42200,297.838,-0.796992E-02
4.42261,297.879,0.216266E-01
4.42322,297.920,-0.165596E-02
4.42383,297.961,-0.434724E-01
4.42444,298.002,-0.599527E-01
4.42505,298.044,-0.285861E-02
4.42566,298.085,-0.570354E-01
4.42627,298.126,0.223675E-01
4.42688,298.167,-0.911842E-02
4.42749,298.208,-0.114205E-01
4.42810,298.249,-0.479306E-01
4.42871,298.290,0.279648E-01
4.42932,298.331,0.104635E-01
4.42993,298.372,0.830146E-02
4.43054,298.414,-0.499587E-01
4.43115,298.455,-0.830248E-02
4.43176,298.496,0.120036E-01
4.43237,298.537,0.116420
4.43298,298.578,-0.737009E-01
4.43359,298.619,0.198753E-01
4.43420,298.660,-0.441051E-01
4.43481,298.701,-0.493907E-01
4.43542,298.742,-0.560291E-01
4.43604,298.784,0.775237E-01
4.43665,298.825,-0.314980E-01
4.43726,298.866,-0.906748E-01
4.43787,298.907,0.221311E-01
4.43848,298.948,0.236925E-01
4.43909,298.989,-0.917169E-03
4.43970,299.030,-0.930988E-01
4.44031,299.071,0.567662E-01
4.44092,299.112,-0.715906E-01
4.44153,299.154,0.141473E-01
4.44214,299.195,-0.264234E-01
4.44275,299.236,-0.899637E-01
4.44336,299.277,0.144147
4.44397,299.318,-0.122671
4.44458,299.359,-0.354290E-01
4.44519,299.400,-0.238370E-01
4.44580,299.441,-0.815066E-01
4.44641,299.482,0.378105E-01
4.44702,299.524,-0.159022
4.44763,299.565,-0.694951E-02
4.44824,299.606,0.121114E-01
4.44885,299.647,0.284340E-01
4.44946,299.688,0.999671E-02
4.45007,299.729,0.377131E-01
4.45068,299.770,-0.598968E-02
4.45129,299.811,-0.174739
4.45190,299.852,-0.285877E-01
4.45251,299.893,-0.133337E-01
4.45312,299.935,0.265371E-01
4.45374,299.976,-0.842305E-02
4.45435,300.017,-0.564718E-01
4.45496,300.058,-0.273045E-01
4.45557,300.099,0.693409E-01
4.45618,300.140,-0.962895E-02
4.45679,300.181,-0.145369E-01
4.45740,300.222,0.143452
4.45801,300.263,-0.316125E-02
4.45862,300.305,0.105561
4.45923,300.346,0.347517E-01
4.45984,300.387,0.578116E-01
4.46045,300.428,0.383078E-02
4.46106,300.469,0.123637
4.46167,300.510,-0.146743
4.46228,300.551,-0.594143E-01
4.46289,300.592,0.740662E-02
4.46350,300.633,0.856149E-01
4.46411,300.675,-0.719477E-02
4.46472,300.716,-0.431413E-01
4.46533,300.757,-0.174353E-01
4.46594,300.798,0.267215E-01
4.46655,300.839,-0.409297E-02
4.46716,300.880,0.623118E-01
4.46777,300.921,-0.525227E-01
4.46838,300.962,0.297683E-01
4.46899,301.003,0.979114E-02
4.46960,301.045,-0.228697E-01
4.47021,301.086,-0.266897E-01
4.47083,301.127,-0.642252E-01
4.47144,301.168,0.340591E-01
4.47205,301.209,0.511847E-03
4.47266,301.250,0.105318E-01
4.47327,301.291,0.450125E-03
4.47388,301.332,-0.411491E-03
4.47449,301.373,-0.176799
4.47510,301.415,0.287632E-01
4.47571,301.456,0.930332E-02
4.47632,301.497,-0.165386
4.47693,301.538,0.209949E-01
4.47754,301.579,0.336528E-02
4.47815,301.620,0.148342E-01
4.47876,301.661,0.948341E-01
4.47937,301.702,-0.118181E-01
4.47998,301.743,0.294589E-01
4.48059,301.785,-0.170373E-01
4.48120,301.826,-0.169823E-01
4.48181,301.867,-0.377211E-02
4.48242,301.908,0.132238E-01
4.48303,301.949,0.161134E-01
4.48364,301.990,-0.336337E-01
4.48425,302.031,0.131245E-01
4.48486,302.072,0.123428E-01
4.48547,302.113,0.177481E-01
4.48608,302.155,0.447713E-01
4.48669,302.196,0.513376E-02
4.48730,302.237,-0.178348E-01
4.48792,302.278,0.309007E-01
4.48853,302.319,0.299240E-02
4.48914,302.360,0.358364E-01
4.48975,302.401,0.221612E-01
4.49036,302.442,-0.267395E-02
4.49097,302.483,0.272220E-01
4.49158,302.525,0.156403E-01
4.49219,302.566,0.349944E-01
4.49280,302.607,0.606751E-01
4.49341,302.648,0.316324E-01
4.49402,302.689,-0.199614E-02
4.49463,302.730,-0.486953E-02
4.49524,302.771,-0.405630E-02
4.49585,302.812,0.137383E-01
4.49646,302.853,0.620861E-02
4.49707,302.894,0.100652
4.49768,302.936,0.122780
4.49829,302.977,-0.902419E-01
4.49890,303.018,0.803291E-02
4.49951,303.059,0.544755E-01
4.50012,303.100,-0.199232E-01
4.50073,303.141,-0.652572E-02
4.50134,303.182,-0.237392E-01
4.50195,303.223,0.106038
4.50256,303.264,-0.163558E-01
4.50317,303.306,-0.163012E-01
4.50378,303.347,-0.317253E-02
4.50439,303.388,-0.525270E-01
4.50500,303.429,-0.482988E-01
4.50562,303.470,0.262487E-01
4.50623,303.511,-0.271380E-01
4.50684,303.552,0.485276E-02
4.50745,303.593,-0.275740E-01
4.50806,303.634,-0.409260E-01
4.50867,303.676,-0.459659E-01
4.50928,303.717,0.805558E-01
4.50989,303.758,-0.178780E-01
4.51050,303.799,-0.139904E-01
4.51111,303.840,-0.120044
4.51172,303.881,0.731664E-01
4.51233,303.922,0.628323E-01
4.51294,303.963,-0.116463E-02
4.51355,304.004,0.148929E-01
4.51416,304.046,-0.223611E-01
4.51477,304.087,-0.182648E-01
4.51538,304.128,-0.724227E-02
4.51599,304.169,-0.185455E-01
4.51660,304.210,0.817187E-01
4.51721,304.251,-0.158520E-01
4.51782,304.292,0.177759E-01
4.51843,304.333,-0.634865E-01
4.51904,304.374,-0.103809
4.51965,304.416,-0.277889E-01
4.52026,304.457,0.414308E-01
4.52087,304.498,0.194406E-01
4.52148,304.539,-0.775244E-01
4.52209,304.580,-0.170552E-02
4.52271,304.621,0.666140E-01
4.52332,304.662,0.118787
4.52393,304.703,0.480423E-01
4.52454,304.744,-0.149887E-01
4.52515,304.786,0.622021E-02
4.52576,304.827,-0.830327E-01
4.52637,304.868,-0.724809E-01
4.52698,304.909,0.669014E-01
4.52759,304.950,-0.289343E-01
4.52820,304.991,-0.134298E-01
4.52881,305.032,0.431017E-03
4.52942,305.073,0.909548E-02
4.53003,305.114,0.221761E-01
4.53064,305.156,0.121119E-01
4.53125,305.197,0.503426E-01
4.53186,305.238,-0.144601E-01
4.53247,305.279,-0.162268E-02
4.53308,305.320,0.220755E-01
4.53369,305.361,-0.134327E-03
4.53430,305.402,0.451896E-02
4.53491,305.443,-0.224500E-01
4.53552,305.484,-0.265355E-01
4.53613,305.525,-0.125659E-02
4.53674,305.567,0.461593E-02
4.53735,305.608,0.213412E-01
4.53796,305.649,0.422752E-02
4.53857,305.690,-0.309899E-01
4.53918,305.731,-0.647351E-01
4.53979,305.772,-0.268054E-01
4.54041,305.813,0.317312E-01
4.54102,305.854,0.157830E-01
4.54163,305.895,-0.293883E-01
4.54224,305.937,0.631226E-02
4.54285,305.978,0.800386E-01
4.54346,306.019,-0.925479E-01
4.54407,306.060,0.115473E-01
4.54468,306.101,0.173607E-01
4.54529,306.142,-0.251458E-02
4.54590,306.183,0.724506E-01
4.54651,306.224,0.608676E-01
4.54712,306.265,-0.731877E-01
4.54773,306.307,-0.565711E-02
4.54834,306.348,0.559059E-01
4.54895,306.389,0.114944E-01
4.54956,306.430,0.529359E-01
4.55017,306.471,-0.359890E-01
4.55078,306.512,-0.699477E-02
4.55139,306.553,-0.176333E-01
4.55200,306.594,0.156475
4.55261,306.635,0.772070E-02
4.55322,306.677,0.635463E-02
4.55383,306.718,-0.126615E-01
4.55444,306.759,0.313498E-01
4.55505,306.800,-0.154193E-01
4.55566,306.841,0.382658E-01
4.55627,306.882,-0.290715E-01
4.55688,306.923,0.581345E-01
4.55750,306.964,0.333365E-01
4.55811,307.005,0.150875E-01
4.55872,307.047,0.222497E-01
4.55933,307.088,0.671468E-01
4.55994,307.129,-0.810871E-02
4.56055,307.170,-0.275582E-02
4.56116,307.211,-0.228596E-01
4.56177,307.252,0.549222E-01
4.56238,307.293,-0.412163E-02
4.56299,307.334,-0.358831E-01
4.56360,307.375,0.196080E-01
4.56421,307.417,0.465533E-01
4.56482,307.458,0.473377E-01
4.56543,307.499,-0.599326E-01
4.56604,307.540,0.806871E-01
4.56665,307.581,0.185546
4.56726,307.622,-0.441456E-02
4.56787,307.663,-0.360695E-01
4.56848,307.704,-0.803572E-01
4.56909,307.745,-0.192130E-02
4.56970,307.787,-0.662143E-01
4.57031,307.828,0.179566E-01
4.57092,307.869,-0.738987E-01
4.57153,307.910,-0.215889E-01
4.57214,307.951,-0.355517E-01
4.57275,307.992,0.247097E-02
4.57336,308.033,0.460376E-01
4.57397,308.074,0.142598E-01
4.57458,308.115,-0.242298E-01
4.57520,308.156,-0.212896
4.57581,308.198,-0.824454E-02
4.57642,308.239,-0.114299
4.57703,308.280,0.317591E-01
4.57764,308.321,0.303181E-01
4.57825,308.362,0.591390E-01
4.57886,308.403,-0.180593
4.57947,308.444,0.195183E-01
4.58008,308.485,0.629650E-01
4.58069,308.526,0.178737E-01
4.58130,308.568,-0.956180E-01
4.58191,308.609,0.517962E-01
4.58252,308.650,-0.568508E-01
4.58313,308.691,-0.136344
4.58374,308.732,0.169095E-01
4.58435,308.773,-0.490149E-01
4.58496,308.814,-0.274283E-02
4.58557,308.855,0.122822
4.58618,308.896,0.783354E-01
4.58679,308.938,0.399797E-01
4.58740,308.979,0.200444E-01
4.58801,309.020,0.249460E-01
4.58862,309.061,-0.184019
4.58923,309.102,-0.256638E-01
4.58984,309.143,-0.339925E-01
4.59045,309.184,-0.508949E-01
4.59106,309.225,0.276600E-01
4.59167,309.266,-0.299506E-01
4.59229,309.308,-0.628620E-01
4.59290,309.349,-0.100211E-01
4.59351,309.390,0.289748E-01
4.59412,309.431,-0.205475E-01
4.59473,309.472,-0.383764E-01
4.59534,309.513,-0.189121E-01
4.59595,309.554,-0.427907E-01
4.59656,309.595,0.179253E-02
4.59717,309.636,0.864270E-02
4.59778,309.678,0.517762E-01
4.59839,309.719,0.245255E-01
4.59900,309.760,-0.880078E-02
4.59961,309.801,-0.521567E-01
4.60022,309.842,0.278316E-01
4.60083,309.883,-0.960819E-02
4.60144,309.924,0.858456E-02
4.60205,309.965,-0.425353E-01
4.60266,310.006,0.674227E-01
4.60327,310.048,-0.655821E-02
4.60388,310.089,0.398967E-02
4.60449,310.130,0.395377E-01
4.60510,310.171,-0.197844E-01
4.60571,310.212,-0.296376E-02
4.60632,310.253,-0.279003E-01
4.60693,310.294,-0.310496E-02
4.60754,310.335,0.389426E-01
4.60815,310.376,-0.503372E-01
4.60876,310.418,0.573540E-02
4.60938,310.459,0.215072E-01
4.60999,310.500,-0.617773E-02
4.61060,310.541,0.205719E-01
4.61121,310.582,0.322771E-01
4.61182,310.623,0.931246E-01
4.61243,310.664,0.127444E-01
4.61304,310.705,-0.900828E-02
4.61365,310.746,0.688481E-01
4.61426,310.788,-0.187989E-01
4.61487,310.829,-0.371395E-01
4.61548,310.870,0.769797E-02
4.61609,310.911,-0.105444E-01
4.61670,310.952,-0.341947E-03
4.61731,310.993,-0.474311E-01
4.61792,311.034,-0.294816E-01
4.61853,311.075,0.146550
4.61914,311.116,-0.284246E-01
4.61975,311.157,0.361200E-01
4.62036,311.199,-0.897454E-01
4.62097,311.240,-0.224104E-01
4.62158,311.281,0.406605E-01
4.62219,311.322,-0.538889E-01
4.62280,311.363,-0.244067E-01
4.62341,311.404,0.754710E-01
4.62402,311.445,-0.555417E-01
4.62463,311.486,-0.115250
4.62524,311.527,-0.784395E-01
4.62585,311.569,0.863170E-01
4.62646,311.610,0.430914E-01
4.62708,311.651,-0.937797E-01
4.62769,311.692,0.597669E-01
4.62830,311.733,0.842660E-02
4.62891,311.774,-0.509205E-01
4.62952,311.815,0.484577E-01
4.63013,311.856,-0.429298E-01
4.63074,311.897,0.200511E-01
4.63135,311.939,0.829280E-02
4.63196,311.980,-0.271663E-01
4.63257,312.021,0.244995E-01
4.63318,312.062,0.483975E-01
4.63379,312.103,-0.123511
4.63440,312.144,-0.927712E-01
4.63501,312.185,-0.195140
4.63562,312.226,-0.165735
4.63623,312.267,0.357326E-01
4.63684,312.309,-0.517021E-01
4.63745,312.350,-0.316923E-01
4.63806,312.391,-0.294998E-01
4.63867,312.432,-0.249314E-01
4.63928,312.473,0.109227E-01
4.63989,312.514,-0.429899E-01
4.64050,312.555,0.145185E-01
4.64111,312.596,-0.139370E-01
4.64172,312.637,-0.128444E-01
4.64233,312.679,0.169555E-01
4.64294,312.720,-0.128890E-01
4.64355,312.761,0.146855E-03
4.64417,312.802,0.931033E-01
4.64478,312.843,-0.647222E-01
4.64539,312.884,-0.594781E-01
4.64600,312.925,0.110558
4.64661,312.966,-0.183374
4.64722,313.007,0.262178E-01
4.64783,313.049,-0.119366E-02
4.64844,313.090,-0.282866E-01
4.64905,313.131,0.349037E-01
4.64966,313.172,0.245499E-01
4.65027,313.213,-0.206804E-01
4.65088,313.254,-0.183874E-02
4.65149,313.295,-0.229111E-02
4.65210,313.336,-0.132703E-01
4.65271,313.377,0.543103E-02
4.65332,313.419,-0.165113E-02
4.65393,313.460,-0.160460E-01
4.65454,313.501,0.833370E-01
4.65515,313.542,-0.311261E-01
4.65576,313.583,0.178224E-01
4.65637,313.624,0.371603E-01
4.65698,313.665,-0.281634E-01
4.65759,313.706,-0.814420E-02
4.65820,313.747,-0.351299E-01
4.65881,313.788,-0.239001E-02
4.65942,313.830,0.105278E-01
4.66003,313.871,0.594649E-02
4.66064,313.912,0.582343E-02
4.66125,313.953,-0.151775E-01
4.66187,313.994,-0.182050E-01
4.66248,314.035,-0.269642E-01
4.66309,314.076,0.148824E-02
4.66370,314.117,-0.369156E-01
4.66431,314.158,0.484073E-01
4.66492,314.200,-0.654838E-01
4.66553,314.241,0.807733E-01
4.66614,314.282,0.159389E-01
4.66675,314.323,0.440686E-01
4.66736,314.364,-0.152389E-01
4.66797,314.405,0.709121E-02
4.66858,314.446,0.877785E-01
4.66919,314.487,-0.155591E-01
4.66980,314.528,0.201196E-01
4.67041,314.570,0.219630E-01
4.67102,314.611,0.348080E-01
4.67163,314.652,-0.189575E-02
4.67224,314.693,0.116922E-01
4.67285,314.734,-0.268042E-01
4.67346,314.775,0.115604
4.67407,314.816,-0.428480E-01
4.67468,314.857,0.389552E-01
4.67529,314.898,-0.734834E-01
4.67590,314.940,-0.179351
4.67651,314.981,-0.884776E-01
4.67712,315.022,-0.529760E-01
4.67773,315.063,0.127282E-01
4.67834,315.104,-0.511163E-01
4.67896,315.145,0.390712E-02
4.67957,315.186,0.686036E-01
4.68018,315.227,-0.365030E-01
4.68079,315.268,0.108071E-01
4.68140,315.310,0.639079E-01
4.68201,315.351,-0.104439
4.68262,315.392,0.304791E-01
4.68323,315.433,0.451137E-02
4.68384,315.474,-0.711798E-01
4.68445,315.515,-0.415305E-01
4.68506,315.556,0.162144E-01
4.68567,315.597,-0.142079
4.68628,315.638,0.436203E-01
4.68689,315.680,0.145124E-01
4.68750,315.721,0.150139E-01
4.68811,315.762,-0.300963E-01
4.68872,315.803,-0.335207E-01
4.68933,315.844,-0.173786E-01
4.68994,315.885,0.333125E-01
4.69055,315.926,0.588685E-02
4.69116,315.967,-0.372351E-02
4.69177,316.008,0.265209E-01
4.69238,316.050,0.175198E-01
4.69299,316.091,0.514074E-02
4.69360,316.132,-0.568674E-02
4.69421,316.173,-0.709754E-01
4.69482,316.214,-0.261788E-01
4.69543,316.255,-0.223665E-01
4.69604,316.296,0.108398E-01
4.69666,316.337,-0.893563E-01
4.69727,316.378,-0.260978E-01
4.69788,316.419,-0.491334E-01
4.69849,316.461,-0.421418E-02
4.69910,316.502,-0.280577E-01
4.69971,316.543,-0.279530E-02
4.70032,316.584,-0.129347
4.70093,316.625,-0.528757E-01
4.70154,316.666,0.259180E-01
4.70215,316.707,0.630694E-01
4.70276,316.748,0.430743E-02
4.70337,316.789,-0.413074E-01
4.70398,316.831,0.693936E-02
4.70459,316.872,-0.125375E-01
4.70520,316.913,0.763922E-02
4.70581,316.954,0.265709E-01
4.70642,316.995,0.984776E-01
4.70703,317.036,-0.305253E-01
4.70764,317.077,-0.155037E-01
4.70825,317.118,0.243042E-04
4.70886,317.159,0.491987E-01
4.70947,317.201,0.579163E-02
4.71008,317.242,0.301244E-01
4.71069,317.283,0.103933E-01
4.71130,317.324,-0.183872
4.71191,317.365,-0.250431E-01
4.71252,317.406,0.579820E-01
4.71313,317.447,-0.542655E-01
4.71375,317.488,0.439339E-01
4.71436,317.529,0.815990E-01
4.71497,317.571,0.332390E-02
4.71558,317.612,-0.401050E-01
4.71619,317.653,0.499562E-01
4.71680,317.694,-0.162449E-01
4.71741,317.735,0.128983
4.71802,317.776,-0.548064E-01
4.71863,317.817,-0.668069E-02
4.71924,317.858,-0.730627E-01
4.71985,317.899,-0.502759E-02
4.72046,317.941,-0.151142E-01
4.72107,317.982,-0.478965E-01
4.72168,318.023,-0.389160E-01
4.72229,318.064,-0.400840E-01
4.72290,318.105,0.267876E-02
4.72351,318.146,0.229923E-02
4.72412,318.187,-0.128689E-02
4.72473,318.228,0.866496E-01
4.72534,318.269,-0.168169E-01
4.72595,318.311,-0.538227E-03
4.72656,318.352,-0.347278E-01
4.72717,318.393,0.862763E-01
4.72778,318.434,-0.380360E-01
4.72839,318.475,0.298192E-01
4.72900,318.516,0.336552E-01
4.72961,318.557,0.344184E-01
4.73022,318.598,0.100695
4.73083,318.639,0.498933E-01
4.73145,318.681,-0.428176E-02
4.73206,318.722,-0.996132E-01
4.73267,318.763,-0.652434E-01
4.73328,318.804,0.392027E-01
4.73389,318.845,-0.972685E-01
4.73450,318.886,-0.558393E-02
4.73511,318.927,-0.274132E-02
4.73572,318.968,-0.531465E-03
4.73633,319.009,-0.502613E-03
4.73694,319.051,0.270808E-02
4.73755,319.092,0.236152E-02
4.73816,319.133,0.348403E-01
4.73877,319.174,-0.511817E-01
4.73938,319.215,-0.306441E-01
4.73999,319.256,-0.652723E-01
4.74060,319.297,-0.347065E-01
4.74121,319.338,-0.496091E-01
4.74182,319.379,-0.624630E-01
4.74243,319.420,0.323115E-02
4.74304,319.462,-0.234935E-01
4.74365,319.503,-0.711332E-02
4.74426,319.544,0.388568E-02
4.74487,319.585,0.175821E-01
4.74548,319.626,0.904076E-02
4.74609,319.667,-0.389998E-01
4.74670,319.708,0.951738E-01
4.74731,319.749,0.247986E-01
4.74792,319.790,-0.145075E-02
4.74854,319.832,0.641960E-02
4.74915,319.873,0.107799E-01
4.74976,319.914,-0.219420E-01
4.75037,319.955,0.453252E-02
4.75098,319.996,-0.197388E-01
4.75159,320.037,0.451274E-01
4.75220,320.078,0.102710E-01
4.75281,320.119,-0.110149E-02
4.75342,320.160,0.918441E-02
4.75403,320.202,0.450584E-03
4.75464,320.243,0.417782E-01
4.75525,320.284,0.720612E-01
4.75586,320.325,-0.846699E-02
4.75647,320.366,-0.184752
4.75708,320.407,-0.131040E-01
4.75769,320.448,0.451452E-01
4.75830,320.489,0.176397E-01
4.75891,320.530,-0.535008E-02
4.75952,320.572,-0.376026E-01
4.76013,320.613,-0.570940E-01
4.76074,320.654,0.321469E-02
4.76135,320.695,0.111319E-01
4.76196,320.736,-0.771361E-02
4.76257,320.777,-0.816725E-01
4.76318,320.818,0.216570E-02
4.76379,320.859,0.365053E-01
4.76440,320.900,-0.772716E-01
4.76501,320.942,-0.438888E-01
4.76562,320.983,0.632101E-01
4.76624,321.024,0.223345
4.76685,321.065,-0.113529
4.76746,321.106,-0.390171E-02
4.76807,321.147,0.206082E-01
4.76868,321.188,-0.382934E-02
4.76929,321.229,-0.336821E-01
4.76990,321.270,0.726302E-01
4.77051,321.312,-0.449168E-02
4.77112,321.353,-0.104013E-01
4.77173,321.394,0.484324E-01
4.77234,321.435,0.323837E-01
4.77295,321.476,0.522104E-01
4.77356,321.517,0.148738E-01
4.77417,321.558,0.244882E-01
4.77478,321.599,0.219983E-01
4.77539,321.640,-0.361251E-01
4.77600,321.682,-0.374012E-01
4.77661,321.723,0.612125E-01
4.77722,321.764,0.654488E-01
4.77783,321.805,-0.739063E-01
4.77844,321.846,0.356045E-01
4.77905,321.887,0.423842E-01
4.77966,321.928,-0.806557E-01
4.78027,321.969,0.200850E-01
4.78088,322.010,0.150767E-01
4.78149,322.051,0.214693E-02
4.78210,322.093,-0.122023
4.78271,322.134,-0.131479E-01
4.78333,322.175,0.274429E-01
4.78394,322.216,-0.937401E-03
4.78455,322.257,0.476644E-01
4.78516,322.298,0.846719E-01
4.78577,322.339,0.524224E-01
4.78638,322.380,0.174859E-01
4.78699,322.421,-0.113429E-01
4.78760,322.463,-0.553617E-01
4.78821,322.504,0.880587E-01
4.78882,322.545,-0.634304E-02
4.78943,322.586,0.525288E-01
4.79004,322.627,0.550033E-02
4.79065,322.668,-0.682616E-01
4.79126,322.709,-0.562680E-02
4.79187,322.750,-0.568518E-01
4.79248,322.791,-0.230406E-01
4.79309,322.833,-0.744823E-01
4.79370,322.874,-0.566764E-02
4.79431,322.915,0.129182E-02
4.79492,322.956,-0.237975E-01
4.79553,322.997,-0.361418E-01
4.79614,323.038,-0.389679E-01
4.79675,323.079,-0.962496E-01
4.79736,323.120,0.131572E-01
4.79797,323.161,-0.187438E-01
4.79858,323.203,0.501289E-01
4.79919,323.244,-0.257006E-02
4.79980,323.285,-0.437491E-01
4.80042,323.326,0.343063E-01
4.80103,323.367,-0.355888E-01
4.80164,323.408,-0.486777E-01
4.80225,323.449,-0.205917E-01
4.80286,323.490,0.152927
4.80347,323.531,0.153802E-01
4.80408,323.573,-0.634575E-02
4.80469,323.614,-0.188299E-01
4.80530,323.655,-0.352183E-03
4.80591,323.696,-0.272178E-01
4.80652,323.737,-0.352664E-03
4.80713,323.778,0.317703
4.80774,323.819,0.133222E-01
4.80835,323.860,-0.123891E-01
4.80896,323.901,-0.638645E-01
4.80957,323.943,0.254582E-01
4.81018,323.984,0.245729E-01
4.81079,324.025,-0.630734E-01
4.81140,324.066,0.285179E-01
4.81201,324.107,-0.112470E-01
4.81262,324.148,-0.182174E-01
4.81323,324.189,0.994687E-01
4.81384,324.230,-0.370953E-02
4.81445,324.271,0.612385E-01
4.81506,324.313,-0.284593E-01
4.81567,324.354,0.121846
4.81628,324.395,-0.262497E-02
4.81689,324.436,-0.746027E-01
4.81750,324.477,0.259250E-01
4.81812,324.518,-0.237495E-02
4.81873,324.559,-0.470093E-01
4.81934,324.600,-0.374937E-01
4.81995,324.641,0.169626E-01
4.82056,324.682,-0.183898E-01
4.82117,324.724,0.753916E-02
4.82178,324.765,0.156191
4.82239,324.806,0.248193E-01
4.82300,324.847,0.351029E-01
4.82361,324.888,0.614962E-01
4.82422,324.929,-0.258663E-01
4.82483,324.970,0.147588E-01
4.82544,325.011,0.104279E-01
4.82605,325.052,0.724116E-01
4.82666,325.094,0.142191E-01
4.82727,325.135,-0.784257E-01
4.82788,325.176,-0.109252E-02
4.82849,325.217,-0.326472E-01
4.82910,325.258,0.257836E-02
4.82971,325.299,0.948738E-02
4.83032,325.340,-0.717351E-02
4.83093,325.381,-0.159098E-01
4.83154,325.422,0.926479E-01
4.83215,325.464,0.282840E-01
4.83276,325.505,0.484969E-02
4.83337,325.546,-0.410825E-01
4.83398,325.587,0.501499E-01
4.83459,325.628,0.169319E-01
4.83521,325.669,0.403311E-01
4.83582,325.710,-0.552947E-01
4.83643,325.751,-0.528664E-01
4.83704,325.792,0.236547E-01
4.83765,325.834,-0.789651E-01
4.83826,325.875,-0.470658E-01
4.83887,325.916,-0.284198E-01
4.83948,325.957,-0.247660E-01
4.84009,325.998,0.138466E-02
4.84070,326.039,0.319982E-01
4.84131,326.080,0.677329E-01
4.84192,326.121,0.872254E-01
4.84253,326.162,-0.228978E-01
4.84314,326.204,0.613326E-02
4.84375,326.245,-0.358156E-01
4.84436,326.286,-0.568810E-01
4.84497,326.327,0.519739E-01
4.84558,326.368,-0.116450E-01
4.84619,326.409,-0.279861E-01
4.84680,326.450,0.524596E-01
4.84741,326.491,0.941173E-01
4.84802,326.532,0.167756E-01
4.84863,326.574,0.988749E-02
4.84924,326.615,0.381202E-01
4.84985,326.656,0.650282E-02
4.85046,326.697,0.589686E-01
4.85107,326.738,-0.422432E-01
4.85168,326.779,-0.354914E-01
4.85229,326.820,0.174348E-01
4.85291,326.861,0.115827
4.85352,326.902,-0.170508E-01
4.85413,326.944,-0.194700E-01
4.85474,326.985,-0.169720E-01
4.85535,327.026,0.547781E-01
4.85596,327.067,0.234688E-01
4.85657,327.108,0.279502E-01
4.85718,327.149,-0.307797E-01
4.85779,327.190,0.971793E-02
4.85840,327.231,-0.281673E-02
4.85901,327.272,0.106253
4.85962,327.314,-0.400464E-01
4.86023,327.355,-0.515511E-01
4.86084,327.396,0.837743E-02
4.86145,327.437,-0.139080E-01
4.86206,327.478,0.983019E-01
4.86267,327.519,-0.204374E-01
4.86328,327.560,0.384490E-01
4.86389,327.601,0.180298E-02
4.86450,327.642,-0.563552E-01
4.86511,327.683,-0.563692E-01
4.86572,327.725,0.677053E-01
4.86633,327.766,-0.258680E-01
4.86694,327.807,-0.532624E-02
4.86755,327.848,0.494448E-03
4.86816,327.889,-0.349277E-01
4.86877,327.930,-0.721446E-02
4.86938,327.971,0.584827E-02
4.87000,328.012,-0.163086E-01
4.87061,328.053,0.777225E-01
4.87122,328.095,0.154724
4.87183,328.136,-0.997541E-01
4.87244,328.177,-0.104095E-01
4.87305,328.218,-0.498704E-01
4.87366,328.259,0.718644E-01
4.87427,328.300,-0.291667E-01
4.87488,328.341,0.303800E-01
4.87549,328.382,0.624382E-01
4.87610,328.423,0.124114E-01
4.87671,328.465,0.748863E-02
4.87732,328.506,0.139950E-01
4.87793,328.547,0.112601
4.87854,328.588,0.377024E-03
4.87915,328.629,-0.327444E-01
4.87976,328.670,0.882450E-01
4.88037,328.711,0.130542E-01
4.88098,328.752,0.805603E-01
4.88159,328.793,0.220341E-01
4.88220,328.835,-0.146099E-01
4.88281,328.876,0.109702
4.88342,328.917,0.120426E-02
4.88403,328.958,-0.164685E-01
4.88464,328.999,-0.153935E-01
4.88525,329.040,0.348594E-01
4.88586,329.081,-0.875959E-02
4.88647,329.122,-0.699106E-02
4.88708,329.163,0.155976E-01
4.88770,329.205,0.120145E-03
4.88831,329.246,-0.160553E-01
4.88892,329.287,-0.893139E-02
4.88953,329.328,0.147592E-01
4.89014,329.369,0.522661E-01
4.89075,329.410,0.402280E-01
4.89136,329.451,0.151448E-01
4.89197,329.492,0.200505E-01
4.89258,329.533,-0.484992E-01
4.89319,329.575,0.851312E-02
4.89380,329.616,-0.115013E-02
4.89441,329.657,-0.156973E-02
4.89502,329.698,0.541902E-01
4.89563,329.739,0.298001E-01
4.89624,329.780,0.116866E-01
4.89685,329.821,-0.722318E-02
4.89746,329.862,-0.704683E-02
4.89807,329.903,-0.543944E-01
4.89868,329.945,-0.521091E-01
4.89929,329.986,-0.153938E-01
4.89990,330.027,-0.362597E-01
4.90051,330.068,-0.178546E-02
4.90112,330.109,-0.852641E-02
4.90173,330.150,0.383662E-01
4.90234,330.191,-0.188275E-01
4.90295,330.232,0.230738E-01
4.90356,330.273,-0.259061E-01
4.90417,330.314,-0.327184E-01
4.90479,330.356,-0.827427E-01
4.90540,330.397,-0.606901E-02
4.90601,330.438,-0.340464E-01
4.90662,330.479,0.424539E-02
4.90723,330.520,0.694731E-01
4.90784,330.561,0.686918E-02
4.90845,330.602,-0.113826E-01
4.90906,330.643,-0.675291E-02
4.90967,330.684,-0.310741E-01
4.91028,330.726,0.910779E-02
4.91089,330.767,-0.169262E-01
4.91150,330.808,0.954119E-01
4.91211,330.849,0.146846E-01
4.91272,330.890,-0.652737E-02
4.91333,330.931,-0.683908E-01
4.91394,330.972,-0.173576E-01
4.91455,331.013,0.190633
4.91516,331.054,-0.675814E-01
4.91577,331.096,-0.114716E-01
4.91638,331.137,0.627028E-01
4.91699,331.178,0.531773E-01
4.91760,331.219,0.472112E-01
4.91821,331.260,-0.196649E-01
4.91882,331.301,0.338025E-01
4.91943,331.342,-0.299739E-01
4.92004,331.383,-0.182590E-01
4.92065,331.424,0.586024E-02
4.92126,331.466,-0.445257E-02
4.92188,331.507,-0.769083E-02
4.92249,331.548,0.685084E-01
4.92310,331.589,-0.123271E-01
4.92371,331.630,-0.168221E-01
4.92432,331.671,-0.163744E-01
4.92493,331.712,0.246754E-02
4.92554,331.753,0.781967E-02
4.92615,331.794,0.184262E-01
4.92676,331.836,-0.819488E-01
4.92737,331.877,-0.488725E-01
4.92798,331.918,-0.191882E-01
4.92859,331.959,0.109221E-01
4.92920,332.000,0.249676E-01
4.92981,332.041,-0.350698E-01
4.93042,332.082,0.412414E-02
4.93103,332.123,0.566780E-02
4.93164,332.164,-0.481419E-01
4.93225,332.206,-0.886076E-02
4.93286,332.247,0.121892
4.93347,332.288,-0.849285E-01
4.93408,332.329,0.891631E-02
4.93469,332.370,0.113007
4.93530,332.411,-0.778422E-01
4.93591,332.452,0.468665E-01
4.93652,332.493,-0.401986E-01
4.93713,332.534,-0.272003E-01
4.93774,332.576,-0.486935E-01
4.93835,332.617,-0.254533E-01
4.93896,332.658,0.278938E-01
4.93958,332.699,0.531003E-01
4.94019,332.740,0.380246E-01
4.94080,332.781,0.483350E-02
4.94141,332.822,0.879058E-01
4.94202,332.863,0.112054
4.94263,332.904,0.425796E-01
4.94324,332.946,-0.605331E-01
4.94385,332.987,-0.818863E-01
4.94446,333.028,-0.627912E-01
4.94507,333.069,0.549747E-02
4.94568,333.110,0.344372E-01
4.94629,333.151,0.186377E-01
4.94690,333.192,-0.473491E-02
4.94751,333.233,0.961747E-02
4.94812,333.274,0.183244E-01
4.94873,333.315,0.445145E-01
4.94934,333.357,0.182778E-01
4.94995,333.398,-0.205076E-01
4.95056,333.439,-0.476439E-01
4.95117,333.480,-0.901082E-01
4.95178,333.521,0.518398E-01
4.95239,333.562,0.122363E-01
4.95300,333.603,0.614637E-01
4.95361,333.644,-0.193554E-01
4.95422,333.685,0.305898E-01
4.95483,333.727,-0.374918E-01
4.95544,333.768,-0.369798E-01
4.95605,333.809,0.323567E-02
4.95667,333.850,0.165196E-02
4.95728,333.891,-0.226005E-01
4.95789,333.932,0.777724E-01
4.95850,333.973,0.401243E-01
4.95911,334.014,-0.241318E-01
4.95972,334.055,0.318998E-01
4.96033,334.097,0.547618E-02
4.96094,334.138,-0.186894E-01
4.96155,334.179,-0.293684E-01
4.96216,334.220,-0.134257
4.96277,334.261,0.347846E-01
4.96338,334.302,0.268028E-01
4.96399,334.343,-0.750844E-01
4.96460,334.384,0.423431E-01
4.96521,334.425,-0.282182E-03
4.96582,334.467,-0.221776E-01
4.96643,334.508,0.310382E-01
4.96704,334.549,0.758527E-01
4.96765,334.590,-0.537184E-01
4.96826,334.631,0.760965E-02
4.96887,334.672,0.165485E-01
4.96948,334.713,-0.182627E-01
4.97009,334.754,0.493944E-01
4.97070,334.795,0.529014E-01
4.97131,334.837,-0.794870E-01
4.97192,334.878,-0.266319E-01
4.97253,334.919,-0.236777E-01
4.97314,334.960,-0.153818
4.97375,335.001,0.173947E-01
4.97437,335.042,-0.142305
4.97498,335.083,0.886903E-02
4.97559,335.124,-0.222320E-02
4.97620,335.165,0.444911E-01
4.97681,335.207,-0.767683E-03
4.97742,335.248,-0.241446E-01
4.97803,335.289,0.234601E-01
4.97864,335.330,0.267575E-01
4.97925,335.371,0.114388
4.97986,335.412,0.259677E-02
4.98047,335.453,-0.140042
4.98108,335.494,-0.555970E-01
4.98169,335.535,-0.366441E-01
4.98230,335.577,-0.168097E-02
4.98291,335.618,0.257960E-01
4.98352,335.659,0.121486E-01
4.98413,335.700,-0.237662E-01
4.98474,335.741,-0.193059E-01
4.98535,335.782,-0.933432E-02
4.98596,335.823,-0.178103E-01
4.98657,335.864,0.875173E-02
4.98718,335.905,-0.321264E-01
4.98779,335.946,0.782073E-01
4.98840,335.988,-0.150453E-01
4.98901,336.029,0.103691
4.98962,336.070,-0.268972E-01
4.99023,336.111,-0.135750E-01
4.99084,336.152,0.135047E-01
4.99146,336.193,0.141416E-01
4.99207,336.234,-0.131150E-02
4.99268,336.275,-0.187676E-01
4.99329,336.316,0.125386E-01
4.99390,336.358,-0.714746E-02
4.99451,336.399,0.472636E-01
4.99512,336.440,0.165106E-01
4.99573,336.481,0.294170E-01
4.99634,336.522,0.140168E-01
4.99695,336.563,-0.423653E-02
4.99756,336.604,0.249803E-01
4.99817,336.645,-0.138578E-01
4.99878,336.686,0.718632E-02
4.99939,336.728,-0.586996E-01
5.00000,336.769,0.423066E-01
