Full_(co)spectra
----------------
natural_frequency_[Hz]_->_from_[1/_averaging_interval]_to_[acquisition_frequency_/_2]
normalized_frequency_[#]->_natural_frequency_*_measuring_height_/_wind_speed
y-axis_->_natural_frequency_*_(co)spectrum_/_(co)variance
acquisition_frequency_[Hz]_=_ 10.000
measuring_height_(z-d)_[m]_=_  3.990
wind_speed_[m+1s-1]_=_  0.072
averaging_interval_[min]_=_     30
tapering_window_=_SQUARED_(no_tapering_forced_by_EddyPro._Tapering_is_only_applied_for_binned_(co)spectra)
,,cov(w_ts)
,,-9.3421244766549204E-005
natural_frequency,normalized_frequency,f_nat*cospec(w_ts)
0.610352E-03,0.336980E-01,0.168872
0.122070E-02,0.673959E-01,0.286589
0.183105E-02,0.101094,1.94296
0.244141E-02,0.134792,0.621523
0.305176E-02,0.168490,4.35514
0.366211E-02,0.202188,0.155924
0.427246E-02,0.235886,0.607311
0.488281E-02,0.269584,-0.264021
0.549316E-02,0.303282,1.85742
0.610352E-02,0.336980,-0.867861E-01
0.671387E-02,0.370678,0.593997
0.732422E-02,0.404376,-1.70049
0.793457E-02,0.438074,-0.183431
0.854492E-02,0.471771,0.833616
0.915527E-02,0.505469,0.601984
0.976562E-02,0.539167,2.16343
0.103760E-01,0.572865,2.07805
0.109863E-01,0.606563,0.579506
0.115967E-01,0.640261,0.356722
0.122070E-01,0.673959,-1.21492
0.128174E-01,0.707657,0.656890
0.134277E-01,0.741355,-0.197451
0.140381E-01,0.775053,0.568936
0.146484E-01,0.808751,0.821893
0.152588E-01,0.842449,0.817529
0.158691E-01,0.876147,0.163785
0.164795E-01,0.909845,-0.693646
0.170898E-01,0.943543,0.588478
0.177002E-01,0.977241,0.159105
0.183105E-01,1.01094,1.88431
0.189209E-01,1.04464,3.21214
0.195312E-01,1.07833,-0.270311
0.201416E-01,1.11203,-0.259015E-01
0.207520E-01,1.14573,-0.710948E-01
0.213623E-01,1.17943,0.528604
0.219727E-01,1.21313,-0.124430
0.225830E-01,1.24682,1.34447
0.231934E-01,1.28052,1.34194
0.238037E-01,1.31422,-0.327657
0.244141E-01,1.34792,-0.211347
0.250244E-01,1.38162,-0.468942
0.256348E-01,1.41531,0.982692
0.262451E-01,1.44901,-1.54084
0.268555E-01,1.48271,0.784891
0.274658E-01,1.51641,-1.01767
0.280762E-01,1.55011,-0.904139
0.286865E-01,1.58380,0.456680
0.292969E-01,1.61750,-2.49363
0.299072E-01,1.65120,1.15963
0.305176E-01,1.68490,0.549596
0.311279E-01,1.71860,1.09179
0.317383E-01,1.75229,-8.46612
0.323486E-01,1.78599,2.06933
0.329590E-01,1.81969,0.203773
0.335693E-01,1.85339,4.18315
0.341797E-01,1.88709,-1.58645
0.347900E-01,1.92078,0.378752
0.354004E-01,1.95448,-1.31385
0.360107E-01,1.98818,1.50280
0.366211E-01,2.02188,-1.05147
0.372314E-01,2.05558,6.47095
0.378418E-01,2.08927,-0.168205
0.384521E-01,2.12297,0.107935
0.390625E-01,2.15667,-0.646906E-01
0.396729E-01,2.19037,-2.40774
0.402832E-01,2.22407,-0.471005
0.408936E-01,2.25776,-2.51249
0.415039E-01,2.29146,2.52274
0.421143E-01,2.32516,-2.61673
0.427246E-01,2.35886,-1.00240
0.433350E-01,2.39256,-0.387170
0.439453E-01,2.42625,1.10797
0.445557E-01,2.45995,0.324844
0.451660E-01,2.49365,-0.265299
0.457764E-01,2.52735,-0.176934
0.463867E-01,2.56105,4.74048
0.469971E-01,2.59474,0.175436
0.476074E-01,2.62844,-5.57472
0.482178E-01,2.66214,0.427408
0.488281E-01,2.69584,-1.55647
0.494385E-01,2.72954,0.604991
0.500488E-01,2.76323,-2.62538
0.506592E-01,2.79693,1.15903
0.512695E-01,2.83063,-2.67424
0.518799E-01,2.86433,-0.495164
0.524902E-01,2.89802,-2.64300
0.531006E-01,2.93172,-0.696439
0.537109E-01,2.96542,2.23288
0.543213E-01,2.99912,0.273923
0.549316E-01,3.03282,-1.63471
0.555420E-01,3.06651,-0.600642
0.561523E-01,3.10021,-1.14222
0.567627E-01,3.13391,0.991283
0.573730E-01,3.16761,0.532753E-01
0.579834E-01,3.20131,0.124453
0.585938E-01,3.23500,1.69407
0.592041E-01,3.26870,0.909538
0.598145E-01,3.30240,-0.444148
0.604248E-01,3.33610,-1.62153
0.610352E-01,3.36980,-1.91832
0.616455E-01,3.40349,1.39792
0.622559E-01,3.43719,-0.180335
0.628662E-01,3.47089,-1.57592
0.634766E-01,3.50459,-0.129618
0.640869E-01,3.53829,0.318293
0.646973E-01,3.57198,-1.78270
0.653076E-01,3.60568,-1.14579
0.659180E-01,3.63938,-0.620533
0.665283E-01,3.67308,-2.37047
0.671387E-01,3.70678,0.599442
0.677490E-01,3.74047,0.737035
0.683594E-01,3.77417,-0.239404
0.689697E-01,3.80787,-0.526416
0.695801E-01,3.84157,-2.09073
0.701904E-01,3.87527,-2.04690
0.708008E-01,3.90896,-2.10397
0.714111E-01,3.94266,-1.03234
0.720215E-01,3.97636,-3.31900
0.726318E-01,4.01006,-0.270288
0.732422E-01,4.04376,-0.117900
0.738525E-01,4.07745,0.219766
0.744629E-01,4.11115,0.101767E-01
0.750732E-01,4.14485,-2.53581
0.756836E-01,4.17855,0.808430E-02
0.762939E-01,4.21225,1.22220
0.769043E-01,4.24594,0.632110
0.775146E-01,4.27964,-0.902205
0.781250E-01,4.31334,-4.93545
0.787354E-01,4.34704,-0.518994
0.793457E-01,4.38074,-0.213462
0.799561E-01,4.41443,-0.533541
0.805664E-01,4.44813,-0.297960
0.811768E-01,4.48183,-0.737644
0.817871E-01,4.51553,2.79018
0.823975E-01,4.54923,-1.13315
0.830078E-01,4.58292,0.281593
0.836182E-01,4.61662,1.03859
0.842285E-01,4.65032,-0.998771E-01
0.848389E-01,4.68402,-1.05401
0.854492E-01,4.71771,-0.340831
0.860596E-01,4.75141,-3.65433
0.866699E-01,4.78511,0.109112
0.872803E-01,4.81881,-2.63133
0.878906E-01,4.85251,-0.460419
0.885010E-01,4.88620,-2.46863
0.891113E-01,4.91990,-0.875706
0.897217E-01,4.95360,1.07236
0.903320E-01,4.98730,-4.30984
0.909424E-01,5.02100,0.354376
0.915527E-01,5.05469,0.822519
0.921631E-01,5.08839,-3.45767
0.927734E-01,5.12209,-4.16210
0.933838E-01,5.15579,-1.56722
0.939941E-01,5.18949,-9.60803
0.946045E-01,5.22318,3.65022
0.952148E-01,5.25688,0.548798
0.958252E-01,5.29058,1.41677
0.964355E-01,5.32428,0.473797E-01
0.970459E-01,5.35798,-0.756671
0.976562E-01,5.39167,3.53179
0.982666E-01,5.42537,-1.28978
0.988770E-01,5.45907,0.588214
0.994873E-01,5.49277,0.105724
0.100098,5.52647,-1.75332
0.100708,5.56016,-3.98706
0.101318,5.59386,-1.59987
0.101929,5.62756,-1.63688
0.102539,5.66126,0.440141
0.103149,5.69496,-3.52757
0.103760,5.72865,-2.16150
0.104370,5.76235,-7.33194
0.104980,5.79605,-0.456316
0.105591,5.82975,-0.746327E-01
0.106201,5.86345,-3.63572
0.106812,5.89714,-2.00158
0.107422,5.93084,-0.103774
0.108032,5.96454,-1.51925
0.108643,5.99824,-3.19087
0.109253,6.03194,0.783759
0.109863,6.06563,-0.778660
0.110474,6.09933,-0.647394
0.111084,6.13303,1.69814
0.111694,6.16673,-0.565973
0.112305,6.20043,-1.62870
0.112915,6.23412,0.646141
0.113525,6.26782,-0.564277
0.114136,6.30152,-0.901746
0.114746,6.33522,-0.527699E-01
0.115356,6.36892,-3.02158
0.115967,6.40261,0.118908
0.116577,6.43631,0.542510E-01
0.117188,6.47001,0.376619
0.117798,6.50371,-0.402112
0.118408,6.53740,0.905612
0.119019,6.57110,1.54487
0.119629,6.60480,-0.294093
0.120239,6.63850,-0.680379
0.120850,6.67220,1.57339
0.121460,6.70589,-10.7427
0.122070,6.73959,-0.907185
0.122681,6.77329,-5.57113
0.123291,6.80699,0.443855
0.123901,6.84069,-0.230502
0.124512,6.87438,-1.64997
0.125122,6.90808,0.961286
0.125732,6.94178,-1.56444
0.126343,6.97548,2.07228
0.126953,7.00918,-0.783967
0.127563,7.04287,-0.203124
0.128174,7.07657,-0.855334
0.128784,7.11027,-2.28024
0.129395,7.14397,-0.458292
0.130005,7.17767,-0.548035
0.130615,7.21136,-3.73643
0.131226,7.24506,0.533256
0.131836,7.27876,-1.59732
0.132446,7.31246,-2.77008
0.133057,7.34616,-3.21421
0.133667,7.37985,-2.95855
0.134277,7.41355,-1.81262
0.134888,7.44725,0.489487
0.135498,7.48095,-0.484218E-01
0.136108,7.51465,-2.89040
0.136719,7.54834,0.898082
0.137329,7.58204,0.196647
0.137939,7.61574,-0.790845
0.138550,7.64944,-2.50406
0.139160,7.68314,-3.06063
0.139771,7.71683,-0.337426E-01
0.140381,7.75053,-5.99620
0.140991,7.78423,0.160804
0.141602,7.81793,-0.511218
0.142212,7.85163,-0.953444
0.142822,7.88532,0.196606
0.143433,7.91902,-0.617258
0.144043,7.95272,-3.94630
0.144653,7.98642,-3.31123
0.145264,8.02012,-1.93670
0.145874,8.05381,0.481138
0.146484,8.08751,-2.84119
0.147095,8.12121,-0.717142
0.147705,8.15491,-1.21591
0.148315,8.18861,-0.488047
0.148926,8.22230,-0.402969E-02
0.149536,8.25600,-0.851802
0.150146,8.28970,-0.912563E-01
0.150757,8.32340,-1.05459
0.151367,8.35709,0.158548
0.151978,8.39079,-0.126026
0.152588,8.42449,0.811077
0.153198,8.45819,-0.350425E-01
0.153809,8.49189,-1.56836
0.154419,8.52558,1.28342
0.155029,8.55928,0.418972E-01
0.155640,8.59298,-1.62301
0.156250,8.62668,-0.719754
0.156860,8.66038,-1.06272
0.157471,8.69407,-3.91633
0.158081,8.72777,1.84201
0.158691,8.76147,-2.29593
0.159302,8.79517,-2.17971
0.159912,8.82887,-4.70396
0.160522,8.86256,-0.238112
0.161133,8.89626,-1.43628
0.161743,8.92996,0.218243E-01
0.162354,8.96366,-0.574210
0.162964,8.99736,-1.13531
0.163574,9.03105,0.505315
0.164185,9.06475,-2.44455
0.164795,9.09845,0.135848E-01
0.165405,9.13215,0.883253
0.166016,9.16585,-1.07197
0.166626,9.19954,-0.985288
0.167236,9.23324,-4.50583
0.167847,9.26694,-0.574272
0.168457,9.30064,-2.24076
0.169067,9.33434,-1.17951
0.169678,9.36803,-0.127100
0.170288,9.40173,-1.47859
0.170898,9.43543,0.200519
0.171509,9.46913,-1.16161
0.172119,9.50283,-2.21961
0.172729,9.53652,-1.24283
0.173340,9.57022,1.32916
0.173950,9.60392,-0.321170
0.174561,9.63762,-0.350118
0.175171,9.67132,-0.194379
0.175781,9.70501,-0.668761
0.176392,9.73871,-1.66886
0.177002,9.77241,0.264373
0.177612,9.80611,0.804953
0.178223,9.83981,-0.473852
0.178833,9.87350,-0.950078
0.179443,9.90720,1.72595
0.180054,9.94090,0.275859
0.180664,9.97460,0.874594
0.181274,10.0083,0.113805
0.181885,10.0420,0.530591
0.182495,10.0757,-0.108479
0.183105,10.1094,-0.357323
0.183716,10.1431,0.332234
0.184326,10.1768,-0.769723
0.184937,10.2105,-0.187211E-01
0.185547,10.2442,1.86760
0.186157,10.2779,-5.42658
0.186768,10.3116,0.197488
0.187378,10.3453,1.68586
0.187988,10.3790,-2.43585
0.188599,10.4127,-5.50728
0.189209,10.4464,0.725696
0.189819,10.4801,-1.08009
0.190430,10.5138,0.211583
0.191040,10.5475,-0.442105
0.191650,10.5812,-0.948341
0.192261,10.6149,-0.683871
0.192871,10.6486,0.429061
0.193481,10.6823,-0.306839
0.194092,10.7160,-0.205425
0.194702,10.7497,-4.72388
0.195312,10.7833,1.22716
0.195923,10.8170,0.200592
0.196533,10.8507,-2.08487
0.197144,10.8844,-1.13182
0.197754,10.9181,2.20098
0.198364,10.9518,-7.05190
0.198975,10.9855,-3.06789
0.199585,11.0192,-1.16660
0.200195,11.0529,-0.439639
0.200806,11.0866,-0.574157
0.201416,11.1203,0.514245
0.202026,11.1540,-1.28780
0.202637,11.1877,0.781236
0.203247,11.2214,1.02513
0.203857,11.2551,0.525840
0.204468,11.2888,-1.10266
0.205078,11.3225,-0.681317
0.205688,11.3562,0.498089
0.206299,11.3899,0.303453
0.206909,11.4236,-1.05493
0.207520,11.4573,0.595997
0.208130,11.4910,-6.21585
0.208740,11.5247,4.16670
0.209351,11.5584,-2.47820
0.209961,11.5921,0.563568
0.210571,11.6258,-0.213932
0.211182,11.6595,0.770568
0.211792,11.6932,-1.45360
0.212402,11.7269,0.318595
0.213013,11.7606,-0.663970
0.213623,11.7943,-1.67067
0.214233,11.8280,2.35776
0.214844,11.8617,-0.377551E-01
0.215454,11.8954,-6.31398
0.216064,11.9291,1.50058
0.216675,11.9628,-0.955483
0.217285,11.9965,-2.25579
0.217896,12.0302,-4.37669
0.218506,12.0639,-0.477262
0.219116,12.0976,-0.322970
0.219727,12.1313,-3.00744
0.220337,12.1650,-2.03542
0.220947,12.1987,-6.92184
0.221558,12.2324,-0.507813E-01
0.222168,12.2661,-2.47401
0.222778,12.2998,-0.308927
0.223389,12.3335,-1.79394
0.223999,12.3672,-0.737108
0.224609,12.4009,0.536273
0.225220,12.4345,0.403709
0.225830,12.4682,0.962751
0.226440,12.5019,0.604815
0.227051,12.5356,1.30970
0.227661,12.5693,1.00381
0.228271,12.6030,0.107716
0.228882,12.6367,-0.402053
0.229492,12.6704,0.139826
0.230103,12.7041,0.222289
0.230713,12.7378,-1.13229
0.231323,12.7715,-1.95320
0.231934,12.8052,-3.00278
0.232544,12.8389,-0.400242
0.233154,12.8726,-3.85115
0.233765,12.9063,1.40165
0.234375,12.9400,-4.56786
0.234985,12.9737,-0.946893
0.235596,13.0074,-0.979017
0.236206,13.0411,-3.11832
0.236816,13.0748,0.423598
0.237427,13.1085,-0.872340E-01
0.238037,13.1422,-3.17748
0.238647,13.1759,-0.264328
0.239258,13.2096,-1.35016
0.239868,13.2433,-2.29492
0.240479,13.2770,0.338573
0.241089,13.3107,-0.330199
0.241699,13.3444,4.76549
0.242310,13.3781,-1.76364
0.242920,13.4118,-1.16118
0.243530,13.4455,-3.39252
0.244141,13.4792,-1.98595
0.244751,13.5129,0.390138
0.245361,13.5466,-0.579504
0.245972,13.5803,-0.430110
0.246582,13.6140,0.199855
0.247192,13.6477,-1.17997
0.247803,13.6814,1.02814
0.248413,13.7151,0.587547
0.249023,13.7488,0.716678
0.249634,13.7825,-0.254859
0.250244,13.8162,-1.44452
0.250854,13.8499,-1.44937
0.251465,13.8836,0.242153
0.252075,13.9173,1.13105
0.252686,13.9510,3.32840
0.253296,13.9847,0.772314E-01
0.253906,14.0184,-0.496593
0.254517,14.0521,-0.148752
0.255127,14.0857,-0.902762
0.255737,14.1194,-2.92422
0.256348,14.1531,3.00103
0.256958,14.1868,0.702410
0.257568,14.2205,-0.347470
0.258179,14.2542,-3.26599
0.258789,14.2879,-0.210163
0.259399,14.3216,0.210539
0.260010,14.3553,-4.13047
0.260620,14.3890,-3.37361
0.261230,14.4227,0.150379
0.261841,14.4564,-0.377323E-01
0.262451,14.4901,2.08144
0.263062,14.5238,0.406582
0.263672,14.5575,-0.827259
0.264282,14.5912,-2.39323
0.264893,14.6249,-0.643885
0.265503,14.6586,-2.89855
0.266113,14.6923,0.627576E-01
0.266724,14.7260,0.145222
0.267334,14.7597,2.81321
0.267944,14.7934,0.368340
0.268555,14.8271,0.791195
0.269165,14.8608,0.205683
0.269775,14.8945,-0.266900
0.270386,14.9282,-0.164772E-01
0.270996,14.9619,-0.399741
0.271606,14.9956,-0.699382
0.272217,15.0293,-0.207598
0.272827,15.0630,-0.879530
0.273438,15.0967,0.708871
0.274048,15.1304,-4.17616
0.274658,15.1641,0.509472
0.275269,15.1978,-1.57799
0.275879,15.2315,-2.42138
0.276489,15.2652,-0.793781
0.277100,15.2989,-0.799905
0.277710,15.3326,-0.380410
0.278320,15.3663,-1.24756
0.278931,15.4000,-2.67432
0.279541,15.4337,0.386599
0.280151,15.4674,-0.563798
0.280762,15.5011,-0.306411
0.281372,15.5348,-0.763581
0.281982,15.5685,-0.106488E-01
0.282593,15.6022,-0.407333E-01
0.283203,15.6359,-0.920990
0.283813,15.6696,-2.51236
0.284424,15.7033,0.406770
0.285034,15.7369,-4.54938
0.285645,15.7706,-0.729996
0.286255,15.8043,-1.59990
0.286865,15.8380,0.577898E-03
0.287476,15.8717,-0.105085
0.288086,15.9054,-0.406000
0.288696,15.9391,-0.214276
0.289307,15.9728,1.15144
0.289917,16.0065,1.23703
0.290527,16.0402,0.754680
0.291138,16.0739,1.49851
0.291748,16.1076,-0.493801
0.292358,16.1413,-0.341189
0.292969,16.1750,-0.277293
0.293579,16.2087,0.551901
0.294189,16.2424,0.751887
0.294800,16.2761,-0.732481
0.295410,16.3098,0.779974
0.296021,16.3435,0.622917E-01
0.296631,16.3772,1.27932
0.297241,16.4109,-0.937177
0.297852,16.4446,0.190323
0.298462,16.4783,-3.01180
0.299072,16.5120,-6.19516
0.299683,16.5457,0.113100
0.300293,16.5794,-1.04863
0.300903,16.6131,0.425699
0.301514,16.6468,0.235579
0.302124,16.6805,0.385890E-01
0.302734,16.7142,0.801278E-01
0.303345,16.7479,-2.99957
0.303955,16.7816,-0.659263
0.304565,16.8153,0.339261
0.305176,16.8490,-0.286385
0.305786,16.8827,-0.198270E-01
0.306396,16.9164,0.154595E-01
0.307007,16.9501,-2.01481
0.307617,16.9838,-0.402948
0.308228,17.0175,-3.74164
0.308838,17.0512,1.11841
0.309448,17.0849,0.393256
0.310059,17.1186,-0.251484
0.310669,17.1523,-0.293743
0.311279,17.1860,-0.519078
0.311890,17.2197,0.756021E-01
0.312500,17.2534,-1.67525
0.313110,17.2871,-1.43365
0.313721,17.3208,0.951333
0.314331,17.3545,-1.84409
0.314941,17.3881,-0.331525
0.315552,17.4218,0.248029
0.316162,17.4555,-0.204911
0.316772,17.4892,0.890455E-03
0.317383,17.5229,0.428803
0.317993,17.5566,0.578103
0.318604,17.5903,-0.378800
0.319214,17.6240,0.575561
0.319824,17.6577,-2.50001
0.320435,17.6914,1.47977
0.321045,17.7251,-0.106728
0.321655,17.7588,0.931817
0.322266,17.7925,0.112352
0.322876,17.8262,-0.354894
0.323486,17.8599,-2.40750
0.324097,17.8936,0.854379
0.324707,17.9273,-0.112511
0.325317,17.9610,0.137080
0.325928,17.9947,0.751720
0.326538,18.0284,-0.614673
0.327148,18.0621,0.958683
0.327759,18.0958,2.20127
0.328369,18.1295,-0.982515
0.328979,18.1632,-0.871757
0.329590,18.1969,-0.475215
0.330200,18.2306,0.597048E-01
0.330811,18.2643,-0.927005
0.331421,18.2980,-1.05605
0.332031,18.3317,-2.27835
0.332642,18.3654,-1.96071
0.333252,18.3991,0.163439
0.333862,18.4328,-1.88023
0.334473,18.4665,-0.531734
0.335083,18.5002,0.180444
0.335693,18.5339,0.311048
0.336304,18.5676,-0.448889
0.336914,18.6013,-0.565188
0.337524,18.6350,0.151062E-01
0.338135,18.6687,-2.93978
0.338745,18.7024,1.77432
0.339355,18.7361,-1.13127
0.339966,18.7698,-0.172491
0.340576,18.8035,-0.223594
0.341187,18.8372,0.473498
0.341797,18.8709,-1.37410
0.342407,18.9046,-0.866770
0.343018,18.9383,-1.48894
0.343628,18.9720,-2.51795
0.344238,19.0057,0.811414
0.344849,19.0393,-1.19253
0.345459,19.0730,-0.897237
0.346069,19.1067,-0.934979
0.346680,19.1404,0.508140
0.347290,19.1741,3.90801
0.347900,19.2078,-0.609300E-01
0.348511,19.2415,1.75482
0.349121,19.2752,0.429188
0.349731,19.3089,-0.556439
0.350342,19.3426,-0.604722
0.350952,19.3763,0.700542
0.351562,19.4100,-0.282619
0.352173,19.4437,-3.23449
0.352783,19.4774,0.213973
0.353394,19.5111,0.434857E-01
0.354004,19.5448,-0.337623E-02
0.354614,19.5785,-0.344734
0.355225,19.6122,0.315060
0.355835,19.6459,-0.622867
0.356445,19.6796,-1.06152
0.357056,19.7133,0.216651
0.357666,19.7470,-0.292317
0.358276,19.7807,0.709063
0.358887,19.8144,-0.522254
0.359497,19.8481,0.613448
0.360107,19.8818,0.188218
0.360718,19.9155,0.313248
0.361328,19.9492,-1.71384
0.361938,19.9829,0.522112E-01
0.362549,20.0166,0.407021
0.363159,20.0503,0.691214
0.363770,20.0840,0.251812E-01
0.364380,20.1177,-1.04770
0.364990,20.1514,-0.656962
0.365601,20.1851,0.214764
0.366211,20.2188,0.321832
0.366821,20.2525,-0.217917
0.367432,20.2862,1.07853
0.368042,20.3199,-1.56943
0.368652,20.3536,-1.77099
0.369263,20.3873,-1.46176
0.369873,20.4210,-1.44931
0.370483,20.4547,-0.403065
0.371094,20.4884,-0.388178
0.371704,20.5221,-0.631373
0.372314,20.5558,-0.509963
0.372925,20.5895,-1.08535
0.373535,20.6232,-1.33888
0.374146,20.6569,-0.830460
0.374756,20.6905,0.227182
0.375366,20.7242,0.762020E-01
0.375977,20.7579,-5.52244
0.376587,20.7916,-1.04831
0.377197,20.8253,0.430080
0.377808,20.8590,-3.44585
0.378418,20.8927,0.832539E-01
0.379028,20.9264,-1.32031
0.379639,20.9601,-0.327672
0.380249,20.9938,-3.02715
0.380859,21.0275,-3.08264
0.381470,21.0612,-3.00087
0.382080,21.0949,-0.285236
0.382690,21.1286,-0.968465
0.383301,21.1623,1.24863
0.383911,21.1960,-2.75191
0.384521,21.2297,3.46862
0.385132,21.2634,-0.845658
0.385742,21.2971,-0.104244
0.386353,21.3308,-0.134052
0.386963,21.3645,0.714857
0.387573,21.3982,1.24034
0.388184,21.4319,-0.701699
0.388794,21.4656,0.651672E-02
0.389404,21.4993,2.31796
0.390015,21.5330,-0.855892
0.390625,21.5667,0.941651E-01
0.391235,21.6004,0.498357
0.391846,21.6341,0.447140
0.392456,21.6678,-0.492925
0.393066,21.7015,-0.596534
0.393677,21.7352,-1.49839
0.394287,21.7689,2.59372
0.394897,21.8026,-1.77465
0.395508,21.8363,1.28764
0.396118,21.8700,-1.35843
0.396729,21.9037,0.488999
0.397339,21.9374,-0.675928
0.397949,21.9711,-0.122502
0.398560,22.0048,-0.211221E-02
0.399170,22.0385,-1.08255
0.399780,22.0722,-0.256947
0.400391,22.1059,-0.589813
0.401001,22.1396,0.376403
0.401611,22.1733,-0.465015
0.402222,22.2070,-0.738570
0.402832,22.2407,-0.478708
0.403442,22.2744,-0.823480
0.404053,22.3081,0.379884
0.404663,22.3417,0.359953
0.405273,22.3754,-0.373389
0.405884,22.4091,-0.480423
0.406494,22.4428,-0.998783E-01
0.407104,22.4765,-0.980225
0.407715,22.5102,-0.663476E-01
0.408325,22.5439,0.202189
0.408936,22.5776,-2.02221
0.409546,22.6113,2.02006
0.410156,22.6450,-0.716972
0.410767,22.6787,0.198144
0.411377,22.7124,0.792649
0.411987,22.7461,0.481849
0.412598,22.7798,-0.143016
0.413208,22.8135,-0.288233E-01
0.413818,22.8472,0.704267
0.414429,22.8809,-0.433930
0.415039,22.9146,0.545987
0.415649,22.9483,-1.76572
0.416260,22.9820,-0.600590
0.416870,23.0157,-0.202007
0.417480,23.0494,-1.87882
0.418091,23.0831,0.463815
0.418701,23.1168,-0.434629
0.419312,23.1505,-0.951667
0.419922,23.1842,-1.60664
0.420532,23.2179,-0.168240
0.421143,23.2516,0.829853E-01
0.421753,23.2853,0.343317
0.422363,23.3190,-0.359290
0.422974,23.3527,0.514352
0.423584,23.3864,-0.477370
0.424194,23.4201,-1.84994
0.424805,23.4538,0.292168E-01
0.425415,23.4875,-0.513653
0.426025,23.5212,0.115485
0.426636,23.5549,0.311062
0.427246,23.5886,0.481609
0.427856,23.6223,-0.630243
0.428467,23.6560,0.816584E-01
0.429077,23.6897,-1.94296
0.429688,23.7234,0.306835
0.430298,23.7571,0.621328E-01
0.430908,23.7908,0.281336
0.431519,23.8245,-0.397123
0.432129,23.8582,-0.776437
0.432739,23.8919,-0.340957
0.433350,23.9256,-0.318380
0.433960,23.9593,-1.20789
0.434570,23.9929,-2.80560
0.435181,24.0266,-0.493262
0.435791,24.0603,-1.96150
0.436401,24.0940,-2.32659
0.437012,24.1277,0.303794
0.437622,24.1614,0.651485
0.438232,24.1951,-0.166085
0.438843,24.2288,-0.312761
0.439453,24.2625,1.10245
0.440063,24.2962,1.48993
0.440674,24.3299,-1.62557
0.441284,24.3636,0.975004
0.441895,24.3973,1.30836
0.442505,24.4310,-0.796298E-01
0.443115,24.4647,1.00776
0.443726,24.4984,-0.972067
0.444336,24.5321,0.238707
0.444946,24.5658,-0.699146
0.445557,24.5995,0.310773
0.446167,24.6332,-0.710802
0.446777,24.6669,-1.93914
0.447388,24.7006,0.823201
0.447998,24.7343,0.676739
0.448608,24.7680,0.849059
0.449219,24.8017,-0.413615
0.449829,24.8354,0.113400
0.450439,24.8691,-1.54891
0.451050,24.9028,0.837804
0.451660,24.9365,0.590003
0.452271,24.9702,-0.198639
0.452881,25.0039,0.103490
0.453491,25.0376,1.03723
0.454102,25.0713,-0.976615E-01
0.454712,25.1050,-1.19082
0.455322,25.1387,0.558438
0.455933,25.1724,-0.407474
0.456543,25.2061,-0.709466
0.457153,25.2398,0.124302
0.457764,25.2735,1.28461
0.458374,25.3072,1.01087
0.458984,25.3409,0.318478
0.459595,25.3746,-0.492572
0.460205,25.4083,0.866738E-01
0.460815,25.4420,0.695069E-01
0.461426,25.4757,-0.487967
0.462036,25.5094,0.501051
0.462646,25.5431,0.317128
0.463257,25.5768,-0.170047
0.463867,25.6105,-0.367321
0.464478,25.6442,0.567765
0.465088,25.6778,-1.09703
0.465698,25.7115,0.736640
0.466309,25.7452,0.527159
0.466919,25.7789,-0.323884E-01
0.467529,25.8126,0.509212
0.468140,25.8463,-0.143632
0.468750,25.8800,-2.05352
0.469360,25.9137,-0.521826
0.469971,25.9474,0.723435E-01
0.470581,25.9811,-0.649623
0.471191,26.0148,0.467863
0.471802,26.0485,-0.178077
0.472412,26.0822,-0.395777
0.473022,26.1159,-1.56965
0.473633,26.1496,-0.556102
0.474243,26.1833,1.16023
0.474854,26.2170,-1.08476
0.475464,26.2507,-0.715511E-02
0.476074,26.2844,0.923055
0.476685,26.3181,-0.335816
0.477295,26.3518,0.156553
0.477905,26.3855,0.631413
0.478516,26.4192,-0.170097
0.479126,26.4529,-0.412597E-01
0.479736,26.4866,0.184664
0.480347,26.5203,0.284536E-01
0.480957,26.5540,0.318602
0.481567,26.5877,-0.287547E-01
0.482178,26.6214,0.175151
0.482788,26.6551,-0.404207
0.483398,26.6888,0.433553
0.484009,26.7225,0.235350
0.484619,26.7562,0.259244E-01
0.485229,26.7899,0.574270E-01
0.485840,26.8236,-0.547060E-02
0.486450,26.8573,-0.920756
0.487061,26.8910,-0.913438
0.487671,26.9247,0.111736
0.488281,26.9584,0.669200
0.488892,26.9921,0.523182
0.489502,27.0258,0.216717E-01
0.490112,27.0595,-1.46558
0.490723,27.0932,-0.653483
0.491333,27.1269,0.608197E-01
0.491943,27.1606,-0.700171E-01
0.492554,27.1943,-0.176069
0.493164,27.2280,2.51582
0.493774,27.2617,-2.26004
0.494385,27.2954,-0.761019
0.494995,27.3290,0.215041
0.495605,27.3627,-3.08846
0.496216,27.3964,0.825920E-01
0.496826,27.4301,0.310027
0.497437,27.4638,-1.39116
0.498047,27.4975,-1.38966
0.498657,27.5312,-0.982877
0.499268,27.5649,-0.279117
0.499878,27.5986,-0.399056
0.500488,27.6323,-0.292971
0.501099,27.6660,-0.676942
0.501709,27.6997,0.299123
0.502319,27.7334,-0.186111
0.502930,27.7671,-0.141972
0.503540,27.8008,0.587582
0.504150,27.8345,-0.817874
0.504761,27.8682,-1.18894
0.505371,27.9019,-0.204490
0.505981,27.9356,0.116814E-01
0.506592,27.9693,-0.243961
0.507202,28.0030,-0.114939
0.507812,28.0367,0.606006
0.508423,28.0704,-1.12748
0.509033,28.1041,0.270994E-01
0.509644,28.1378,0.657276
0.510254,28.1715,-0.853367
0.510864,28.2052,0.474592
0.511475,28.2389,-0.179956
0.512085,28.2726,-0.274521
0.512695,28.3063,0.386584
0.513306,28.3400,-0.446961E-01
0.513916,28.3737,0.250763
0.514526,28.4074,-0.353561
0.515137,28.4411,0.475068
0.515747,28.4748,1.22191
0.516357,28.5085,0.117245E-01
0.516968,28.5422,-0.115519
0.517578,28.5759,0.209981
0.518188,28.6096,0.371803
0.518799,28.6433,-0.475679
0.519409,28.6770,-0.189661
0.520020,28.7107,-1.41985
0.520630,28.7444,-0.333623E-01
0.521240,28.7781,-0.200030
0.521851,28.8118,-0.533966
0.522461,28.8455,-0.728884E-01
0.523071,28.8792,-0.572996
0.523682,28.9129,-0.411922
0.524292,28.9466,-0.149514
0.524902,28.9802,0.949471
0.525513,29.0139,-2.29914
0.526123,29.0476,-0.250306
0.526733,29.0813,0.494703
0.527344,29.1150,0.197346
0.527954,29.1487,0.262630
0.528564,29.1824,-0.110307
0.529175,29.2161,-1.19152
0.529785,29.2498,0.380800
0.530396,29.2835,-0.253405
0.531006,29.3172,-0.155556
0.531616,29.3509,-0.794567E-01
0.532227,29.3846,0.626611
0.532837,29.4183,-0.512496
0.533447,29.4520,0.185578
0.534058,29.4857,0.557602
0.534668,29.5194,0.477371
0.535278,29.5531,-3.53585
0.535889,29.5868,-0.570293E-01
0.536499,29.6205,-0.850567
0.537109,29.6542,0.719452E-01
0.537720,29.6879,-0.169563
0.538330,29.7216,0.179261
0.538940,29.7553,1.99688
0.539551,29.7890,0.120927E-01
0.540161,29.8227,1.01603
0.540771,29.8564,-0.422540
0.541382,29.8901,0.494817E-01
0.541992,29.9238,-0.487820
0.542603,29.9575,-0.873025
0.543213,29.9912,0.358012
0.543823,30.0249,-0.884114
0.544434,30.0586,-0.378608
0.545044,30.0923,0.501408
0.545654,30.1260,0.617454E-01
0.546265,30.1597,-0.423241
0.546875,30.1934,-0.907986E-01
0.547485,30.2271,-0.497458
0.548096,30.2608,1.49909
0.548706,30.2945,0.291945E-01
0.549316,30.3282,0.510680E-01
0.549927,30.3619,0.340496
0.550537,30.3956,0.579919
0.551147,30.4293,-0.208938
0.551758,30.4630,-0.704475
0.552368,30.4967,0.285392
0.552979,30.5304,-0.336575
0.553589,30.5641,-0.527980
0.554199,30.5978,-0.276830
0.554810,30.6314,0.972425
0.555420,30.6651,0.494321
0.556030,30.6988,-0.903909
0.556641,30.7325,-0.354351
0.557251,30.7662,-1.46124
0.557861,30.7999,0.280483
0.558472,30.8336,-0.104907
0.559082,30.8673,-0.170114E-01
0.559692,30.9010,-0.664430
0.560303,30.9347,-0.812185E-02
0.560913,30.9684,0.318066E-01
0.561523,31.0021,-0.254845
0.562134,31.0358,-0.315495
0.562744,31.0695,-2.80070
0.563354,31.1032,-1.57513
0.563965,31.1369,-1.94348
0.564575,31.1706,-0.190789E-01
0.565186,31.2043,0.320419E-01
0.565796,31.2380,0.847352
0.566406,31.2717,0.555434
0.567017,31.3054,-0.262813
0.567627,31.3391,-0.524938
0.568237,31.3728,-0.306964
0.568848,31.4065,0.193536
0.569458,31.4402,-1.10424
0.570068,31.4739,0.146139
0.570679,31.5076,0.815552E-01
0.571289,31.5413,-0.111284E-01
0.571899,31.5750,1.31038
0.572510,31.6087,-0.130370
0.573120,31.6424,0.525371
0.573730,31.6761,-0.247102
0.574341,31.7098,0.789899
0.574951,31.7435,-0.110082
0.575562,31.7772,0.426679
0.576172,31.8109,-1.31920
0.576782,31.8446,-0.717313
0.577393,31.8783,0.966322
0.578003,31.9120,0.232750
0.578613,31.9457,0.292171
0.579224,31.9794,-1.36793
0.579834,32.0131,0.489828
0.580444,32.0468,-0.404744
0.581055,32.0805,-0.963091
0.581665,32.1142,-0.553876
0.582275,32.1479,1.10834
0.582886,32.1816,-0.237466
0.583496,32.2153,0.723648
0.584106,32.2490,-0.101495
0.584717,32.2826,-1.02089
0.585327,32.3163,0.532508
0.585938,32.3500,-0.103375
0.586548,32.3837,0.136053
0.587158,32.4174,-0.362436
0.587769,32.4511,0.122599
0.588379,32.4848,-0.972068
0.588989,32.5185,0.395676
0.589600,32.5522,-0.119127E-01
0.590210,32.5859,-0.504798
0.590820,32.6196,-0.737901
0.591431,32.6533,-0.777400
0.592041,32.6870,0.127870
0.592651,32.7207,-0.343039
0.593262,32.7544,0.380993
0.593872,32.7881,-0.492736E-01
0.594482,32.8218,0.859454E-01
0.595093,32.8555,-0.758555
0.595703,32.8892,-0.206993E-01
0.596313,32.9229,-0.585219
0.596924,32.9566,0.811154
0.597534,32.9903,0.552438E-01
0.598145,33.0240,-0.471915
0.598755,33.0577,-0.402925
0.599365,33.0914,0.649497
0.599976,33.1251,0.385137
0.600586,33.1588,0.859134E-01
0.601196,33.1925,-0.462010
0.601807,33.2262,0.300353
0.602417,33.2599,0.156916
0.603027,33.2936,0.687232
0.603638,33.3273,-0.571722
0.604248,33.3610,0.237217
0.604858,33.3947,-0.483021
0.605469,33.4284,-0.669502
0.606079,33.4621,-1.07134
0.606689,33.4958,-0.253502
0.607300,33.5295,-0.799480
0.607910,33.5632,-0.285598E-01
0.608521,33.5969,1.69926
0.609131,33.6306,0.458687
0.609741,33.6643,0.203689E-01
0.610352,33.6980,-1.12429
0.610962,33.7317,-0.570183E-01
0.611572,33.7654,-0.488021
0.612183,33.7991,0.233634
0.612793,33.8328,-0.281023
0.613403,33.8665,-0.606923
0.614014,33.9002,-0.571854
0.614624,33.9338,0.788973
0.615234,33.9675,0.807923
0.615845,34.0012,-0.214175
0.616455,34.0349,-0.231949
0.617065,34.0686,-0.512289
0.617676,34.1023,0.650766
0.618286,34.1360,0.311929
0.618896,34.1697,0.183989
0.619507,34.2034,-0.123091
0.620117,34.2371,-0.188386E-01
0.620728,34.2708,0.849174
0.621338,34.3045,-0.417244
0.621948,34.3382,-2.66625
0.622559,34.3719,-0.735747
0.623169,34.4056,-1.01307
0.623779,34.4393,0.324319
0.624390,34.4730,0.285864
0.625000,34.5067,-0.356271
0.625610,34.5404,-0.254922
0.626221,34.5741,0.808725E-01
0.626831,34.6078,-0.362125
0.627441,34.6415,-0.834817
0.628052,34.6752,-1.38419
0.628662,34.7089,-0.883413
0.629272,34.7426,-1.14948
0.629883,34.7763,0.152450
0.630493,34.8100,-0.221789
0.631104,34.8437,-0.450726
0.631714,34.8774,0.570068
0.632324,34.9111,-0.718633E-01
0.632935,34.9448,-1.30788
0.633545,34.9785,-0.530652E-01
0.634155,35.0122,-0.141323E-01
0.634766,35.0459,0.910721E-02
0.635376,35.0796,-0.187633
0.635986,35.1133,0.484873
0.636597,35.1470,1.31740
0.637207,35.1807,0.226273
0.637817,35.2144,0.146592
0.638428,35.2481,0.383630
0.639038,35.2818,-0.245134
0.639648,35.3155,-0.782821
0.640259,35.3492,0.680744
0.640869,35.3829,-0.400636
0.641479,35.4166,-1.04488
0.642090,35.4503,0.459995
0.642700,35.4840,-0.384350
0.643311,35.5177,1.41123
0.643921,35.5514,-0.751994
0.644531,35.5850,-0.179588
0.645142,35.6187,0.549427
0.645752,35.6524,0.871909E-01
0.646362,35.6861,0.981213E-01
0.646973,35.7198,-0.705515
0.647583,35.7535,0.503943
0.648193,35.7872,0.222537
0.648804,35.8209,-0.794667
0.649414,35.8546,-0.101435
0.650024,35.8883,-0.626309
0.650635,35.9220,-1.05415
0.651245,35.9557,-0.220951
0.651855,35.9894,-0.313498
0.652466,36.0231,-0.248054
0.653076,36.0568,-0.266998
0.653687,36.0905,-2.08957
0.654297,36.1242,0.206681E-01
0.654907,36.1579,-0.599619
0.655518,36.1916,-0.230855
0.656128,36.2253,0.941153
0.656738,36.2590,0.189124
0.657349,36.2927,-0.253860
0.657959,36.3264,0.809454
0.658569,36.3601,0.386074E-01
0.659180,36.3938,0.157542
0.659790,36.4275,-0.120140
0.660400,36.4612,-0.526783E-01
0.661011,36.4949,0.134052
0.661621,36.5286,-0.600639E-02
0.662231,36.5623,0.224712
0.662842,36.5960,-0.908778
0.663452,36.6297,0.485045E-01
0.664062,36.6634,-0.681680E-01
0.664673,36.6971,-0.241134
0.665283,36.7308,-1.49625
0.665894,36.7645,-0.300763
0.666504,36.7982,-0.180894
0.667114,36.8319,0.955971E-01
0.667725,36.8656,-0.331299
0.668335,36.8993,1.07153
0.668945,36.9330,-0.238492
0.669556,36.9667,-1.18999
0.670166,37.0004,0.104780
0.670776,37.0341,0.994904
0.671387,37.0678,0.289539
0.671997,37.1015,-0.841068E-01
0.672607,37.1352,-0.154069
0.673218,37.1689,0.823129
0.673828,37.2026,-0.646790
0.674438,37.2362,-0.183836
0.675049,37.2699,-0.158743
0.675659,37.3036,0.284085E-01
0.676270,37.3373,-0.229632
0.676880,37.3710,0.715991E-01
0.677490,37.4047,-0.516775
0.678101,37.4384,-0.182725
0.678711,37.4721,-0.882689E-01
0.679321,37.5058,-0.308786
0.679932,37.5395,0.432034
0.680542,37.5732,0.105111
0.681152,37.6069,0.635607
0.681763,37.6406,-0.214881
0.682373,37.6743,-0.367214
0.682983,37.7080,-1.45003
0.683594,37.7417,-0.150099
0.684204,37.7754,1.01035
0.684814,37.8091,-1.27603
0.685425,37.8428,-0.107828
0.686035,37.8765,-0.369066
0.686646,37.9102,-0.142706E-01
0.687256,37.9439,-0.171791E-01
0.687866,37.9776,-1.11687
0.688477,38.0113,0.190833
0.689087,38.0450,1.27874
0.689697,38.0787,-0.769770
0.690308,38.1124,-0.110587
0.690918,38.1461,1.25896
0.691528,38.1798,0.413355
0.692139,38.2135,0.499598E-01
0.692749,38.2472,-0.109741
0.693359,38.2809,-0.271714E-02
0.693970,38.3146,0.120632
0.694580,38.3483,-0.522446
0.695190,38.3820,0.125557E-01
0.695801,38.4157,-0.497648
0.696411,38.4494,-1.17335
0.697021,38.4831,0.274798E-01
0.697632,38.5168,-0.839382
0.698242,38.5505,-0.785426
0.698853,38.5842,0.315754
0.699463,38.6179,-0.465264
0.700073,38.6516,-1.42195
0.700684,38.6853,-0.432247
0.701294,38.7190,-0.170885
0.701904,38.7527,-0.161357
0.702515,38.7864,0.384325
0.703125,38.8201,0.346303
0.703735,38.8538,-1.50540
0.704346,38.8874,0.575316
0.704956,38.9211,-0.707223
0.705566,38.9548,0.502717
0.706177,38.9885,-1.42315
0.706787,39.0222,-0.486363
0.707397,39.0559,-0.550344
0.708008,39.0896,0.281759
0.708618,39.1233,0.664149
0.709229,39.1570,-0.595991
0.709839,39.1907,0.656885E-01
0.710449,39.2244,-0.363277
0.711060,39.2581,-0.391526
0.711670,39.2918,0.610393E-01
0.712280,39.3255,-0.314731E-01
0.712891,39.3592,0.130071
0.713501,39.3929,-0.681209
0.714111,39.4266,-0.540697
0.714722,39.4603,-0.118599
0.715332,39.4940,-0.253276
0.715942,39.5277,0.394909
0.716553,39.5614,0.285092
0.717163,39.5951,-1.67471
0.717773,39.6288,-0.247608
0.718384,39.6625,-0.309008E-01
0.718994,39.6962,-0.519259
0.719604,39.7299,-0.281921
0.720215,39.7636,-0.800536
0.720825,39.7973,-0.284413E-01
0.721436,39.8310,-0.464345
0.722046,39.8647,-0.843605E-01
0.722656,39.8984,0.729442E-01
0.723267,39.9321,0.403717
0.723877,39.9658,0.418647
0.724487,39.9995,0.450590
0.725098,40.0332,0.209836
0.725708,40.0669,0.840638
0.726318,40.1006,0.706326E-01
0.726929,40.1343,0.109216
0.727539,40.1680,0.206680
0.728149,40.2017,-0.396975
0.728760,40.2354,0.272642E-01
0.729370,40.2691,0.267003
0.729980,40.3028,-0.957466
0.730591,40.3365,-0.365510
0.731201,40.3702,-0.182617E-01
0.731812,40.4039,0.157872
0.732422,40.4376,-0.312467
0.733032,40.4713,-2.00322
0.733643,40.5050,-0.507420
0.734253,40.5387,-0.771644
0.734863,40.5723,0.149139
0.735474,40.6060,-0.689664
0.736084,40.6397,0.499890
0.736694,40.6734,-0.294572
0.737305,40.7071,-0.387139
0.737915,40.7408,-0.228913
0.738525,40.7745,-0.803586
0.739136,40.8082,-0.565802
0.739746,40.8419,-0.696113
0.740356,40.8756,0.391376
0.740967,40.9093,0.436893
0.741577,40.9430,0.206322
0.742188,40.9767,-0.831597E-01
0.742798,41.0104,0.188169
0.743408,41.0441,-0.320661E-01
0.744019,41.0778,-0.245509
0.744629,41.1115,-0.314864
0.745239,41.1452,-1.41321
0.745850,41.1789,-0.497994
0.746460,41.2126,0.401368
0.747070,41.2463,-0.240963
0.747681,41.2800,-0.524486
0.748291,41.3137,0.343280
0.748901,41.3474,-0.551007
0.749512,41.3811,-0.622797
0.750122,41.4148,-1.49648
0.750732,41.4485,-0.122445E-01
0.751343,41.4822,-0.401783
0.751953,41.5159,0.133848
0.752563,41.5496,0.404852
0.753174,41.5833,-0.781211E-01
0.753784,41.6170,-0.731581
0.754395,41.6507,-0.564099
0.755005,41.6844,-0.266064
0.755615,41.7181,0.227633
0.756226,41.7518,-0.368176E-01
0.756836,41.7855,1.47881
0.757446,41.8192,-0.488760
0.758057,41.8529,-0.157651
0.758667,41.8866,0.314650
0.759277,41.9203,-0.114525E-01
0.759888,41.9540,0.154501
0.760498,41.9877,0.243143
0.761108,42.0214,0.229941
0.761719,42.0551,-0.577661E-01
0.762329,42.0888,0.525344
0.762939,42.1225,-0.540412
0.763550,42.1562,-0.377004E-01
0.764160,42.1899,0.583686
0.764771,42.2235,-0.560703
0.765381,42.2572,0.186550
0.765991,42.2909,-0.136615
0.766602,42.3246,-0.657313E-02
0.767212,42.3583,-0.303350
0.767822,42.3920,-0.102234
0.768433,42.4257,0.369581E-01
0.769043,42.4594,-0.295717E-01
0.769653,42.4931,0.188575
0.770264,42.5268,-1.60233
0.770874,42.5605,0.688500E-01
0.771484,42.5942,0.210875
0.772095,42.6279,-0.135445
0.772705,42.6616,0.357812
0.773315,42.6953,0.137544
0.773926,42.7290,0.370931
0.774536,42.7627,0.304329
0.775146,42.7964,-0.906752
0.775757,42.8301,-0.490376E-01
0.776367,42.8638,0.382850
0.776978,42.8975,0.161992
0.777588,42.9312,-0.416277E-01
0.778198,42.9649,-0.181938
0.778809,42.9986,0.737465
0.779419,43.0323,0.276503
0.780029,43.0660,-0.437672
0.780640,43.0997,1.36906
0.781250,43.1334,-0.849618E-01
0.781860,43.1671,-0.129554
0.782471,43.2008,1.04116
0.783081,43.2345,0.201900
0.783691,43.2682,0.584877
0.784302,43.3019,-0.226293
0.784912,43.3356,-0.891702
0.785522,43.3693,-0.171558
0.786133,43.4030,-0.410361
0.786743,43.4367,1.56024
0.787354,43.4704,0.557563
0.787964,43.5041,0.312923
0.788574,43.5378,-1.19913
0.789185,43.5715,0.446482
0.789795,43.6052,-0.341370
0.790405,43.6389,0.565581E-01
0.791016,43.6726,-0.222728
0.791626,43.7063,-0.656919
0.792236,43.7400,-0.712589
0.792847,43.7737,0.118084
0.793457,43.8074,-1.17936
0.794067,43.8411,-0.332454
0.794678,43.8747,-0.363929E-01
0.795288,43.9084,-0.214920
0.795898,43.9421,-0.118806
0.796509,43.9758,0.665465E-01
0.797119,44.0095,0.409410
0.797729,44.0432,-0.258412
0.798340,44.0769,-0.375806
0.798950,44.1106,0.689637E-02
0.799561,44.1443,0.285801E-01
0.800171,44.1780,-0.141426
0.800781,44.2117,0.271607
0.801392,44.2454,-0.108442
0.802002,44.2791,0.469907
0.802612,44.3128,-0.508944
0.803223,44.3465,-0.332665
0.803833,44.3802,-0.556089E-02
0.804443,44.4139,-0.514727
0.805054,44.4476,-1.76180
0.805664,44.4813,-1.72346
0.806274,44.5150,1.52745
0.806885,44.5487,0.452058
0.807495,44.5824,-0.209887
0.808105,44.6161,-0.869799E-01
0.808716,44.6498,0.596614
0.809326,44.6835,0.179639E-01
0.809937,44.7172,-0.325316
0.810547,44.7509,-0.403518E-01
0.811157,44.7846,-0.184055
0.811768,44.8183,-0.108920
0.812378,44.8520,-0.351563
0.812988,44.8857,-0.704555E-01
0.813599,44.9194,-0.975620
0.814209,44.9531,-0.486691
0.814819,44.9868,-0.856070
0.815430,45.0205,0.709010E-01
0.816040,45.0542,-0.594779E-01
0.816650,45.0879,0.315336
0.817261,45.1216,-0.207738
0.817871,45.1553,0.216069
0.818481,45.1890,-0.270314
0.819092,45.2227,0.966549
0.819702,45.2564,-0.544539
0.820312,45.2901,-0.719424
0.820923,45.3238,0.190288
0.821533,45.3575,-0.208770
0.822144,45.3912,-0.698315
0.822754,45.4249,-0.263404
0.823364,45.4586,-0.328649
0.823975,45.4923,0.261401
0.824585,45.5259,0.350326
0.825195,45.5596,-0.760119
0.825806,45.5933,-0.909435
0.826416,45.6270,-0.560618
0.827026,45.6607,-2.14663
0.827637,45.6944,-0.677677
0.828247,45.7281,-0.405497
0.828857,45.7618,-0.210670
0.829468,45.7955,0.175765
0.830078,45.8292,0.530661
0.830688,45.8629,-0.600392
0.831299,45.8966,0.254154
0.831909,45.9303,-1.02551
0.832520,45.9640,0.529909
0.833130,45.9977,-0.459787
0.833740,46.0314,-0.995899
0.834351,46.0651,0.498567
0.834961,46.0988,-0.117533E-01
0.835571,46.1325,0.237654E-01
0.836182,46.1662,-0.606807
0.836792,46.1999,-0.689734E-01
0.837402,46.2336,-0.860073
0.838013,46.2673,1.10831
0.838623,46.3010,0.422047
0.839233,46.3347,-0.387366
0.839844,46.3684,-0.129327
0.840454,46.4021,-0.875842
0.841064,46.4358,-0.577594
0.841675,46.4695,0.495726E-01
0.842285,46.5032,0.137141
0.842896,46.5369,-0.385173
0.843506,46.5706,-0.740157
0.844116,46.6043,-0.435833
0.844727,46.6380,-0.207277
0.845337,46.6717,0.303086E-01
0.845947,46.7054,0.109758
0.846558,46.7391,0.331149
0.847168,46.7728,0.265386
0.847778,46.8065,-0.371946
0.848389,46.8402,0.128633
0.848999,46.8739,0.257493
0.849609,46.9076,0.497283
0.850220,46.9413,0.196291
0.850830,46.9750,-0.814670
0.851440,47.0087,0.433914E-01
0.852051,47.0424,-0.287050
0.852661,47.0761,0.244491
0.853271,47.1098,0.139393E-02
0.853882,47.1435,0.497887
0.854492,47.1771,-0.172839
0.855103,47.2108,-0.186358
0.855713,47.2445,0.126905
0.856323,47.2782,-0.255790
0.856934,47.3119,0.760057
0.857544,47.3456,-0.623784E-01
0.858154,47.3793,-0.127316
0.858765,47.4130,-0.278000
0.859375,47.4467,-0.746221
0.859985,47.4804,-0.342441
0.860596,47.5141,-0.607164
0.861206,47.5478,-0.189042
0.861816,47.5815,0.333725
0.862427,47.6152,-0.405811
0.863037,47.6489,-0.230431
0.863647,47.6826,1.31122
0.864258,47.7163,0.340767
0.864868,47.7500,-0.910157
0.865479,47.7837,-0.226230E-01
0.866089,47.8174,0.104757
0.866699,47.8511,0.221966
0.867310,47.8848,-1.43626
0.867920,47.9185,0.266377
0.868530,47.9522,-1.13239
0.869141,47.9859,-0.212788
0.869751,48.0196,0.390282
0.870361,48.0533,0.533732
0.870972,48.0870,-1.80086
0.871582,48.1207,0.658060
0.872192,48.1544,-1.09228
0.872803,48.1881,1.05141
0.873413,48.2218,0.302865
0.874023,48.2555,0.990076
0.874634,48.2892,-0.475032
0.875244,48.3229,-0.279907
0.875854,48.3566,-0.360435
0.876465,48.3903,0.148251E-01
0.877075,48.4240,0.284131
0.877686,48.4577,0.498562
0.878296,48.4914,0.326772
0.878906,48.5251,-0.367033
0.879517,48.5588,0.659962E-01
0.880127,48.5925,-0.160802
0.880737,48.6262,-0.177657
0.881348,48.6599,1.11324
0.881958,48.6936,0.201531E-01
0.882568,48.7273,0.312998
0.883179,48.7610,-0.246342
0.883789,48.7947,0.329549
0.884399,48.8283,-0.106195E-01
0.885010,48.8620,-0.597468
0.885620,48.8957,-0.236773
0.886230,48.9294,0.860693E-01
0.886841,48.9631,-0.746966
0.887451,48.9968,-1.40510
0.888062,49.0305,-0.115532
0.888672,49.0642,0.902704E-01
0.889282,49.0979,-0.162091E-01
0.889893,49.1316,-0.251898
0.890503,49.1653,0.217689
0.891113,49.1990,0.950564E-02
0.891724,49.2327,-0.106099
0.892334,49.2664,-0.582964E-02
0.892944,49.3001,0.137678
0.893555,49.3338,-0.103697
0.894165,49.3675,-0.163669E-01
0.894775,49.4012,-0.489466
0.895386,49.4349,0.217697
0.895996,49.4686,0.787454
0.896606,49.5023,-0.191356
0.897217,49.5360,0.459899E-01
0.897827,49.5697,-0.674194E-01
0.898438,49.6034,0.101797
0.899048,49.6371,0.455508
0.899658,49.6708,-0.340313
0.900269,49.7045,0.785479E-01
0.900879,49.7382,0.511592
0.901489,49.7719,0.313546
0.902100,49.8056,0.324729
0.902710,49.8393,-0.245371E-01
0.903320,49.8730,-0.361997
0.903931,49.9067,-0.156411
0.904541,49.9404,0.322100
0.905151,49.9741,0.124516
0.905762,50.0078,0.881245E-01
0.906372,50.0415,-0.434522
0.906982,50.0752,-0.199687
0.907593,50.1089,-0.196627
0.908203,50.1426,-0.224840
0.908813,50.1763,-0.897534
0.909424,50.2100,0.210720
0.910034,50.2437,0.724357E-01
0.910645,50.2774,0.647849E-01
0.911255,50.3111,-0.307319
0.911865,50.3448,0.254193
0.912476,50.3785,0.932477E-01
0.913086,50.4122,0.378623
0.913696,50.4459,-0.873106E-01
0.914307,50.4795,0.728516E-01
0.914917,50.5132,-0.136291
0.915527,50.5469,-0.357569
0.916138,50.5806,-0.829856
0.916748,50.6143,0.126806
0.917358,50.6480,-1.63147
0.917969,50.6817,0.837784E-03
0.918579,50.7154,-0.807544
0.919189,50.7491,0.491135E-01
0.919800,50.7828,-0.236191
0.920410,50.8165,0.533345
0.921021,50.8502,0.449717
0.921631,50.8839,0.398846
0.922241,50.9176,-0.832903E-01
0.922852,50.9513,-0.788512
0.923462,50.9850,0.392597
0.924072,51.0187,0.201354
0.924683,51.0524,-0.125820
0.925293,51.0861,-0.452845
0.925903,51.1198,0.901303E-01
0.926514,51.1535,-0.104169
0.927124,51.1872,0.470152E-02
0.927734,51.2209,0.549231
0.928345,51.2546,0.565039E-01
0.928955,51.2883,0.377414
0.929565,51.3220,-0.325088
0.930176,51.3557,-0.472370
0.930786,51.3894,0.136630
0.931396,51.4231,-0.864539E-02
0.932007,51.4568,0.173174
0.932617,51.4905,-0.180969
0.933228,51.5242,-0.700219
0.933838,51.5579,-0.740354
0.934448,51.5916,-0.413085
0.935059,51.6253,-0.435939
0.935669,51.6590,0.838752E-01
0.936279,51.6927,-0.514444E-01
0.936890,51.7264,-0.799165
0.937500,51.7601,0.633340
0.938110,51.7938,-1.53167
0.938721,51.8275,-0.867136E-01
0.939331,51.8612,0.129742
0.939941,51.8949,0.238164
0.940552,51.9286,-0.277187E-01
0.941162,51.9623,0.647743
0.941772,51.9960,-0.259763
0.942383,52.0297,-0.102341
0.942993,52.0634,-0.717063E-01
0.943604,52.0971,-0.323732
0.944214,52.1307,-0.354757E-01
0.944824,52.1644,-0.372013
0.945435,52.1981,0.200425
0.946045,52.2318,-0.886384
0.946655,52.2655,-0.195198
0.947266,52.2992,-1.19258
0.947876,52.3329,-0.324094
0.948486,52.3666,0.708601
0.949097,52.4003,-1.38663
0.949707,52.4340,-1.91579
0.950317,52.4677,-0.179356
0.950928,52.5014,-0.412820E-01
0.951538,52.5351,0.217158
0.952148,52.5688,0.133926
0.952759,52.6025,0.364822
0.953369,52.6362,-1.97437
0.953979,52.6699,-0.178946
0.954590,52.7036,0.970389E-01
0.955200,52.7373,0.268031
0.955811,52.7710,0.163581
0.956421,52.8047,0.624021
0.957031,52.8384,0.524906
0.957642,52.8721,0.490873
0.958252,52.9058,-0.336051
0.958862,52.9395,0.558112E-01
0.959473,52.9732,0.188492
0.960083,53.0069,-0.114470
0.960693,53.0406,0.388408
0.961304,53.0743,0.279830
0.961914,53.1080,0.859935E-01
0.962524,53.1417,-0.288406
0.963135,53.1754,0.399959
0.963745,53.2091,-0.562084
0.964355,53.2428,-0.245970
0.964966,53.2765,-0.479066
0.965576,53.3102,-0.441391E-01
0.966187,53.3439,-0.289465
0.966797,53.3776,0.210178
0.967407,53.4113,0.173910E-01
0.968018,53.4450,0.596343
0.968628,53.4787,-0.666022
0.969238,53.5124,0.338231
0.969849,53.5461,0.943652E-01
0.970459,53.5798,0.331713
0.971069,53.6135,0.507631
0.971680,53.6472,0.462406
0.972290,53.6809,-0.402602
0.972900,53.7146,0.532500
0.973511,53.7483,0.297021
0.974121,53.7819,0.345499
0.974731,53.8156,0.289597E-01
0.975342,53.8493,0.101863
0.975952,53.8830,0.321852
0.976562,53.9167,0.347405E-01
0.977173,53.9504,0.111490
0.977783,53.9841,0.539555
0.978394,54.0178,0.315364E-01
0.979004,54.0515,0.567794E-01
0.979614,54.0852,0.319072
0.980225,54.1189,0.317543
0.980835,54.1526,0.378130
0.981445,54.1863,-0.427273
0.982056,54.2200,-0.191871
0.982666,54.2537,-0.230516
0.983276,54.2874,0.595400E-01
0.983887,54.3211,-0.156855
0.984497,54.3548,-0.164614
0.985107,54.3885,-0.161267E-01
0.985718,54.4222,0.317993
0.986328,54.4559,0.678389
0.986938,54.4896,-0.178144
0.987549,54.5233,0.382542
0.988159,54.5570,0.125175
0.988770,54.5907,-0.830507E-01
0.989380,54.6244,1.19179
0.989990,54.6581,0.529220
0.990601,54.6918,-0.110320
0.991211,54.7255,0.233100E-01
0.991821,54.7592,0.517819
0.992432,54.7929,-0.306198
0.993042,54.8266,-0.368792
0.993652,54.8603,-0.144336
0.994263,54.8940,-0.590783
0.994873,54.9277,-0.122393
0.995483,54.9614,0.375606
0.996094,54.9951,0.458060
0.996704,55.0288,-0.714026E-01
0.997314,55.0625,0.180325
0.997925,55.0962,0.497990
0.998535,55.1299,-0.610830
0.999146,55.1636,0.136768
0.999756,55.1973,-0.579347
1.00037,55.2310,-0.354943E-01
1.00098,55.2647,0.332030E-01
1.00159,55.2984,-0.825635
1.00220,55.3321,0.192541
1.00281,55.3658,-0.524090
1.00342,55.3995,-0.365734E-01
1.00403,55.4331,-0.266115
1.00464,55.4668,-0.513742E-01
1.00525,55.5005,-0.251680E-01
1.00586,55.5342,-0.326075
1.00647,55.5679,0.129444E-01
1.00708,55.6016,-0.175378
1.00769,55.6353,0.752828E-01
1.00830,55.6690,1.15370
1.00891,55.7027,0.970728E-02
1.00952,55.7364,-0.105472
1.01013,55.7701,-0.738522E-01
1.01074,55.8038,0.205715
1.01135,55.8375,-0.705911E-02
1.01196,55.8712,0.272756
1.01257,55.9049,-0.237548
1.01318,55.9386,0.174346
1.01379,55.9723,-0.310143
1.01440,56.0060,-0.315369E-01
1.01501,56.0397,0.468135
1.01562,56.0734,0.825207E-01
1.01624,56.1071,-0.155311
1.01685,56.1408,-0.886793
1.01746,56.1745,-0.278644
1.01807,56.2082,0.138185
1.01868,56.2419,-0.197175
1.01929,56.2756,-1.42717
1.01990,56.3093,0.523576E-01
1.02051,56.3430,-0.173182
1.02112,56.3767,-0.472147
1.02173,56.4104,-0.799048
1.02234,56.4441,-1.20067
1.02295,56.4778,0.409517E-01
1.02356,56.5115,-0.891683E-01
1.02417,56.5452,0.202839
1.02478,56.5789,0.328051
1.02539,56.6126,-0.211564
1.02600,56.6463,-0.262777
1.02661,56.6800,0.349538
1.02722,56.7137,-0.412157E-01
1.02783,56.7474,0.169343
1.02844,56.7811,-0.149816E-01
1.02905,56.8148,-0.118623
1.02966,56.8485,-0.397263E-01
1.03027,56.8822,-0.210983
1.03088,56.9159,-0.240651
1.03149,56.9496,0.116342
1.03210,56.9833,-1.28137
1.03271,57.0170,-0.454306
1.03333,57.0507,0.361734
1.03394,57.0844,-0.166158
1.03455,57.1180,0.305619
1.03516,57.1517,0.228138
1.03577,57.1854,0.944097E-01
1.03638,57.2191,0.241981
1.03699,57.2528,-1.09644
1.03760,57.2865,-0.276527E-01
1.03821,57.3202,0.165074
1.03882,57.3539,0.137188
1.03943,57.3876,-0.500790
1.04004,57.4213,-0.250174
1.04065,57.4550,0.102357
1.04126,57.4887,-0.131848
1.04187,57.5224,-0.124389
1.04248,57.5561,0.297483E-02
1.04309,57.5898,0.105600
1.04370,57.6235,-0.738570E-04
1.04431,57.6572,-0.122090
1.04492,57.6909,0.449746
1.04553,57.7246,0.735857E-01
1.04614,57.7583,-0.132664
1.04675,57.7920,0.290401
1.04736,57.8257,-0.304743E-01
1.04797,57.8594,-1.25032
1.04858,57.8931,-0.376247
1.04919,57.9268,-0.216510E-01
1.04980,57.9605,-0.278805
1.05042,57.9942,0.372990
1.05103,58.0279,0.197501
1.05164,58.0616,0.236207
1.05225,58.0953,-0.260473
1.05286,58.1290,-0.550023E-02
1.05347,58.1627,-0.683311E-01
1.05408,58.1964,-0.146210E-01
1.05469,58.2301,0.374321
1.05530,58.2638,0.924080E-01
1.05591,58.2975,-0.823981E-01
1.05652,58.3312,-0.159386
1.05713,58.3649,0.311089E-01
1.05774,58.3986,-0.355604
1.05835,58.4323,0.149086
1.05896,58.4660,-0.114134
1.05957,58.4997,0.169970
1.06018,58.5334,-0.673141
1.06079,58.5671,-0.132717
1.06140,58.6008,-0.557912E-01
1.06201,58.6345,0.736916E-02
1.06262,58.6682,-0.187251
1.06323,58.7019,0.268725
1.06384,58.7356,0.249573
1.06445,58.7692,-0.475412
1.06506,58.8029,-0.302823
1.06567,58.8366,-0.544199
1.06628,58.8703,1.06483
1.06689,58.9040,-0.521947E-01
1.06750,58.9377,0.115597
1.06812,58.9714,0.285796
1.06873,59.0051,0.141563
1.06934,59.0388,-0.341820
1.06995,59.0725,-0.607670
1.07056,59.1062,-0.345692E-01
1.07117,59.1399,0.109475
1.07178,59.1736,-0.418401
1.07239,59.2073,0.946523E-01
1.07300,59.2410,-0.112112
1.07361,59.2747,0.846004E-01
1.07422,59.3084,0.119203
1.07483,59.3421,0.601330E-02
1.07544,59.3758,0.372054
1.07605,59.4095,-1.08816
1.07666,59.4432,0.107686
1.07727,59.4769,-0.287626
1.07788,59.5106,0.903878E-01
1.07849,59.5443,-1.16157
1.07910,59.5780,0.227435
1.07971,59.6117,-0.232883
1.08032,59.6454,-0.690432
1.08093,59.6791,-0.201145
1.08154,59.7128,-0.552710E-01
1.08215,59.7465,0.164532
1.08276,59.7802,-0.792223E-01
1.08337,59.8139,-0.736561
1.08398,59.8476,0.471785E-01
1.08459,59.8813,0.176834
1.08521,59.9150,0.298701
1.08582,59.9487,0.250464
1.08643,59.9824,-0.277668
1.08704,60.0161,0.114483
1.08765,60.0498,-0.407641E-01
1.08826,60.0835,1.22265
1.08887,60.1172,-0.354174
1.08948,60.1509,-0.396513
1.09009,60.1846,-0.641538
1.09070,60.2183,0.310945
1.09131,60.2520,0.838355E-01
1.09192,60.2857,0.119712
1.09253,60.3194,0.163395
1.09314,60.3531,-0.590768
1.09375,60.3868,0.366688
1.09436,60.4204,-0.256798
1.09497,60.4541,-0.607756E-01
1.09558,60.4878,-1.01472
1.09619,60.5215,-0.501029E-01
1.09680,60.5552,-0.197079E-01
1.09741,60.5889,0.311714E-01
1.09802,60.6226,-0.524457
1.09863,60.6563,-0.137175
1.09924,60.6900,-0.351332
1.09985,60.7237,-0.670216
1.10046,60.7574,0.544698
1.10107,60.7911,-0.369950E-01
1.10168,60.8248,0.183026
1.10229,60.8585,-0.146491
1.10291,60.8922,-0.781382E-01
1.10352,60.9259,0.208469
1.10413,60.9596,0.580396E-01
1.10474,60.9933,0.234017
1.10535,61.0270,0.143982
1.10596,61.0607,0.156230
1.10657,61.0944,-0.151813
1.10718,61.1281,0.351888E-02
1.10779,61.1618,-0.198079
1.10840,61.1955,0.257277
1.10901,61.2292,-0.122719E-01
1.10962,61.2629,-0.565667
1.11023,61.2966,1.04580
1.11084,61.3303,0.137401
1.11145,61.3640,-0.475129
1.11206,61.3977,-0.785683E-01
1.11267,61.4314,-0.249140
1.11328,61.4651,-0.120588
1.11389,61.4988,-1.72069
1.11450,61.5325,0.400648
1.11511,61.5662,0.515354E-01
1.11572,61.5999,-0.287295
1.11633,61.6336,0.609363E-01
1.11694,61.6673,-0.875753
1.11755,61.7010,-0.996948
1.11816,61.7347,0.231753
1.11877,61.7684,-0.935535
1.11938,61.8021,-0.191739
1.12000,61.8358,-0.148963
1.12061,61.8695,0.369563
1.12122,61.9032,-0.481211E-02
1.12183,61.9369,0.266427E-01
1.12244,61.9706,0.213903
1.12305,62.0043,0.221498
1.12366,62.0380,-0.438073
1.12427,62.0716,0.729085E-03
1.12488,62.1053,0.482963E-01
1.12549,62.1390,0.136556
1.12610,62.1727,-0.250029
1.12671,62.2064,0.654919
1.12732,62.2401,0.729011
1.12793,62.2738,0.347133
1.12854,62.3075,-0.161665
1.12915,62.3412,0.925583
1.12976,62.3749,0.204532
1.13037,62.4086,-0.107262E-01
1.13098,62.4423,-0.237864
1.13159,62.4760,-0.429838
1.13220,62.5097,0.778032E-01
1.13281,62.5434,-0.130711
1.13342,62.5771,0.365747
1.13403,62.6108,-0.301269
1.13464,62.6445,-0.125922
1.13525,62.6782,1.02897
1.13586,62.7119,-0.108849
1.13647,62.7456,-0.192105
1.13708,62.7793,-0.247757
1.13770,62.8130,0.227316
1.13831,62.8467,-0.215681
1.13892,62.8804,0.813855
1.13953,62.9141,0.256094E-01
1.14014,62.9478,0.137455
1.14075,62.9815,-0.257960
1.14136,63.0152,0.807152E-01
1.14197,63.0489,-1.19854
1.14258,63.0826,-0.944389E-01
1.14319,63.1163,-0.173788
1.14380,63.1500,0.131244
1.14441,63.1837,-0.363867
1.14502,63.2174,-0.371346
1.14563,63.2511,0.548427
1.14624,63.2848,0.905163E-01
1.14685,63.3185,1.17164
1.14746,63.3522,0.122698
1.14807,63.3859,-0.432261
1.14868,63.4196,-0.207848E-01
1.14929,63.4533,-0.252082
1.14990,63.4870,-0.526935
1.15051,63.5207,-0.442455
1.15112,63.5544,-1.32266
1.15173,63.5881,-0.991000
1.15234,63.6218,0.741923
1.15295,63.6555,-1.25214
1.15356,63.6892,0.689644E-01
1.15417,63.7228,-0.166319
1.15479,63.7565,-0.128069
1.15540,63.7902,-0.658290
1.15601,63.8239,-0.301817
1.15662,63.8576,-0.764707
1.15723,63.8913,-0.231204
1.15784,63.9250,0.134405
1.15845,63.9587,-0.276362
1.15906,63.9924,0.348212E-01
1.15967,64.0261,-0.100425
1.16028,64.0598,-0.796594
1.16089,64.0935,-0.118236
1.16150,64.1272,0.350485
1.16211,64.1609,-0.163961E-01
1.16272,64.1946,-0.289439
1.16333,64.2283,0.284254
1.16394,64.2620,0.627196E-01
1.16455,64.2957,-0.516157
1.16516,64.3294,-0.425639
1.16577,64.3631,-0.154237
1.16638,64.3968,0.461188E-01
1.16699,64.4305,-0.219114
1.16760,64.4642,0.256028
1.16821,64.4979,-0.188307
1.16882,64.5316,0.205078
1.16943,64.5653,0.405905
1.17004,64.5990,0.405097
1.17065,64.6327,0.141096
1.17126,64.6664,0.263830
1.17188,64.7001,0.144480
1.17249,64.7338,-0.325061
1.17310,64.7675,0.502987
1.17371,64.8012,-0.310017
1.17432,64.8349,-0.240634
1.17493,64.8686,-0.104125
1.17554,64.9023,-0.317657
1.17615,64.9360,-1.41873
1.17676,64.9697,0.415894E-01
1.17737,65.0034,0.281673
1.17798,65.0371,0.285996
1.17859,65.0708,0.103203
1.17920,65.1045,-0.295576
1.17981,65.1382,-1.12090
1.18042,65.1719,0.674774E-01
1.18103,65.2056,-0.567521
1.18164,65.2393,-1.17614
1.18225,65.2730,-0.196694E-01
1.18286,65.3067,-0.670857
1.18347,65.3404,-0.863612
1.18408,65.3740,-0.132113
1.18469,65.4077,-0.745538
1.18530,65.4414,-0.142482
1.18591,65.4751,-0.155082
1.18652,65.5088,0.266927
1.18713,65.5425,-0.175148
1.18774,65.5762,0.495399E-01
1.18835,65.6099,-1.60857
1.18896,65.6436,0.735178E-02
1.18958,65.6773,0.513803
1.19019,65.7110,-0.302810
1.19080,65.7447,0.607600E-01
1.19141,65.7784,0.644929
1.19202,65.8121,0.518866
1.19263,65.8458,0.121457
1.19324,65.8795,-0.201820E-01
1.19385,65.9132,0.256683
1.19446,65.9469,-0.186312
1.19507,65.9806,-0.151931
1.19568,66.0143,0.536965E-01
1.19629,66.0480,0.516362E-01
1.19690,66.0817,-0.695700
1.19751,66.1154,0.554971E-01
1.19812,66.1491,-0.494995
1.19873,66.1828,0.338266
1.19934,66.2165,-0.686848
1.19995,66.2502,0.213745
1.20056,66.2839,0.164151E-01
1.20117,66.3176,0.111757
1.20178,66.3513,-0.327145
1.20239,66.3850,-0.699680E-01
1.20300,66.4187,0.579355
1.20361,66.4524,0.415245
1.20422,66.4861,0.938807
1.20483,66.5198,0.324955
1.20544,66.5535,-0.413275
1.20605,66.5872,-0.673522
1.20667,66.6209,-0.286559
1.20728,66.6546,0.180229E-01
1.20789,66.6883,-0.131998
1.20850,66.7220,-0.281963E-01
1.20911,66.7557,0.110030
1.20972,66.7894,0.695961
1.21033,66.8231,0.191118
1.21094,66.8568,0.346076
1.21155,66.8905,0.286621
1.21216,66.9242,-0.308356
1.21277,66.9579,0.651160E-01
1.21338,66.9916,0.377889
1.21399,67.0252,0.123579E-01
1.21460,67.0589,0.285197
1.21521,67.0926,0.256541E-01
1.21582,67.1263,-0.217647
1.21643,67.1600,0.316886
1.21704,67.1937,-0.162291
1.21765,67.2274,0.412931E-01
1.21826,67.2611,0.326494E-02
1.21887,67.2948,-0.338775
1.21948,67.3285,0.525562E-01
1.22009,67.3622,-0.322313
1.22070,67.3959,-0.192127
1.22131,67.4296,0.836549E-01
1.22192,67.4633,0.184440
1.22253,67.4970,-0.105138
1.22314,67.5307,0.293733
1.22375,67.5644,-0.496830E-01
1.22437,67.5981,-0.132012E-01
1.22498,67.6318,0.200656
1.22559,67.6655,-0.649370E-01
1.22620,67.6992,-0.117312
1.22681,67.7329,0.216471
1.22742,67.7666,-1.25416
1.22803,67.8003,0.161715E-01
1.22864,67.8340,0.431915
1.22925,67.8677,0.253840
1.22986,67.9014,0.166977
1.23047,67.9351,-0.362046
1.23108,67.9688,0.140920
1.23169,68.0025,-0.204267
1.23230,68.0362,0.115490
1.23291,68.0699,0.396469
1.23352,68.1036,0.251077
1.23413,68.1373,0.138821
1.23474,68.1710,-0.578321
1.23535,68.2047,0.621521
1.23596,68.2384,-0.771094
1.23657,68.2721,0.253857
1.23718,68.3058,0.369139E-01
1.23779,68.3395,-0.101750
1.23840,68.3732,0.332012E-01
1.23901,68.4069,-0.987808
1.23962,68.4406,0.110883
1.24023,68.4743,0.949491E-01
1.24084,68.5080,-0.159210
1.24146,68.5417,-0.217355
1.24207,68.5754,-0.261536E-01
1.24268,68.6091,-0.661955
1.24329,68.6428,-0.471605E-01
1.24390,68.6764,-0.868350E-01
1.24451,68.7101,-0.241723E-01
1.24512,68.7438,0.127720
1.24573,68.7775,-0.373004
1.24634,68.8112,-0.210858
1.24695,68.8449,-0.748203E-02
1.24756,68.8786,0.121384
1.24817,68.9123,-0.312735
1.24878,68.9460,-0.411169
1.24939,68.9797,-0.268493
1.25000,69.0134,-0.661397E-01
1.25061,69.0471,-0.165729
1.25122,69.0808,0.196196
1.25183,69.1145,-0.116136E-01
1.25244,69.1482,-0.141053E-01
1.25305,69.1819,0.244035E-02
1.25366,69.2156,-0.494515E-01
1.25427,69.2493,0.141376E-01
1.25488,69.2830,0.325992
1.25549,69.3167,-0.100146
1.25610,69.3504,-0.200493
1.25671,69.3841,0.114805
1.25732,69.4178,-0.252209E-01
1.25793,69.4515,0.555479E-01
1.25854,69.4852,-0.721751E-01
1.25916,69.5189,-0.551078
1.25977,69.5526,-0.375069
1.26038,69.5863,-0.456911
1.26099,69.6200,0.288422
1.26160,69.6537,-0.228447
1.26221,69.6874,-0.160968
1.26282,69.7211,-0.710492E-01
1.26343,69.7548,0.548607
1.26404,69.7885,0.241897
1.26465,69.8222,-0.625024E-02
1.26526,69.8559,0.123763
1.26587,69.8896,-0.342260
1.26648,69.9233,-0.673840
1.26709,69.9570,0.750822
1.26770,69.9907,-0.241437
1.26831,70.0244,-0.267172E-01
1.26892,70.0581,0.108129E-01
1.26953,70.0918,0.328931
1.27014,70.1255,-0.211103E-01
1.27075,70.1592,0.419548E-01
1.27136,70.1929,-0.350785
1.27197,70.2266,0.532612E-01
1.27258,70.2603,-0.322783
1.27319,70.2940,-0.693530
1.27380,70.3276,-0.892598E-01
1.27441,70.3613,-0.470405
1.27502,70.3950,-0.123366
1.27563,70.4287,-0.289087
1.27625,70.4624,0.471285E-01
1.27686,70.4961,0.200750
1.27747,70.5298,-0.138370
1.27808,70.5635,-0.174096E-01
1.27869,70.5972,-0.261471
1.27930,70.6309,0.291386
1.27991,70.6646,0.648106E-01
1.28052,70.6983,-0.187754
1.28113,70.7320,-0.748064E-01
1.28174,70.7657,0.355584E-01
1.28235,70.7994,-0.129147
1.28296,70.8331,-0.854959
1.28357,70.8668,-0.346816
1.28418,70.9005,-0.590354
1.28479,70.9342,0.366277
1.28540,70.9679,0.458505
1.28601,71.0016,0.262074
1.28662,71.0353,0.428737
1.28723,71.0690,-0.963165E-01
1.28784,71.1027,-0.784597
1.28845,71.1364,-0.883674
1.28906,71.1701,-0.943530E-01
1.28967,71.2038,0.248934E-01
1.29028,71.2375,0.252353
1.29089,71.2712,0.178218
1.29150,71.3049,-0.279305
1.29211,71.3386,-0.129185
1.29272,71.3723,-0.257624E-01
1.29333,71.4060,-0.144564E-01
1.29395,71.4397,0.382357E-01
1.29456,71.4734,-0.132883
1.29517,71.5071,-0.143376
1.29578,71.5408,-0.536563
1.29639,71.5745,0.234245
1.29700,71.6082,-0.410819
1.29761,71.6419,0.249795
1.29822,71.6756,0.292923
1.29883,71.7093,0.874379
1.29944,71.7430,0.534479E-01
1.30005,71.7767,-0.893845E-01
1.30066,71.8104,0.136590
1.30127,71.8441,-0.149476
1.30188,71.8778,-0.102755
1.30249,71.9115,0.744221E-01
1.30310,71.9452,0.215380
1.30371,71.9788,0.219176
1.30432,72.0125,-0.293471
1.30493,72.0462,-0.199795
1.30554,72.0799,0.406745
1.30615,72.1136,0.142074
1.30676,72.1473,-0.404262
1.30737,72.1810,0.648025E-01
1.30798,72.2147,-0.152335E-01
1.30859,72.2484,0.281006E-01
1.30920,72.2821,0.127433E-01
1.30981,72.3158,0.817931E-01
1.31042,72.3495,-0.532358E-01
1.31104,72.3832,0.507469E-01
1.31165,72.4169,0.242551
1.31226,72.4506,0.548242
1.31287,72.4843,-0.416540E-01
1.31348,72.5180,-0.275886E-01
1.31409,72.5517,-0.819013E-01
1.31470,72.5854,0.104831
1.31531,72.6191,-0.103470
1.31592,72.6528,-0.462796
1.31653,72.6865,0.243107
1.31714,72.7202,-0.415385E-01
1.31775,72.7539,-0.306116
1.31836,72.7876,-0.752323
1.31897,72.8213,-0.202526
1.31958,72.8550,-0.466865
1.32019,72.8887,-0.564076
1.32080,72.9224,-0.269088E-01
1.32141,72.9561,0.214621E-01
1.32202,72.9898,-0.852248
1.32263,73.0235,0.208986
1.32324,73.0572,-0.292784E-01
1.32385,73.0909,0.324731
1.32446,73.1246,-0.288968
1.32507,73.1583,-0.112870
1.32568,73.1920,-0.203786
1.32629,73.2257,-0.909488E-01
1.32690,73.2594,0.268004
1.32751,73.2931,-0.251841E-02
1.32812,73.3268,-0.300636
1.32874,73.3605,-0.736981
1.32935,73.3942,-0.241307
1.32996,73.4279,-0.520781E-01
1.33057,73.4616,-1.05261
1.33118,73.4953,-0.831547
1.33179,73.5290,0.762699E-01
1.33240,73.5627,0.126268
1.33301,73.5964,0.828972E-01
1.33362,73.6301,-0.205124
1.33423,73.6637,0.464346
1.33484,73.6974,0.469567
1.33545,73.7311,0.155878E-01
1.33606,73.7648,-0.544554E-01
1.33667,73.7985,0.704747E-01
1.33728,73.8322,-0.790581E-01
1.33789,73.8659,0.193137
1.33850,73.8996,-0.148228
1.33911,73.9333,-0.384734
1.33972,73.9670,0.337658
1.34033,74.0007,-0.214869
1.34094,74.0344,0.534367E-01
1.34155,74.0681,0.225861
1.34216,74.1018,-0.285849
1.34277,74.1355,0.447364E-01
1.34338,74.1692,0.143136
1.34399,74.2029,-0.505759E-01
1.34460,74.2366,-0.162950
1.34521,74.2703,-0.122870E-01
1.34583,74.3040,0.267712
1.34644,74.3377,0.575411E-01
1.34705,74.3714,-0.579735
1.34766,74.4051,0.144401
1.34827,74.4388,-0.624193E-01
1.34888,74.4725,-0.591815E-01
1.34949,74.5062,0.421141
1.35010,74.5399,-0.104250
1.35071,74.5736,0.427855
1.35132,74.6073,-0.864520E-01
1.35193,74.6410,0.203458
1.35254,74.6747,0.371747E-02
1.35315,74.7084,-0.481670
1.35376,74.7421,-0.696406
1.35437,74.7758,-0.124639
1.35498,74.8095,-0.599453E-03
1.35559,74.8432,-0.188368E-01
1.35620,74.8769,-0.196673
1.35681,74.9106,-0.720219E-01
1.35742,74.9443,0.933774E-01
1.35803,74.9780,-0.420804
1.35864,75.0117,-0.104829
1.35925,75.0454,0.920407E-01
1.35986,75.0791,-0.199432
1.36047,75.1128,0.285344E-01
1.36108,75.1465,-0.139261
1.36169,75.1802,0.166677
1.36230,75.2139,-0.170850E-01
1.36292,75.2476,-0.608718
1.36353,75.2813,-0.408634
1.36414,75.3149,-0.179115E-02
1.36475,75.3486,0.526209E-02
1.36536,75.3823,-0.970741E-01
1.36597,75.4160,-0.842140
1.36658,75.4497,0.328543
1.36719,75.4834,-0.386470
1.36780,75.5171,0.278745
1.36841,75.5508,0.761467E-01
1.36902,75.5845,0.341092
1.36963,75.6182,0.247798
1.37024,75.6519,-0.404785
1.37085,75.6856,-1.23266
1.37146,75.7193,-0.558400
1.37207,75.7530,0.310241
1.37268,75.7867,-0.415484E-01
1.37329,75.8204,0.119937E-01
1.37390,75.8541,0.542776
1.37451,75.8878,0.192229
1.37512,75.9215,0.153374E-01
1.37573,75.9552,0.234565
1.37634,75.9889,0.416031E-01
1.37695,76.0226,0.760404E-01
1.37756,76.0563,0.579519
1.37817,76.0900,0.252168
1.37878,76.1237,0.522824
1.37939,76.1574,0.629156
1.38000,76.1911,-0.903985
1.38062,76.2248,-0.285468
1.38123,76.2585,0.282334
1.38184,76.2922,0.509281
1.38245,76.3259,0.127496
1.38306,76.3596,0.388415
1.38367,76.3933,-0.730716
1.38428,76.4270,0.471300E-01
1.38489,76.4607,-0.229448
1.38550,76.4944,0.718068E-02
1.38611,76.5281,0.563856E-01
1.38672,76.5618,-0.566020
1.38733,76.5955,0.303992
1.38794,76.6292,-0.254493
1.38855,76.6629,-0.612069E-01
1.38916,76.6966,-1.20632
1.38977,76.7303,-0.125725
1.39038,76.7640,0.262785
1.39099,76.7977,0.430007E-01
1.39160,76.8314,-0.615567E-01
1.39221,76.8651,-0.254530E-01
1.39282,76.8988,0.295463
1.39343,76.9325,-0.759132
1.39404,76.9661,-0.412699
1.39465,76.9998,0.387135
1.39526,77.0335,0.497551
1.39587,77.0672,-0.193580
1.39648,77.1009,-0.764145
1.39709,77.1346,-1.08539
1.39771,77.1683,0.572494E-01
1.39832,77.2020,-0.572992
1.39893,77.2357,-0.870880
1.39954,77.2694,0.208340
1.40015,77.3031,-0.344326
1.40076,77.3368,0.263536
1.40137,77.3705,0.239166
1.40198,77.4042,-0.609004
1.40259,77.4379,-0.826897E-01
1.40320,77.4716,-0.467502E-01
1.40381,77.5053,0.166696
1.40442,77.5390,-0.825651
1.40503,77.5727,0.167006
1.40564,77.6064,0.855144E-01
1.40625,77.6401,0.211282
1.40686,77.6738,-0.138440
1.40747,77.7075,0.298927E-01
1.40808,77.7412,0.373992E-01
1.40869,77.7749,0.330430E-01
1.40930,77.8086,-0.814124E-01
1.40991,77.8423,-0.618436
1.41052,77.8760,-0.105026
1.41113,77.9097,0.652005
1.41174,77.9434,0.367633E-01
1.41235,77.9771,0.798557E-01
1.41296,78.0108,0.804969
1.41357,78.0445,0.994842
1.41418,78.0782,0.258044E-01
1.41479,78.1119,-0.474590
1.41541,78.1456,-0.388250
1.41602,78.1793,-0.309694
1.41663,78.2130,-0.377823
1.41724,78.2467,0.424206
1.41785,78.2804,0.983685E-01
1.41846,78.3141,-0.364519E-01
1.41907,78.3478,-0.194282
1.41968,78.3815,0.112259E-01
1.42029,78.4152,-0.310483
1.42090,78.4489,0.603977E-01
1.42151,78.4826,1.16022
1.42212,78.5163,-0.994538
1.42273,78.5500,-0.132871E-01
1.42334,78.5837,-0.163256
1.42395,78.6173,-0.647446
1.42456,78.6510,-0.569450E-01
1.42517,78.6847,-0.672003E-01
1.42578,78.7184,-0.134741
1.42639,78.7521,-0.202753E-01
1.42700,78.7858,-0.977574
1.42761,78.8195,-0.354506
1.42822,78.8532,0.902070
1.42883,78.8869,0.139758
1.42944,78.9206,-0.233100E-01
1.43005,78.9543,0.537880
1.43066,78.9880,0.183859
1.43127,79.0217,-0.469968
1.43188,79.0554,-0.158485
1.43250,79.0891,0.767008
1.43311,79.1228,-0.135633
1.43372,79.1565,0.132046
1.43433,79.1902,0.617352
1.43494,79.2239,0.122204
1.43555,79.2576,-0.479299
1.43616,79.2913,0.158885
1.43677,79.3250,0.467256
1.43738,79.3587,-1.79710
1.43799,79.3924,-0.254935
1.43860,79.4261,0.702633E-01
1.43921,79.4598,0.101537
1.43982,79.4935,-0.173100E-01
1.44043,79.5272,0.698926E-01
1.44104,79.5609,-0.961738E-01
1.44165,79.5946,0.119887
1.44226,79.6283,-0.426331
1.44287,79.6620,-0.386872
1.44348,79.6957,0.149249
1.44409,79.7294,0.212368E-01
1.44470,79.7631,-0.234340
1.44531,79.7968,-1.18036
1.44592,79.8305,0.427191E-01
1.44653,79.8642,-0.444174
1.44714,79.8979,-0.140203E-01
1.44775,79.9316,0.112415
1.44836,79.9653,-0.793149E-01
1.44897,79.9990,-0.833029E-01
1.44958,80.0327,0.351874
1.45020,80.0664,-0.447390
1.45081,80.1001,0.128335
1.45142,80.1338,-0.136917
1.45203,80.1675,-0.627113E-01
1.45264,80.2012,-0.577441
1.45325,80.2349,-0.677743
1.45386,80.2685,-0.335711
1.45447,80.3022,0.207873
1.45508,80.3359,0.215968
1.45569,80.3696,-0.306188
1.45630,80.4033,-0.924789E-01
1.45691,80.4370,0.819808
1.45752,80.4707,0.372064
1.45813,80.5044,0.323397
1.45874,80.5381,0.504629E-03
1.45935,80.5718,-0.308508
1.45996,80.6055,-0.271081
1.46057,80.6392,0.119020
1.46118,80.6729,-0.358448
1.46179,80.7066,0.466343
1.46240,80.7403,-0.361703
1.46301,80.7740,-0.257981E-01
1.46362,80.8077,-0.275430
1.46423,80.8414,-0.945796E-01
1.46484,80.8751,-0.115312
1.46545,80.9088,0.331092
1.46606,80.9425,0.886187E-01
1.46667,80.9762,0.116173
1.46729,81.0099,-0.459221E-01
1.46790,81.0436,0.346997
1.46851,81.0773,-0.115083
1.46912,81.1110,0.526677
1.46973,81.1447,-0.433382E-01
1.47034,81.1784,-0.885826E-01
1.47095,81.2121,-0.540663E-01
1.47156,81.2458,0.264322E-01
1.47217,81.2795,-0.512357E-02
1.47278,81.3132,0.121314
1.47339,81.3469,0.383921
1.47400,81.3806,-0.233302
1.47461,81.4143,0.376319E-01
1.47522,81.4480,0.151618
1.47583,81.4817,-0.448665E-03
1.47644,81.5154,-0.172787
1.47705,81.5491,0.535086
1.47766,81.5828,-0.323693
1.47827,81.6165,0.943329
1.47888,81.6502,0.425323E-03
1.47949,81.6839,-0.570946
1.48010,81.7176,-0.285242
1.48071,81.7513,-0.369520
1.48132,81.7850,-0.575699
1.48193,81.8187,0.918530E-01
1.48254,81.8524,-0.670358
1.48315,81.8861,-0.146861
1.48376,81.9197,-0.112079
1.48438,81.9534,-0.251536
1.48499,81.9871,0.739686E-01
1.48560,82.0208,0.127860
1.48621,82.0545,0.143798
1.48682,82.0882,0.208313
1.48743,82.1219,0.919408E-01
1.48804,82.1556,-0.411501
1.48865,82.1893,-0.717558
1.48926,82.2230,-0.100630
1.48987,82.2567,-0.462155
1.49048,82.2904,0.465245E-01
1.49109,82.3241,0.166468
1.49170,82.3578,0.288209E-01
1.49231,82.3915,0.441067E-01
1.49292,82.4252,0.365045
1.49353,82.4589,-0.386873
1.49414,82.4926,0.239250
1.49475,82.5263,-0.251030
1.49536,82.5600,0.762168
1.49597,82.5937,-0.211043
1.49658,82.6274,0.332916
1.49719,82.6611,0.367341
1.49780,82.6948,0.293239E-01
1.49841,82.7285,0.944681E-01
1.49902,82.7622,0.162558
1.49963,82.7959,0.165532
1.50024,82.8296,-0.203627
1.50085,82.8633,-0.654570
1.50146,82.8970,0.121363
1.50208,82.9307,-0.289282
1.50269,82.9644,0.118680E-01
1.50330,82.9981,-0.451629
1.50391,83.0318,-0.116491
1.50452,83.0655,0.136081
1.50513,83.0992,0.374587
1.50574,83.1329,-0.627222
1.50635,83.1666,-0.667725
1.50696,83.2003,-0.166166E-01
1.50757,83.2340,-1.58238
1.50818,83.2677,0.444310
1.50879,83.3014,-0.858929E-01
1.50940,83.3351,0.128117
1.51001,83.3688,-0.235159
1.51062,83.4025,-0.215577
1.51123,83.4362,-0.848481E-01
1.51184,83.4699,-0.176804
1.51245,83.5036,-0.275668E-01
1.51306,83.5373,-0.318012
1.51367,83.5709,-0.438319E-01
1.51428,83.6046,-0.375152
1.51489,83.6383,-0.255119
1.51550,83.6720,-0.803712
1.51611,83.7057,0.660694
1.51672,83.7394,0.444498
1.51733,83.7731,0.604034
1.51794,83.8068,0.309457E-01
1.51855,83.8405,-0.233275
1.51917,83.8742,-0.828172E-01
1.51978,83.9079,-0.579118
1.52039,83.9416,0.262414
1.52100,83.9753,0.484379
1.52161,84.0090,-0.374860E-01
1.52222,84.0427,1.09499
1.52283,84.0764,0.597686
1.52344,84.1101,0.133343E-01
1.52405,84.1438,-0.992289E-01
1.52466,84.1775,-0.228384
1.52527,84.2112,0.325424E-01
1.52588,84.2449,-0.292508E-02
1.52649,84.2786,0.107597
1.52710,84.3123,0.296561
1.52771,84.3460,0.169828
1.52832,84.3797,0.123631
1.52893,84.4134,-0.753288E-01
1.52954,84.4471,-0.773060
1.53015,84.4808,-0.525737
1.53076,84.5145,-0.129630
1.53137,84.5482,-0.186451
1.53198,84.5819,0.519414
1.53259,84.6156,-0.504495E-01
1.53320,84.6493,-0.102572
1.53381,84.6830,-0.681581
1.53442,84.7167,-0.338214
1.53503,84.7504,0.120517E-01
1.53564,84.7841,0.529521E-01
1.53625,84.8178,0.637329
1.53687,84.8515,-0.201640
1.53748,84.8852,-0.954558
1.53809,84.9189,0.761594E-01
1.53870,84.9526,0.473684
1.53931,84.9863,-0.270218E-01
1.53992,85.0200,0.634761
1.54053,85.0537,-0.107456
1.54114,85.0874,-0.423817
1.54175,85.1211,-0.169802E-01
1.54236,85.1548,-0.222405
1.54297,85.1885,-0.611749
1.54358,85.2221,0.472650
1.54419,85.2558,-0.130037
1.54480,85.2895,0.128892
1.54541,85.3232,-0.386042
1.54602,85.3569,-0.184823E-01
1.54663,85.3906,-0.879626E-01
1.54724,85.4243,-0.867854E-01
1.54785,85.4580,0.122470E-01
1.54846,85.4917,0.234746
1.54907,85.5254,-0.228568
1.54968,85.5591,-0.827504E-01
1.55029,85.5928,0.130173
1.55090,85.6265,0.520211
1.55151,85.6602,-0.450618E-01
1.55212,85.6939,0.706723E-01
1.55273,85.7276,-0.198351
1.55334,85.7613,-0.142576
1.55396,85.7950,-0.141117
1.55457,85.8287,0.529129
1.55518,85.8624,0.793026E-01
1.55579,85.8961,0.768014E-01
1.55640,85.9298,0.318149
1.55701,85.9635,-0.138370
1.55762,85.9972,0.317243
1.55823,86.0309,0.629059E-02
1.55884,86.0646,0.458431E-02
1.55945,86.0983,-0.496380
1.56006,86.1320,0.509277
1.56067,86.1657,-0.213134
1.56128,86.1994,-0.254921
1.56189,86.2331,-0.290932
1.56250,86.2668,-0.372572
1.56311,86.3005,-0.308958E-02
1.56372,86.3342,-0.480273E-01
1.56433,86.3679,0.640810E-01
1.56494,86.4016,-0.216711
1.56555,86.4353,0.911711E-01
1.56616,86.4690,-0.154117
1.56677,86.5027,0.606456
1.56738,86.5364,0.333917
1.56799,86.5701,0.691108E-01
1.56860,86.6038,-0.245223
1.56921,86.6375,-0.157418
1.56982,86.6712,-1.21516
1.57043,86.7049,-0.716626
1.57104,86.7386,-0.126972
1.57166,86.7723,-0.272905E-01
1.57227,86.8060,0.187876E-01
1.57288,86.8397,0.610403E-01
1.57349,86.8733,0.116625
1.57410,86.9070,-0.651962E-01
1.57471,86.9407,0.907016
1.57532,86.9744,0.954456E-03
1.57593,87.0081,0.264023E-01
1.57654,87.0418,-0.578552E-01
1.57715,87.0755,0.708890
1.57776,87.1092,-0.373956
1.57837,87.1429,-0.302572
1.57898,87.1766,0.210861E-01
1.57959,87.2103,-0.509412E-01
1.58020,87.2440,0.129101
1.58081,87.2777,0.162602E-01
1.58142,87.3114,-0.201398
1.58203,87.3451,-0.535276
1.58264,87.3788,-0.626720
1.58325,87.4125,0.109588
1.58386,87.4462,-0.803888E-02
1.58447,87.4799,0.457121
1.58508,87.5136,-0.478097E-01
1.58569,87.5473,-0.429606E-01
1.58630,87.5810,-0.187964
1.58691,87.6147,0.238596
1.58752,87.6484,-0.256988
1.58813,87.6821,-0.149862E-02
1.58875,87.7158,-1.15069
1.58936,87.7495,-0.154970
1.58997,87.7832,-0.244646
1.59058,87.8169,0.500003
1.59119,87.8506,0.295362
1.59180,87.8843,0.506137E-01
1.59241,87.9180,-0.741099E-01
1.59302,87.9517,-0.756911E-01
1.59363,87.9854,-0.222829
1.59424,88.0191,0.422226E-01
1.59485,88.0528,-0.198616
1.59546,88.0865,-0.264929
1.59607,88.1202,-0.331241
1.59668,88.1539,-0.126466E-01
1.59729,88.1876,0.656225E-01
1.59790,88.2213,-0.402892
1.59851,88.2550,0.384137
1.59912,88.2887,0.179407
1.59973,88.3224,-0.195538
1.60034,88.3561,-0.142587
1.60095,88.3898,0.233077
1.60156,88.4235,-0.810428E-01
1.60217,88.4572,-0.398670E-01
1.60278,88.4909,0.213967
1.60339,88.5246,-0.182567E-01
1.60400,88.5582,-0.672739E-01
1.60461,88.5919,-0.495742E-01
1.60522,88.6256,-0.778532E-01
1.60583,88.6593,-0.122037
1.60645,88.6930,-0.545072
1.60706,88.7267,-0.295373
1.60767,88.7604,0.116601
1.60828,88.7941,0.120000
1.60889,88.8278,0.234637
1.60950,88.8615,-0.266576E-01
1.61011,88.8952,0.140480
1.61072,88.9289,0.701679E-01
1.61133,88.9626,0.134361
1.61194,88.9963,-0.367154E-01
1.61255,89.0300,0.242390E-01
1.61316,89.0637,0.427933E-01
1.61377,89.0974,-0.486469
1.61438,89.1311,-0.450082
1.61499,89.1648,-0.200102
1.61560,89.1985,-0.953751
1.61621,89.2322,0.305454E-01
1.61682,89.2659,-0.181214E-01
1.61743,89.2996,0.473392E-01
1.61804,89.3333,0.158589
1.61865,89.3670,-0.535027
1.61926,89.4007,0.496503
1.61987,89.4344,-0.158197E-01
1.62048,89.4681,0.185123
1.62109,89.5018,0.172868
1.62170,89.5355,-0.463817
1.62231,89.5692,0.310757E-01
1.62292,89.6029,-0.335956E-01
1.62354,89.6366,0.565213E-01
1.62415,89.6703,-0.205100
1.62476,89.7040,0.317658E-01
1.62537,89.7377,-0.193372
1.62598,89.7714,0.526404
1.62659,89.8051,-0.660971E-01
1.62720,89.8388,-0.144050
1.62781,89.8725,-0.134334
1.62842,89.9062,0.437472
1.62903,89.9399,0.340223
1.62964,89.9736,0.648379
1.63025,90.0073,-0.622662
1.63086,90.0410,0.195763
1.63147,90.0747,0.402960
1.63208,90.1084,0.231074
1.63269,90.1421,0.182135
1.63330,90.1758,-0.107137
1.63391,90.2094,0.823091E-01
1.63452,90.2431,-0.432845
1.63513,90.2768,0.849466E-01
1.63574,90.3105,0.426313
1.63635,90.3442,0.406068
1.63696,90.3779,-0.695773E-01
1.63757,90.4116,0.426118
1.63818,90.4453,0.979548E-01
1.63879,90.4790,0.246106E-01
1.63940,90.5127,-0.249403
1.64001,90.5464,-0.736162
1.64062,90.5801,0.103688
1.64124,90.6138,-0.312687
1.64185,90.6475,-0.803189E-01
1.64246,90.6812,-0.429261E-01
1.64307,90.7149,0.818721E-02
1.64368,90.7486,-0.219249
1.64429,90.7823,0.215217
1.64490,90.8160,-0.207558
1.64551,90.8497,-0.686359
1.64612,90.8834,0.106976
1.64673,90.9171,-0.429048
1.64734,90.9508,0.110143
1.64795,90.9845,-0.100521
1.64856,91.0182,-0.180008
1.64917,91.0519,0.781696E-01
1.64978,91.0856,-0.319687
1.65039,91.1193,-0.349138
1.65100,91.1530,0.315482E-01
1.65161,91.1867,0.353156E-01
1.65222,91.2204,-0.452898E-01
1.65283,91.2541,-0.134247
1.65344,91.2878,-0.121031
1.65405,91.3215,0.438089E-01
1.65466,91.3552,-0.779929E-01
1.65527,91.3889,0.710460E-01
1.65588,91.4226,-0.514991E-01
1.65649,91.4563,-0.923190
1.65710,91.4900,0.344379
1.65771,91.5237,-0.310067
1.65833,91.5574,0.789332E-01
1.65894,91.5911,0.476191E-01
1.65955,91.6248,0.125234E-01
1.66016,91.6585,-0.117993
1.66077,91.6922,-0.600075E-01
1.66138,91.7259,0.602923E-01
1.66199,91.7596,0.467871
1.66260,91.7933,-0.872162E-01
1.66321,91.8270,-0.255778
1.66382,91.8606,-0.457465E-01
1.66443,91.8943,-0.504561E-02
1.66504,91.9280,-0.229292
1.66565,91.9617,0.133392
1.66626,91.9954,0.826572E-01
1.66687,92.0291,0.523470
1.66748,92.0628,-0.366723E-01
1.66809,92.0965,-0.430948
1.66870,92.1302,-0.793601E-01
1.66931,92.1639,0.873015E-01
1.66992,92.1976,0.391908
1.67053,92.2313,-0.206065
1.67114,92.2650,-0.541817
1.67175,92.2987,0.481124E-01
1.67236,92.3324,0.494918
1.67297,92.3661,-0.811601E-02
1.67358,92.3998,0.116802
1.67419,92.4335,-0.277028
1.67480,92.4672,0.793592E-01
1.67542,92.5009,0.169600
1.67603,92.5346,-0.894942E-01
1.67664,92.5683,0.490300E-01
1.67725,92.6020,0.152506
1.67786,92.6357,-0.131796
1.67847,92.6694,0.500869E-01
1.67908,92.7031,0.194119
1.67969,92.7368,0.134415
1.68030,92.7705,0.211406
1.68091,92.8042,-0.600681E-02
1.68152,92.8379,-0.135821
1.68213,92.8716,0.228839
1.68274,92.9053,-0.117165
1.68335,92.9390,0.293469
1.68396,92.9727,0.258975
1.68457,93.0064,0.347904E-01
1.68518,93.0401,-0.812457
1.68579,93.0738,0.127243
1.68640,93.1075,-0.759128
1.68701,93.1412,-0.544913E-01
1.68762,93.1749,-0.411696E-01
1.68823,93.2086,0.392677
1.68884,93.2423,0.136650
1.68945,93.2760,0.232736
1.69006,93.3097,-0.114997
1.69067,93.3434,0.383087E-01
1.69128,93.3771,0.340846
1.69189,93.4108,-0.790120
1.69250,93.4445,-0.104042
1.69312,93.4782,-0.589321
1.69373,93.5118,0.703539E-02
1.69434,93.5455,0.767020E-01
1.69495,93.5792,-0.124269
1.69556,93.6129,-0.258136
1.69617,93.6466,0.690376E-01
1.69678,93.6803,-0.458141E-04
1.69739,93.7140,-0.675142
1.69800,93.7477,-0.206147
1.69861,93.7814,-0.779724
1.69922,93.8151,-0.263196
1.69983,93.8488,0.159461
1.70044,93.8825,-0.665365
1.70105,93.9162,-0.468727
1.70166,93.9499,-0.246541
1.70227,93.9836,0.661054
1.70288,94.0173,-0.305747E-01
1.70349,94.0510,-0.620009
1.70410,94.0847,0.468163
1.70471,94.1184,-0.533870
1.70532,94.1521,0.508683
1.70593,94.1858,-0.417294
1.70654,94.2195,0.239346
1.70715,94.2532,0.408807E-03
1.70776,94.2869,0.178236
1.70837,94.3206,-0.315469
1.70898,94.3543,0.107869E-02
1.70959,94.3880,-0.652878E-01
1.71021,94.4217,0.501229E-01
1.71082,94.4554,0.238008E-01
1.71143,94.4891,-0.832641E-01
1.71204,94.5228,-0.203460
1.71265,94.5565,0.227450
1.71326,94.5902,0.158544
1.71387,94.6239,-0.747317
1.71448,94.6576,-0.505854
1.71509,94.6913,-0.793695
1.71570,94.7250,-0.136133
1.71631,94.7587,-0.105587
1.71692,94.7924,-0.430837E-01
1.71753,94.8261,0.424917E-01
1.71814,94.8598,0.248046
1.71875,94.8935,-0.259929
1.71936,94.9272,-0.244400
1.71997,94.9609,-0.176259
1.72058,94.9946,0.410222E-02
1.72119,95.0283,-0.109475
1.72180,95.0620,0.167728
1.72241,95.0957,0.660398E-01
1.72302,95.1294,0.325218
1.72363,95.1630,-0.349585
1.72424,95.1967,0.586030E-01
1.72485,95.2304,0.185382
1.72546,95.2641,0.105604
1.72607,95.2978,0.384545
1.72668,95.3315,-0.416665
1.72729,95.3652,-0.242784
1.72791,95.3989,-0.367881
1.72852,95.4326,-0.890384E-02
1.72913,95.4663,0.247855E-01
1.72974,95.5000,0.202775
1.73035,95.5337,-0.183850
1.73096,95.5674,-0.121610
1.73157,95.6011,-0.230706
1.73218,95.6348,-0.486351
1.73279,95.6685,-0.277622
1.73340,95.7022,-0.458619
1.73401,95.7359,-0.414871
1.73462,95.7696,0.506188E-01
1.73523,95.8033,0.244137E-01
1.73584,95.8370,0.108467
1.73645,95.8707,0.416663
1.73706,95.9044,-0.681205
1.73767,95.9381,-0.463174
1.73828,95.9718,-0.101917
1.73889,96.0055,-0.105076
1.73950,96.0392,-0.174730
1.74011,96.0729,-0.186547
1.74072,96.1066,-0.803583
1.74133,96.1403,-0.350123
1.74194,96.1740,0.141073
1.74255,96.2077,-0.865014
1.74316,96.2414,0.362603
1.74377,96.2751,0.102690
1.74438,96.3088,-0.588130E-01
1.74500,96.3425,0.482640E-01
1.74561,96.3762,0.169981
1.74622,96.4099,0.689914E-01
1.74683,96.4436,-0.275640
1.74744,96.4773,0.473886E-01
1.74805,96.5110,0.202457
1.74866,96.5447,0.225535E-01
1.74927,96.5784,-0.238574
1.74988,96.6121,0.167706
1.75049,96.6458,-0.387176
1.75110,96.6795,-0.204962
1.75171,96.7132,-0.117575
1.75232,96.7469,0.490498E-01
1.75293,96.7806,-0.930766E-02
1.75354,96.8142,0.394170
1.75415,96.8479,-0.128408
1.75476,96.8816,-0.329035
1.75537,96.9153,-0.317984
1.75598,96.9490,-0.322288
1.75659,96.9827,0.263722
1.75720,97.0164,-0.388510
1.75781,97.0501,-0.117156
1.75842,97.0838,-0.594923E-01
1.75903,97.1175,-0.462903
1.75964,97.1512,-0.276563
1.76025,97.1849,0.311793E-02
1.76086,97.2186,0.125177
1.76147,97.2523,-0.153516
1.76208,97.2860,-0.286219
1.76270,97.3197,0.120600
1.76331,97.3534,0.285699
1.76392,97.3871,0.285954
1.76453,97.4208,0.174858E-01
1.76514,97.4545,-0.616606E-01
1.76575,97.4882,-0.603763
1.76636,97.5219,-0.232596
1.76697,97.5556,0.171580E-02
1.76758,97.5893,-0.250820
1.76819,97.6230,0.683753E-02
1.76880,97.6567,-0.276203E-01
1.76941,97.6904,0.949585E-01
1.77002,97.7241,-0.410926
1.77063,97.7578,-0.431582
1.77124,97.7915,-0.230956
1.77185,97.8252,0.801902E-01
1.77246,97.8589,0.195561
1.77307,97.8926,-0.390738
1.77368,97.9263,-0.693157
1.77429,97.9600,0.263192
1.77490,97.9937,0.135777
1.77551,98.0274,-0.357995
1.77612,98.0611,-0.498338
1.77673,98.0948,-0.251011
1.77734,98.1285,-0.447865E-01
1.77795,98.1622,-0.655446E-01
1.77856,98.1959,0.673625E-01
1.77917,98.2296,-0.140846
1.77979,98.2633,-0.307920E-01
1.78040,98.2970,-0.687637E-01
1.78101,98.3307,0.674710E-02
1.78162,98.3644,-0.366357
1.78223,98.3981,0.208696
1.78284,98.4318,-0.812906E-01
1.78345,98.4654,-0.672455
1.78406,98.4991,0.164439
1.78467,98.5328,0.201180E-02
1.78528,98.5665,0.387931
1.78589,98.6002,-0.933768E-01
1.78650,98.6339,-0.125019
1.78711,98.6676,0.315783
1.78772,98.7013,0.289739
1.78833,98.7350,0.200819
1.78894,98.7687,-0.991244E-01
1.78955,98.8024,-0.268906
1.79016,98.8361,-0.324112
1.79077,98.8698,0.177668E-01
1.79138,98.9035,-0.499665
1.79199,98.9372,-0.518512E-01
1.79260,98.9709,-0.157701
1.79321,99.0046,-0.700327
1.79382,99.0383,0.471398
1.79443,99.0720,-0.850104E-01
1.79504,99.1057,0.674309
1.79565,99.1394,-0.296565
1.79626,99.1731,-0.584456
1.79688,99.2068,-0.231153
1.79749,99.2405,-0.182003
1.79810,99.2742,0.107000
1.79871,99.3079,-0.521292
1.79932,99.3416,0.328446
1.79993,99.3753,-0.105400E-01
1.80054,99.4090,0.168511
1.80115,99.4427,0.142347
1.80176,99.4764,-0.349791E-01
1.80237,99.5101,-0.725012E-01
1.80298,99.5438,-0.181979
1.80359,99.5775,0.146775
1.80420,99.6112,-0.807448E-01
1.80481,99.6449,0.237150
1.80542,99.6786,-0.500761
1.80603,99.7123,-0.110056
1.80664,99.7460,-0.283074
1.80725,99.7797,0.406275
1.80786,99.8134,-0.711894E-01
1.80847,99.8471,-0.478859
1.80908,99.8808,0.309001E-01
1.80969,99.9145,0.767061E-01
1.81030,99.9482,-0.894866E-01
1.81091,99.9819,-0.204877
1.81152,100.016,0.155505
1.81213,100.049,-0.848055E-01
1.81274,100.083,-0.240140
1.81335,100.117,0.144959
1.81396,100.150,0.434674E-01
1.81458,100.184,0.768044
1.81519,100.218,-0.770746
1.81580,100.251,-0.277105
1.81641,100.285,-0.638586
1.81702,100.319,-0.209926E-01
1.81763,100.353,0.139710
1.81824,100.386,-0.891856E-02
1.81885,100.420,0.168646
1.81946,100.454,-0.914903
1.82007,100.487,-0.277536
1.82068,100.521,-0.744660E-01
1.82129,100.555,-0.423206
1.82190,100.588,-0.147992
1.82251,100.622,-0.920438
1.82312,100.656,-0.978942E-01
1.82373,100.690,-0.152525E-01
1.82434,100.723,0.448890
1.82495,100.757,-0.579077E-01
1.82556,100.791,-0.139588
1.82617,100.824,0.832827E-02
1.82678,100.858,-0.191120
1.82739,100.892,0.192432E-01
1.82800,100.925,0.604615E-01
1.82861,100.959,-0.177888
1.82922,100.993,-0.150125
1.82983,101.026,0.644490E-01
1.83044,101.060,-0.433675
1.83105,101.094,0.749753E-02
1.83167,101.128,0.924223
1.83228,101.161,0.273772
1.83289,101.195,-0.856837
1.83350,101.229,-0.145361
1.83411,101.262,0.163013
1.83472,101.296,0.494820E-01
1.83533,101.330,0.106048E-01
1.83594,101.363,0.926260E-02
1.83655,101.397,-0.184642
1.83716,101.431,-0.148977
1.83777,101.465,0.219878
1.83838,101.498,0.182061
1.83899,101.532,-0.213223
1.83960,101.566,-0.140547
1.84021,101.599,0.484351E-01
1.84082,101.633,-0.269125
1.84143,101.667,-0.574419E-01
1.84204,101.700,0.234449
1.84265,101.734,0.413093E-02
1.84326,101.768,0.837450E-01
1.84387,101.802,-0.290593
1.84448,101.835,0.416517E-01
1.84509,101.869,-0.448096E-01
1.84570,101.903,0.356286E-01
1.84631,101.936,-0.349051
1.84692,101.970,-0.773974E-01
1.84753,102.004,0.544287E-01
1.84814,102.037,-0.295432
1.84875,102.071,0.413010
1.84937,102.105,-0.889165E-03
1.84998,102.139,-0.535183E-01
1.85059,102.172,0.198450
1.85120,102.206,-0.794151E-01
1.85181,102.240,-0.428379
1.85242,102.273,-0.964301E-02
1.85303,102.307,-0.170966
1.85364,102.341,0.541125E-01
1.85425,102.374,-0.731727E-01
1.85486,102.408,0.568920E-01
1.85547,102.442,-0.499657E-01
1.85608,102.476,-0.798162E-01
1.85669,102.509,0.512868E-01
1.85730,102.543,0.396936
1.85791,102.577,0.422893
1.85852,102.610,-0.570086E-01
1.85913,102.644,0.571187
1.85974,102.678,-0.328489E-02
1.86035,102.711,0.259869E-01
1.86096,102.745,-0.120777
1.86157,102.779,-0.138624
1.86218,102.812,-0.291364E-02
1.86279,102.846,-0.937981E-01
1.86340,102.880,0.871677E-01
1.86401,102.914,-0.394814
1.86462,102.947,-0.315836
1.86523,102.981,-0.642738E-01
1.86584,103.015,-0.403002
1.86646,103.048,-0.552460
1.86707,103.082,0.260833
1.86768,103.116,0.673386
1.86829,103.149,0.154952E-01
1.86890,103.183,0.177144E-01
1.86951,103.217,-0.426484
1.87012,103.251,0.112476
1.87073,103.284,-0.210619
1.87134,103.318,0.779882E-01
1.87195,103.352,0.144429E-02
1.87256,103.385,-0.433047
1.87317,103.419,-0.584192E-02
1.87378,103.453,0.256106E-01
1.87439,103.486,-0.113523E-01
1.87500,103.520,-0.849937E-02
1.87561,103.554,0.220797
1.87622,103.588,-0.111507
1.87683,103.621,0.676146
1.87744,103.655,0.862791E-01
1.87805,103.689,0.135863
1.87866,103.722,0.140611
1.87927,103.756,0.790891E-01
1.87988,103.790,0.114527
1.88049,103.823,0.955392E-01
1.88110,103.857,-0.837989E-01
1.88171,103.891,0.793031
1.88232,103.925,0.327035
1.88293,103.958,-0.368140
1.88354,103.992,0.952417E-01
1.88416,104.026,-0.870949E-01
1.88477,104.059,-0.408394
1.88538,104.093,0.216146
1.88599,104.127,-0.439483E-01
1.88660,104.160,0.154554
1.88721,104.194,-0.421369E-01
1.88782,104.228,-0.635316
1.88843,104.261,0.355785
1.88904,104.295,0.136896
1.88965,104.329,-0.436096
1.89026,104.363,-0.338124
1.89087,104.396,0.389557E-01
1.89148,104.430,-0.380767
1.89209,104.464,-0.487552
1.89270,104.497,0.385594E-01
1.89331,104.531,0.221666
1.89392,104.565,-0.267279
1.89453,104.598,-0.430530E-01
1.89514,104.632,0.104885
1.89575,104.666,0.292816
1.89636,104.700,0.100935
1.89697,104.733,-0.600071E-01
1.89758,104.767,-0.426406E-01
1.89819,104.801,0.116396
1.89880,104.834,0.615428
1.89941,104.868,0.159504
1.90002,104.902,-0.812081E-01
1.90063,104.935,0.372827
1.90125,104.969,-0.124170
1.90186,105.003,0.175672
1.90247,105.037,-0.362137E-01
1.90308,105.070,-0.153565
1.90369,105.104,-0.226039
1.90430,105.138,-0.317961
1.90491,105.171,0.322512
1.90552,105.205,-0.824203E-01
1.90613,105.239,-0.831300
1.90674,105.272,-0.246079
1.90735,105.306,0.359993
1.90796,105.340,0.408759
1.90857,105.374,0.989440E-03
1.90918,105.407,0.743414E-02
1.90979,105.441,-0.197184
1.91040,105.475,0.214715E-01
1.91101,105.508,-0.348407
1.91162,105.542,0.329835E-02
1.91223,105.576,-0.349807E-01
1.91284,105.609,0.610615E-01
1.91345,105.643,-0.429315
1.91406,105.677,0.655468
1.91467,105.711,-0.256688
1.91528,105.744,-0.428331
1.91589,105.778,0.221440
1.91650,105.812,-0.154887
1.91711,105.845,-0.511538
1.91772,105.879,-0.398661
1.91833,105.913,-0.786348E-01
1.91895,105.946,-0.630357E-01
1.91956,105.980,0.724535
1.92017,106.014,0.990274E-01
1.92078,106.047,0.671480
1.92139,106.081,0.289701E-01
1.92200,106.115,0.975632E-01
1.92261,106.149,-0.300183
1.92322,106.182,-0.149335
1.92383,106.216,-0.317043
1.92444,106.250,-0.101453
1.92505,106.283,-0.494282
1.92566,106.317,0.508643
1.92627,106.351,-0.176468
1.92688,106.384,-0.246869
1.92749,106.418,-0.241430
1.92810,106.452,0.131742
1.92871,106.486,-0.508661E-02
1.92932,106.519,0.371260E-01
1.92993,106.553,0.116926
1.93054,106.587,-0.328908
1.93115,106.620,-0.247961
1.93176,106.654,-0.228748
1.93237,106.688,1.35078
1.93298,106.721,0.450946
1.93359,106.755,-0.156842
1.93420,106.789,-0.184691
1.93481,106.823,-0.126519
1.93542,106.856,-0.526869
1.93604,106.890,-0.304346
1.93665,106.924,0.229164
1.93726,106.957,-0.315994
1.93787,106.991,-0.224624
1.93848,107.025,-0.283949
1.93909,107.058,-0.318822
1.93970,107.092,0.143574E-01
1.94031,107.126,0.175435
1.94092,107.160,0.417343
1.94153,107.193,0.426040E-01
1.94214,107.227,0.150611E-01
1.94275,107.261,-0.585725
1.94336,107.294,0.618212
1.94397,107.328,-0.472910E-01
1.94458,107.362,-0.177171
1.94519,107.395,0.138914
1.94580,107.429,0.114567
1.94641,107.463,0.272236
1.94702,107.497,-0.406265
1.94763,107.530,0.125715
1.94824,107.564,0.311135
1.94885,107.598,-0.126052
1.94946,107.631,-0.968728E-01
1.95007,107.665,-0.224508E-01
1.95068,107.699,-0.180724
1.95129,107.732,0.897407E-01
1.95190,107.766,-0.176312E-01
1.95251,107.800,-0.209631
1.95312,107.833,-0.702838E-01
1.95374,107.867,0.315861
1.95435,107.901,0.828190E-01
1.95496,107.935,-0.114055
1.95557,107.968,0.126252
1.95618,108.002,-0.144474
1.95679,108.036,0.326184
1.95740,108.069,0.353250
1.95801,108.103,0.126612
1.95862,108.137,0.267422E-02
1.95923,108.170,-0.114510
1.95984,108.204,-0.243921
1.96045,108.238,0.342713
1.96106,108.272,0.222900
1.96167,108.305,0.648047E-01
1.96228,108.339,0.141881
1.96289,108.373,-0.366715
1.96350,108.406,-0.823001E-01
1.96411,108.440,0.394843E-01
1.96472,108.474,-0.167381
1.96533,108.507,0.756460E-01
1.96594,108.541,-0.745160E-01
1.96655,108.575,0.187949
1.96716,108.609,-0.120284
1.96777,108.642,0.341935
1.96838,108.676,-0.110002
1.96899,108.710,0.391317
1.96960,108.743,-0.221183
1.97021,108.777,0.113337
1.97083,108.811,-0.835571E-01
1.97144,108.844,-0.155382
1.97205,108.878,0.340543
1.97266,108.912,0.164929
1.97327,108.946,0.464347
1.97388,108.979,-0.645495E-01
1.97449,109.013,-0.221583
1.97510,109.047,-0.248980
1.97571,109.080,-0.724324E-01
1.97632,109.114,-0.694150
1.97693,109.148,-0.335222
1.97754,109.181,-0.333401
1.97815,109.215,0.404434
1.97876,109.249,-0.113138
1.97937,109.282,-0.202209
1.97998,109.316,0.176199
1.98059,109.350,-0.185539
1.98120,109.384,-0.158510
1.98181,109.417,-0.334943
1.98242,109.451,-0.862645E-01
1.98303,109.485,-0.170016E-01
1.98364,109.518,-0.186949E-01
1.98425,109.552,0.923540
1.98486,109.586,-0.210663
1.98547,109.619,-0.239872
1.98608,109.653,-0.209217
1.98669,109.687,0.640870E-01
1.98730,109.721,0.286211
1.98792,109.754,-0.126752E-01
1.98853,109.788,-0.125754
1.98914,109.822,-0.102751
1.98975,109.855,0.176809
1.99036,109.889,0.229512
1.99097,109.923,-0.125680
1.99158,109.956,0.231993E-01
1.99219,109.990,-0.595950
1.99280,110.024,0.131438
1.99341,110.058,-0.163018
1.99402,110.091,0.496761E-01
1.99463,110.125,-0.671005
1.99524,110.159,-0.582636E-01
1.99585,110.192,0.156247
1.99646,110.226,-0.573912
1.99707,110.260,0.610197
1.99768,110.293,0.478269
1.99829,110.327,-0.527692E-01
1.99890,110.361,-0.122357
1.99951,110.395,-0.226469
2.00012,110.428,-0.339809
2.00073,110.462,-0.675910E-01
2.00134,110.496,-0.910086E-01
2.00195,110.529,0.194239
2.00256,110.563,0.311338
2.00317,110.597,0.195207
2.00378,110.630,-0.783608
2.00439,110.664,0.246783
2.00500,110.698,0.106915
2.00562,110.732,0.872837E-01
2.00623,110.765,-0.155754
2.00684,110.799,0.420242
2.00745,110.833,-0.321147
2.00806,110.866,-0.590125E-01
2.00867,110.900,0.678112
2.00928,110.934,0.160407
2.00989,110.967,0.249365
2.01050,111.001,0.332471
2.01111,111.035,0.667367
2.01172,111.068,-0.705899
2.01233,111.102,0.292568
2.01294,111.136,0.562472E-01
2.01355,111.170,0.311638
2.01416,111.203,0.620177E-01
2.01477,111.237,0.304295
2.01538,111.271,0.128178
2.01599,111.304,-0.607057
2.01660,111.338,-0.124356
2.01721,111.372,0.256193
2.01782,111.405,-0.184184
2.01843,111.439,-0.356461
2.01904,111.473,-0.343785
2.01965,111.507,-0.394697
2.02026,111.540,0.230608
2.02087,111.574,-0.467933
2.02148,111.608,-0.733673
2.02209,111.641,0.601799
2.02271,111.675,0.751517E-01
2.02332,111.709,-0.469129E-01
2.02393,111.742,-0.765690E-01
2.02454,111.776,-0.467583
2.02515,111.810,0.310759
2.02576,111.844,-0.398522
2.02637,111.877,-0.506746
2.02698,111.911,-0.100026
2.02759,111.945,-0.128056
2.02820,111.978,-0.244054E-01
2.02881,112.012,-0.926385E-01
2.02942,112.046,-0.504149E-02
2.03003,112.079,-0.820338E-01
2.03064,112.113,0.188280
2.03125,112.147,-0.212429
2.03186,112.181,-0.206229
2.03247,112.214,0.512535
2.03308,112.248,0.189557
2.03369,112.282,0.296772
2.03430,112.315,-0.448220E-01
2.03491,112.349,0.149833
2.03552,112.383,-0.793372E-01
2.03613,112.416,0.670224E-01
2.03674,112.450,-0.303000
2.03735,112.484,0.130212
2.03796,112.518,0.169950E-01
2.03857,112.551,0.351715
2.03918,112.585,-0.513520
2.03979,112.619,-0.333780
2.04041,112.652,0.162693
2.04102,112.686,0.489243
2.04163,112.720,-0.510272E-02
2.04224,112.753,0.870530E-01
2.04285,112.787,-0.355906
2.04346,112.821,-0.171809
2.04407,112.854,0.812948
2.04468,112.888,-0.199233E-03
2.04529,112.922,0.175889
2.04590,112.956,-0.295666
2.04651,112.989,-0.619749
2.04712,113.023,-0.390388
2.04773,113.057,-0.433015
2.04834,113.090,0.442960E-02
2.04895,113.124,-0.880258E-01
2.04956,113.158,0.139602
2.05017,113.191,-0.280265E-01
2.05078,113.225,-0.169078
2.05139,113.259,0.262562
2.05200,113.293,-0.566735E-01
2.05261,113.326,-0.221375
2.05322,113.360,-0.494024
2.05383,113.394,0.117570
2.05444,113.427,0.216607E-01
2.05505,113.461,-0.249184
2.05566,113.495,0.111197
2.05627,113.528,-0.313851
2.05688,113.562,-0.158664
2.05750,113.596,-0.986219
2.05811,113.630,0.344294
2.05872,113.663,-0.749463E-01
2.05933,113.697,-0.126571
2.05994,113.731,-0.214221
2.06055,113.764,0.618290
2.06116,113.798,-0.246748
2.06177,113.832,-0.195252E-01
2.06238,113.865,0.115969
2.06299,113.899,-0.361803
2.06360,113.933,-0.233995E-01
2.06421,113.967,0.249907E-02
2.06482,114.000,0.165047E-01
2.06543,114.034,-0.803019E-01
2.06604,114.068,0.335419E-01
2.06665,114.101,0.444717
2.06726,114.135,-0.573852
2.06787,114.169,0.686418E-01
2.06848,114.202,-0.612503
2.06909,114.236,-0.224624
2.06970,114.270,-0.613173E-02
2.07031,114.303,-0.121731
2.07092,114.337,0.465849
2.07153,114.371,-0.179840
2.07214,114.405,-0.298955
2.07275,114.438,0.670736
2.07336,114.472,0.359438E-01
2.07397,114.506,0.306781E-01
2.07458,114.539,-0.324297
2.07520,114.573,-0.427500E-01
2.07581,114.607,-0.849432E-01
2.07642,114.640,0.505506E-01
2.07703,114.674,-0.415611
2.07764,114.708,-0.341943E-02
2.07825,114.742,-0.440571
2.07886,114.775,0.321047
2.07947,114.809,0.174520
2.08008,114.843,0.139937
2.08069,114.876,-0.238909
2.08130,114.910,0.149887
2.08191,114.944,0.273843
2.08252,114.977,0.732624E-01
2.08313,115.011,0.170468
2.08374,115.045,0.178533E-01
2.08435,115.079,0.721403
2.08496,115.112,0.226051
2.08557,115.146,-0.261190
2.08618,115.180,0.279804
2.08679,115.213,-0.242308
2.08740,115.247,-0.462847
2.08801,115.281,0.206392
2.08862,115.314,-0.114024
2.08923,115.348,0.181583
2.08984,115.382,0.342948
2.09045,115.416,0.681399E-01
2.09106,115.449,-0.322464
2.09167,115.483,0.863061E-01
2.09229,115.517,0.997090E-01
2.09290,115.550,0.257081E-01
2.09351,115.584,0.122458
2.09412,115.618,0.494401E-01
2.09473,115.651,0.687849E-01
2.09534,115.685,-0.120790
2.09595,115.719,0.143112
2.09656,115.753,-0.993401E-01
2.09717,115.786,0.281633
2.09778,115.820,-0.206739E-01
2.09839,115.854,-0.172937
2.09900,115.887,0.635658E-01
2.09961,115.921,-0.266058E-01
2.10022,115.955,-0.866869E-01
2.10083,115.988,-0.193404
2.10144,116.022,0.378120
2.10205,116.056,0.358790
2.10266,116.089,0.869988E-01
2.10327,116.123,-0.140085E-01
2.10388,116.157,0.329429
2.10449,116.191,0.914484E-01
2.10510,116.224,-0.166385
2.10571,116.258,0.125942
2.10632,116.292,-0.463156
2.10693,116.325,1.26501
2.10754,116.359,-0.118180
2.10815,116.393,0.125446
2.10876,116.426,0.959229E-02
2.10938,116.460,0.266810
2.10999,116.494,-0.584646
2.11060,116.528,-0.184268E-01
2.11121,116.561,-0.839536E-01
2.11182,116.595,-0.222627E-01
2.11243,116.629,-0.322846
2.11304,116.662,-0.329063E-01
2.11365,116.696,-0.353222E-01
2.11426,116.730,-0.229721E-01
2.11487,116.763,0.172945
2.11548,116.797,-0.320948
2.11609,116.831,0.316347
2.11670,116.865,-0.411952
2.11731,116.898,-0.322025E-01
2.11792,116.932,0.254795
2.11853,116.966,-0.119919
2.11914,116.999,0.329712
2.11975,117.033,-0.132213
2.12036,117.067,-0.164650
2.12097,117.100,-0.236327
2.12158,117.134,0.540287
2.12219,117.168,-0.832446E-01
2.12280,117.202,-0.225391
2.12341,117.235,-1.08797
2.12402,117.269,-0.422988
2.12463,117.303,0.655441
2.12524,117.336,-0.687322
2.12585,117.370,0.111595
2.12646,117.404,0.293607
2.12708,117.437,0.876416E-01
2.12769,117.471,-0.284966E-02
2.12830,117.505,0.210671E-01
2.12891,117.538,0.602682E-01
2.12952,117.572,0.378106
2.13013,117.606,0.467431
2.13074,117.640,0.208650
2.13135,117.673,-0.500726
2.13196,117.707,0.222703
2.13257,117.741,-0.178969
2.13318,117.774,0.196625
2.13379,117.808,0.159477
2.13440,117.842,0.120545
2.13501,117.875,0.638605
2.13562,117.909,0.966793
2.13623,117.943,0.116698
2.13684,117.977,0.955738E-01
2.13745,118.010,0.245304
2.13806,118.044,0.276437E-01
2.13867,118.078,-0.163806
2.13928,118.111,0.124837
2.13989,118.145,-0.191975
2.14050,118.179,0.289697
2.14111,118.212,-0.442325
2.14172,118.246,0.116647
2.14233,118.280,0.256935E-01
2.14294,118.314,0.117669
2.14355,118.347,0.589977E-01
2.14417,118.381,0.344659
2.14478,118.415,-0.697622E-01
2.14539,118.448,-0.340075
2.14600,118.482,0.150790
2.14661,118.516,0.101459E-01
2.14722,118.549,-0.285823
2.14783,118.583,-0.479935
2.14844,118.617,0.610035E-01
2.14905,118.651,-0.748758
2.14966,118.684,0.224951
2.15027,118.718,0.278446
2.15088,118.752,0.210385E-01
2.15149,118.785,-0.321155E-01
2.15210,118.819,-0.419611
2.15271,118.853,-0.237586
2.15332,118.886,0.389632E-01
2.15393,118.920,-0.224985
2.15454,118.954,-0.379917
2.15515,118.988,-0.334944
2.15576,119.021,-0.106882
2.15637,119.055,-0.256754E-01
2.15698,119.089,-0.165525
2.15759,119.122,-0.347312
2.15820,119.156,-0.395939
2.15881,119.190,-0.118571
2.15942,119.223,-0.104477
2.16003,119.257,0.476199E-01
2.16064,119.291,-0.104467
2.16125,119.324,-0.682487
2.16187,119.358,0.872430E-01
2.16248,119.392,0.139866
2.16309,119.426,-0.126480
2.16370,119.459,-0.108408
2.16431,119.493,-0.279719
2.16492,119.527,-0.308096
2.16553,119.560,0.781551
2.16614,119.594,0.194372
2.16675,119.628,0.516081E-01
2.16736,119.661,0.158047E-01
2.16797,119.695,0.650371E-02
2.16858,119.729,-0.422363
2.16919,119.763,0.609211E-01
2.16980,119.796,0.269358
2.17041,119.830,0.314875E-01
2.17102,119.864,0.107537
2.17163,119.897,-0.839182E-01
2.17224,119.931,-0.198372
2.17285,119.965,0.745947E-01
2.17346,119.998,-0.202029
2.17407,120.032,-0.853166E-02
2.17468,120.066,0.229277
2.17529,120.100,0.786643E-01
2.17590,120.133,-0.239332
2.17651,120.167,-0.527258
2.17712,120.201,0.582497
2.17773,120.234,-0.811120E-01
2.17834,120.268,0.336419E-01
2.17896,120.302,-0.227316E-01
2.17957,120.335,-0.169054
2.18018,120.369,-0.193507
2.18079,120.403,0.380571
2.18140,120.437,-0.150404
2.18201,120.470,-0.373904E-01
2.18262,120.504,0.381926
2.18323,120.538,0.367286
2.18384,120.571,0.812634E-01
2.18445,120.605,0.530930
2.18506,120.639,-0.672897
2.18567,120.672,0.425180E-02
2.18628,120.706,-0.111843
2.18689,120.740,-0.375027E-04
2.18750,120.774,-0.131159
2.18811,120.807,0.389433
2.18872,120.841,0.170906
2.18933,120.875,0.510490
2.18994,120.908,0.705617E-02
2.19055,120.942,-0.119973
2.19116,120.976,0.176714
2.19177,121.009,-0.536280
2.19238,121.043,-0.461612E-01
2.19299,121.077,-0.342350
2.19360,121.110,0.133024
2.19421,121.144,-0.189804
2.19482,121.178,-0.657054
2.19543,121.212,-0.160792
2.19604,121.245,-0.942517E-02
2.19666,121.279,0.129795
2.19727,121.313,0.268934
2.19788,121.346,0.154760
2.19849,121.380,0.131327
2.19910,121.414,0.911332E-01
2.19971,121.447,0.172933
2.20032,121.481,0.567853E-01
2.20093,121.515,-0.256330
2.20154,121.549,0.702784E-02
2.20215,121.582,-0.361222E-01
2.20276,121.616,0.151916
2.20337,121.650,-0.950133E-01
2.20398,121.683,-0.360340
2.20459,121.717,-0.130079
2.20520,121.751,-0.903352
2.20581,121.784,-0.507635E-01
2.20642,121.818,-0.706809E-01
2.20703,121.852,-0.220961
2.20764,121.886,-0.380436
2.20825,121.919,-0.291571
2.20886,121.953,-0.108806
2.20947,121.987,-0.490568
2.21008,122.020,0.218870E-04
2.21069,122.054,0.142016
2.21130,122.088,-0.701858E-01
2.21191,122.121,0.830619E-01
2.21252,122.155,0.474049
2.21313,122.189,-0.546469
2.21375,122.223,-0.150162E-01
2.21436,122.256,0.208613
2.21497,122.290,-0.251949
2.21558,122.324,0.213624
2.21619,122.357,0.265323E-02
2.21680,122.391,-0.104701
2.21741,122.425,0.105921
2.21802,122.458,0.225037
2.21863,122.492,0.706612
2.21924,122.526,0.282250
2.21985,122.559,-0.596799E-01
2.22046,122.593,0.450717
2.22107,122.627,-0.223530
2.22168,122.661,-0.108704E-01
2.22229,122.694,0.191294
2.22290,122.728,-0.226492E-01
2.22351,122.762,0.234908
2.22412,122.795,-0.862884E-01
2.22473,122.829,0.238856
2.22534,122.863,0.190551
2.22595,122.896,-0.816090E-01
2.22656,122.930,0.464444E-01
2.22717,122.964,-0.452065
2.22778,122.998,-0.173872
2.22839,123.031,-0.103749
2.22900,123.065,0.244564E-01
2.22961,123.099,-0.214810
2.23022,123.132,0.489781
2.23083,123.166,0.116422
2.23145,123.200,-0.100905
2.23206,123.233,-0.830972E-01
2.23267,123.267,-0.773215E-01
2.23328,123.301,0.539888
2.23389,123.335,0.383303E-02
2.23450,123.368,0.159726E-01
2.23511,123.402,-0.182867E-02
2.23572,123.436,-0.348412
2.23633,123.469,-0.127194E-01
2.23694,123.503,0.145744
2.23755,123.537,-0.820313
2.23816,123.570,-0.101886
2.23877,123.604,-0.425679
2.23938,123.638,0.175618
2.23999,123.672,-0.293464E-01
2.24060,123.705,-0.902173E-01
2.24121,123.739,-0.738442
2.24182,123.773,-0.155904
2.24243,123.806,0.236643E-01
2.24304,123.840,0.634348E-01
2.24365,123.874,-0.154179
2.24426,123.907,-0.987353E-01
2.24487,123.941,-0.155970
2.24548,123.975,-0.961719E-01
2.24609,124.009,0.510834E-01
2.24670,124.042,-0.994782E-02
2.24731,124.076,-0.282603
2.24792,124.110,-0.122885
2.24854,124.143,-0.148670
2.24915,124.177,-0.173428
2.24976,124.211,-0.638750E-01
2.25037,124.244,-0.368007E-01
2.25098,124.278,0.541167
2.25159,124.312,-0.231490E-01
2.25220,124.345,0.241371
2.25281,124.379,0.189090E-01
2.25342,124.413,0.345433
2.25403,124.447,0.323746
2.25464,124.480,0.152796E-01
2.25525,124.514,0.350783
2.25586,124.548,-0.136457
2.25647,124.581,-0.606515E-01
2.25708,124.615,0.972446E-01
2.25769,124.649,0.284497
2.25830,124.682,-0.409367
2.25891,124.716,0.234455
2.25952,124.750,-0.190339
2.26013,124.784,0.200121
2.26074,124.817,0.650383E-01
2.26135,124.851,-0.146558
2.26196,124.885,-0.415401E-01
2.26257,124.918,-0.151867
2.26318,124.952,0.146311
2.26379,124.986,0.145509
2.26440,125.019,-0.621502
2.26501,125.053,-0.418441
2.26562,125.087,0.224100E-01
2.26624,125.121,0.223944
2.26685,125.154,0.199641
2.26746,125.188,0.367465E-01
2.26807,125.222,0.415424E-01
2.26868,125.255,-0.134998
2.26929,125.289,-0.662538E-01
2.26990,125.323,0.251971
2.27051,125.356,0.513684E-01
2.27112,125.390,-0.445707
2.27173,125.424,-0.384428
2.27234,125.458,0.145065
2.27295,125.491,-0.205231
2.27356,125.525,0.854234E-01
2.27417,125.559,-0.133165
2.27478,125.592,-0.433665
2.27539,125.626,0.412956E-01
2.27600,125.660,-0.407678
2.27661,125.693,0.194273
2.27722,125.727,0.287648
2.27783,125.761,0.637625E-01
2.27844,125.794,-0.113494E-01
2.27905,125.828,-0.166834
2.27966,125.862,-0.917329E-01
2.28027,125.896,-0.442304E-01
2.28088,125.929,0.408978
2.28149,125.963,-0.951593E-01
2.28210,125.997,0.224969
2.28271,126.030,0.487751E-01
2.28333,126.064,0.124474E-01
2.28394,126.098,0.139890
2.28455,126.131,-0.795725E-01
2.28516,126.165,0.246903
2.28577,126.199,-0.269126
2.28638,126.233,-0.841203E-02
2.28699,126.266,-0.222118
2.28760,126.300,-0.778618E-01
2.28821,126.334,0.997422E-01
2.28882,126.367,-0.355069
2.28943,126.401,-0.947389E-01
2.29004,126.435,-0.213222E-03
2.29065,126.468,-0.456439
2.29126,126.502,-0.422990
2.29187,126.536,-0.997049E-01
2.29248,126.570,-0.406004
2.29309,126.603,-0.278226
2.29370,126.637,0.290229
2.29431,126.671,-0.116478
2.29492,126.704,0.368520
2.29553,126.738,-0.226149
2.29614,126.772,0.256428
2.29675,126.805,-0.187663
2.29736,126.839,-0.991453
2.29797,126.873,0.300511
2.29858,126.907,-0.801325E-01
2.29919,126.940,-0.415924
2.29980,126.974,0.218168
2.30042,127.008,0.411135
2.30103,127.041,0.189454
2.30164,127.075,-0.193660E-01
2.30225,127.109,0.229118
2.30286,127.142,-0.401201E-01
2.30347,127.176,0.578562
2.30408,127.210,-0.213819
2.30469,127.244,-0.539549E-01
2.30530,127.277,0.128979
2.30591,127.311,-0.457047
2.30652,127.345,-0.170348E-01
2.30713,127.378,-0.636265
2.30774,127.412,0.170371
2.30835,127.446,0.202619
2.30896,127.479,0.114966
2.30957,127.513,-0.438127
2.31018,127.547,0.426627E-01
2.31079,127.580,0.950917E-01
2.31140,127.614,0.261044
2.31201,127.648,-0.100328
2.31262,127.682,-0.281037
2.31323,127.715,0.532819E-01
2.31384,127.749,-0.311251E-01
2.31445,127.783,-0.502131
2.31506,127.816,0.108755
2.31567,127.850,0.638274
2.31628,127.884,0.160712
2.31689,127.917,0.538509E-01
2.31750,127.951,0.184681
2.31812,127.985,-0.101966
2.31873,128.019,0.335988
2.31934,128.052,-0.137890
2.31995,128.086,0.581187E-01
2.32056,128.120,-0.893074E-01
2.32117,128.153,-0.219216
2.32178,128.187,-0.273578
2.32239,128.221,0.134125
2.32300,128.254,0.570979
2.32361,128.288,-0.240360
2.32422,128.322,0.481418
2.32483,128.356,-0.331547
2.32544,128.389,0.818157E-01
2.32605,128.423,-0.237779
2.32666,128.457,-0.361290
2.32727,128.490,0.694564E-01
2.32788,128.524,0.373974
2.32849,128.558,-0.536208
2.32910,128.591,-0.499828E-01
2.32971,128.625,-0.383417
2.33032,128.659,0.879665E-02
2.33093,128.693,-0.821426E-01
2.33154,128.726,0.113870
2.33215,128.760,-0.147543E-01
2.33276,128.794,0.149264E-01
2.33337,128.827,0.277653
2.33398,128.861,-0.301902
2.33459,128.895,0.235082
2.33521,128.928,0.373345
2.33582,128.962,0.568847
2.33643,128.996,0.375658
2.33704,129.030,-0.410710
2.33765,129.063,-0.664228E-01
2.33826,129.097,0.121408
2.33887,129.131,-0.198541
2.33948,129.164,-0.341310E-01
2.34009,129.198,0.124709
2.34070,129.232,-0.357963
2.34131,129.265,-0.110252
2.34192,129.299,0.225616
2.34253,129.333,-0.771835E-01
2.34314,129.366,-0.951655E-01
2.34375,129.400,-0.814874E-01
2.34436,129.434,0.357510E-02
2.34497,129.468,0.366305
2.34558,129.501,0.385209E-01
2.34619,129.535,-0.235098
2.34680,129.569,-0.193228E-01
2.34741,129.602,0.278538
2.34802,129.636,-0.462113
2.34863,129.670,0.485450E-02
2.34924,129.703,-0.578890E-01
2.34985,129.737,-0.152018
2.35046,129.771,-0.281378E-01
2.35107,129.805,-0.357180
2.35168,129.838,-0.518020
2.35229,129.872,-0.223873
2.35291,129.906,-0.187117E-01
2.35352,129.939,-0.473017
2.35413,129.973,0.237948
2.35474,130.007,0.500097E-02
2.35535,130.040,0.155953
2.35596,130.074,0.101151
2.35657,130.108,0.236502
2.35718,130.142,0.234424
2.35779,130.175,-0.297491
2.35840,130.209,-0.353598
2.35901,130.243,-1.00682
2.35962,130.276,0.419698
2.36023,130.310,-0.101406
2.36084,130.344,-0.373288
2.36145,130.377,0.326154
2.36206,130.411,0.189389
2.36267,130.445,-0.177605E-01
2.36328,130.479,0.338560E-01
2.36389,130.512,-0.212183
2.36450,130.546,0.100751
2.36511,130.580,0.517460E-01
2.36572,130.613,-0.241901
2.36633,130.647,0.171218
2.36694,130.681,-0.370613E-01
2.36755,130.714,-0.884413E-02
2.36816,130.748,-0.352689
2.36877,130.782,0.146412
2.36938,130.815,-0.980541E-01
2.37000,130.849,-0.167220
2.37061,130.883,0.114157
2.37122,130.917,-0.355946
2.37183,130.950,-0.576151
2.37244,130.984,0.630245E-01
2.37305,131.018,-0.407611
2.37366,131.051,0.410864
2.37427,131.085,-0.284553
2.37488,131.119,0.141654E-01
2.37549,131.152,-0.977942E-01
2.37610,131.186,0.123225E-01
2.37671,131.220,0.660609E-01
2.37732,131.254,0.615042
2.37793,131.287,-0.280532E-01
2.37854,131.321,-0.230988
2.37915,131.355,0.416630
2.37976,131.388,-0.903090E-01
2.38037,131.422,-0.159568
2.38098,131.456,0.608202E-01
2.38159,131.489,0.238796
2.38220,131.523,0.153483E-01
2.38281,131.557,-0.335246
2.38342,131.591,-0.972550E-01
2.38403,131.624,-0.684414
2.38464,131.658,-0.732884
2.38525,131.692,0.511647
2.38586,131.725,-0.266872
2.38647,131.759,0.180465
2.38708,131.793,-0.355703
2.38770,131.826,0.657146E-01
2.38831,131.860,-0.146646
2.38892,131.894,-0.331965
2.38953,131.928,0.119192E-01
2.39014,131.961,-0.807727E-01
2.39075,131.995,-0.333117
2.39136,132.029,-0.948733E-02
2.39197,132.062,-0.166680
2.39258,132.096,0.266213
2.39319,132.130,0.314668
2.39380,132.163,0.118538
2.39441,132.197,-0.233180
2.39502,132.231,-0.252254
2.39563,132.265,-0.150755E-02
2.39624,132.298,0.198668E-01
2.39685,132.332,0.319526E-01
2.39746,132.366,-0.164204
2.39807,132.399,0.193112E-01
2.39868,132.433,0.332884
2.39929,132.467,0.428693E-01
2.39990,132.500,0.699207E-01
2.40051,132.534,0.877816E-01
2.40112,132.568,-0.153542
2.40173,132.601,0.621905
2.40234,132.635,0.325883
2.40295,132.669,0.623540
2.40356,132.703,0.246168E-01
2.40417,132.736,-0.312920
2.40479,132.770,0.227813
2.40540,132.804,-0.852251E-01
2.40601,132.837,-0.132144
2.40662,132.871,-0.345170
2.40723,132.905,-0.695238E-01
2.40784,132.938,-0.278245E-01
2.40845,132.972,0.120008
2.40906,133.006,-0.139001
2.40967,133.040,-0.174398E-01
2.41028,133.073,-0.385908
2.41089,133.107,-0.326767
2.41150,133.141,-0.678811
2.41211,133.174,-0.106682
2.41272,133.208,-0.634148
2.41333,133.242,-0.412455E-01
2.41394,133.275,-0.137361E-01
2.41455,133.309,0.214042
2.41516,133.343,-0.498557
2.41577,133.377,0.157936
2.41638,133.410,0.493802
2.41699,133.444,0.172723
2.41760,133.478,0.397379E-01
2.41821,133.511,-0.100354E-01
2.41882,133.545,0.251990E-01
2.41943,133.579,-0.133073
2.42004,133.612,-0.653073
2.42065,133.646,-0.153188
2.42126,133.680,-0.240997E-01
2.42188,133.714,-0.333568
2.42249,133.747,0.875470E-01
2.42310,133.781,-0.305240
2.42371,133.815,-0.596858E-01
2.42432,133.848,-0.686968E-01
2.42493,133.882,-0.211685
2.42554,133.916,0.172225
2.42615,133.949,-0.377170
2.42676,133.983,-0.277204
2.42737,134.017,-0.332290E-01
2.42798,134.050,0.773872E-01
2.42859,134.084,-0.128747
2.42920,134.118,0.632222E-01
2.42981,134.152,0.469389E-01
2.43042,134.185,0.101025
2.43103,134.219,-0.308175
2.43164,134.253,0.657335E-01
2.43225,134.286,0.228905E-01
2.43286,134.320,0.328852
2.43347,134.354,0.184926E-01
2.43408,134.387,-0.824709E-02
2.43469,134.421,0.524653E-01
2.43530,134.455,-0.352298
2.43591,134.489,-0.112881E-01
2.43652,134.522,-0.164887
2.43713,134.556,-0.135602
2.43774,134.590,0.197128
2.43835,134.623,-0.381862E-01
2.43896,134.657,-0.372450
2.43958,134.691,0.920349E-01
2.44019,134.724,0.482664
2.44080,134.758,0.109151E-01
2.44141,134.792,0.201119E-01
2.44202,134.826,-0.802299E-01
2.44263,134.859,-0.495662E-01
2.44324,134.893,0.510826E-01
2.44385,134.927,0.170914
2.44446,134.960,0.234631
2.44507,134.994,0.224838
2.44568,135.028,-0.469705E-02
2.44629,135.061,0.156472
2.44690,135.095,0.213202
2.44751,135.129,-0.192446E-02
2.44812,135.163,0.120244
2.44873,135.196,-0.725350E-01
2.44934,135.230,-0.142500
2.44995,135.264,0.354729
2.45056,135.297,0.307275
2.45117,135.331,-0.702920E-01
2.45178,135.365,0.296153E-01
2.45239,135.398,-0.318176
2.45300,135.432,0.343090
2.45361,135.466,0.256196
2.45422,135.500,0.492909
2.45483,135.533,-0.581738E-01
2.45544,135.567,-0.210164
2.45605,135.601,-0.139305
2.45667,135.634,0.114775
2.45728,135.668,0.311646
2.45789,135.702,-0.391629
2.45850,135.735,-0.142874
2.45911,135.769,-0.476670E-02
2.45972,135.803,-0.420479
2.46033,135.836,0.111013
2.46094,135.870,0.283321
2.46155,135.904,-0.224161
2.46216,135.938,-0.420298E-01
2.46277,135.971,0.159401
2.46338,136.005,0.126093
2.46399,136.039,0.267953
2.46460,136.072,0.632307
2.46521,136.106,0.226748E-01
2.46582,136.140,0.194628
2.46643,136.173,0.582835
2.46704,136.207,0.166975E-01
2.46765,136.241,0.176481
2.46826,136.275,-0.210157
2.46887,136.308,-0.234841
2.46948,136.342,0.125105
2.47009,136.376,0.168619
2.47070,136.409,0.123960
2.47131,136.443,0.286915E-01
2.47192,136.477,-0.677633E-01
2.47253,136.510,-0.358501E-01
2.47314,136.544,0.844126E-01
2.47375,136.578,-0.129913
2.47437,136.612,0.518858E-01
2.47498,136.645,0.152517
2.47559,136.679,0.354150E-01
2.47620,136.713,0.200668E-01
2.47681,136.746,-0.725600E-01
2.47742,136.780,0.290438
2.47803,136.814,0.726492E-01
2.47864,136.847,0.561867E-01
2.47925,136.881,0.453074E-01
2.47986,136.915,-0.179785
2.48047,136.949,0.116276
2.48108,136.982,-0.104865
2.48169,137.016,0.338875
2.48230,137.050,0.250921E-01
2.48291,137.083,0.271816E-01
2.48352,137.117,0.129573
2.48413,137.151,0.554874E-01
2.48474,137.184,-0.800819E-01
2.48535,137.218,0.276612
2.48596,137.252,0.611981E-01
2.48657,137.286,-0.105036
2.48718,137.319,-0.479001E-01
2.48779,137.353,-0.121420
2.48840,137.387,0.219904E-01
2.48901,137.420,-0.733069E-01
2.48962,137.454,0.563719E-01
2.49023,137.488,0.123277
2.49084,137.521,0.843704E-01
2.49146,137.555,-0.380979
2.49207,137.589,-0.301377
2.49268,137.622,-0.132931
2.49329,137.656,0.491683E-02
2.49390,137.690,-0.332270E-01
2.49451,137.724,-0.557357E-01
2.49512,137.757,-0.107945
2.49573,137.791,-0.148482
2.49634,137.825,-1.87640
2.49695,137.858,-0.886649E-02
2.49756,137.892,-0.341381E-01
2.49817,137.926,-0.856295E-01
2.49878,137.959,0.112378
2.49939,137.993,-0.117647
2.50000,138.027,0.158512E-01
2.50061,138.061,-0.302740
2.50122,138.094,-0.279699
2.50183,138.128,-0.273470
2.50244,138.162,0.192954
2.50305,138.195,-0.221784
2.50366,138.229,0.135280E-01
2.50427,138.263,-0.921346E-01
2.50488,138.296,0.201870
2.50549,138.330,-0.261312
2.50610,138.364,-0.181219
2.50671,138.398,-0.809377E-01
2.50732,138.431,-0.828925E-01
2.50793,138.465,0.128998
2.50854,138.499,0.737208E-01
2.50916,138.532,0.987504E-02
2.50977,138.566,-0.223592E-01
2.51038,138.600,0.160704
2.51099,138.633,-0.512857E-02
2.51160,138.667,0.115410
2.51221,138.701,0.156227
2.51282,138.735,-0.149314
2.51343,138.768,0.320356
2.51404,138.802,-0.830932E-01
2.51465,138.836,0.109379
2.51526,138.869,-0.325226
2.51587,138.903,0.807906E-01
2.51648,138.937,0.116069
2.51709,138.970,-0.652041E-01
2.51770,139.004,-0.104245
2.51831,139.038,0.509095E-01
2.51892,139.071,-0.250270E-02
2.51953,139.105,-0.196253
2.52014,139.139,-0.101093
2.52075,139.173,0.584020E-01
2.52136,139.206,-0.344376
2.52197,139.240,-0.512695E-01
2.52258,139.274,-0.222225
2.52319,139.307,-0.100663
2.52380,139.341,0.911981E-01
2.52441,139.375,-0.199564E-01
2.52502,139.408,-0.169167E-01
2.52563,139.442,0.788044E-01
2.52625,139.476,-0.252279
2.52686,139.510,0.658080E-01
2.52747,139.543,-0.363000
2.52808,139.577,0.152773
2.52869,139.611,0.334947E-01
2.52930,139.644,0.160316
2.52991,139.678,0.707954E-01
2.53052,139.712,-0.280528
2.53113,139.745,0.117519
2.53174,139.779,-0.907163E-01
2.53235,139.813,0.249588
2.53296,139.847,0.267774
2.53357,139.880,-0.145420
2.53418,139.914,-0.109756
2.53479,139.948,-0.177235E-01
2.53540,139.981,0.342167E-01
2.53601,140.015,0.274343E-01
2.53662,140.049,0.438750
2.53723,140.082,0.762718E-01
2.53784,140.116,-0.623069E-01
2.53845,140.150,-0.469771
2.53906,140.184,0.111298
2.53967,140.217,-0.861085
2.54028,140.251,-0.397827
2.54089,140.285,-0.534387
2.54150,140.318,-0.378896
2.54211,140.352,0.158379
2.54272,140.386,-0.994029E-01
2.54333,140.419,-0.175659
2.54395,140.453,0.510206
2.54456,140.487,0.534870
2.54517,140.521,0.415956
2.54578,140.554,-0.210848
2.54639,140.588,-0.313852
2.54700,140.622,-0.223254E-02
2.54761,140.655,-0.494767E-01
2.54822,140.689,-0.346759
2.54883,140.723,0.155499
2.54944,140.756,0.748544
2.55005,140.790,-0.200894
2.55066,140.824,0.276048
2.55127,140.857,0.245477E-01
2.55188,140.891,-0.329144
2.55249,140.925,-0.135511E-01
2.55310,140.959,-0.250980E-01
2.55371,140.992,-0.879630E-01
2.55432,141.026,-0.375890
2.55493,141.060,-0.171839
2.55554,141.093,-0.440955
2.55615,141.127,-0.900182E-01
2.55676,141.161,-0.216702
2.55737,141.194,-0.381724E-02
2.55798,141.228,-0.227420
2.55859,141.262,-0.355284
2.55920,141.296,-0.220397E-03
2.55981,141.329,-0.161614E-01
2.56042,141.363,-0.127276
2.56104,141.397,0.268850E-01
2.56165,141.430,0.822301E-01
2.56226,141.464,0.173348
2.56287,141.498,-0.615640E-01
2.56348,141.531,0.308982
2.56409,141.565,-0.318566
2.56470,141.599,0.167911
2.56531,141.633,-0.727781E-01
2.56592,141.666,-0.337099
2.56653,141.700,-0.402541
2.56714,141.734,-0.941210
2.56775,141.767,-0.542585E-01
2.56836,141.801,0.310805E-01
2.56897,141.835,-0.152880E-01
2.56958,141.868,-0.997261
2.57019,141.902,-0.390478
2.57080,141.936,-0.172619
2.57141,141.970,-0.104754
2.57202,142.003,0.489606
2.57263,142.037,-0.434267
2.57324,142.071,0.703796E-01
2.57385,142.104,0.192079E-01
2.57446,142.138,-0.386945E-01
2.57507,142.172,0.429112E-01
2.57568,142.205,-0.948938E-01
2.57629,142.239,0.732422E-01
2.57690,142.273,0.186204E-01
2.57751,142.306,-0.190886
2.57812,142.340,-0.101996
2.57874,142.374,-0.249220
2.57935,142.408,-0.236520
2.57996,142.441,0.205587
2.58057,142.475,0.379541
2.58118,142.509,0.246141
2.58179,142.542,0.153765
2.58240,142.576,-0.928104
2.58301,142.610,0.668092E-02
2.58362,142.643,-0.356277E-01
2.58423,142.677,-0.486810E-02
2.58484,142.711,0.221341E-01
2.58545,142.745,-0.247937
2.58606,142.778,-0.129753
2.58667,142.812,0.200482E-01
2.58728,142.846,-0.230893
2.58789,142.879,-0.125684
2.58850,142.913,0.585359
2.58911,142.947,0.460797
2.58972,142.980,-0.227138E-01
2.59033,143.014,0.668571
2.59094,143.048,-0.146379
2.59155,143.082,-0.580111E-01
2.59216,143.115,0.164688
2.59277,143.149,-0.147838
2.59338,143.183,-0.390993
2.59399,143.216,-0.570026E-02
2.59460,143.250,-0.179815
2.59521,143.284,0.281321
2.59583,143.317,-0.351750
2.59644,143.351,-0.115396
2.59705,143.385,0.877255E-01
2.59766,143.419,-0.888127E-02
2.59827,143.452,-0.453493
2.59888,143.486,-0.972065E-02
2.59949,143.520,0.491719E-01
2.60010,143.553,0.111209
2.60071,143.587,-0.103296
2.60132,143.621,0.801641E-01
2.60193,143.654,0.133576
2.60254,143.688,0.529613E-01
2.60315,143.722,0.263215E-01
2.60376,143.756,0.626706E-01
2.60437,143.789,0.160710
2.60498,143.823,-0.102779
2.60559,143.857,-0.433478E-01
2.60620,143.890,0.182097
2.60681,143.924,0.700778E-02
2.60742,143.958,-0.462850
2.60803,143.991,0.133281
2.60864,144.025,-0.337308
2.60925,144.059,0.327442
2.60986,144.092,0.244990
2.61047,144.126,-0.225111
2.61108,144.160,-0.357203
2.61169,144.194,0.447375
2.61230,144.227,-0.170769E-01
2.61292,144.261,-0.105542
2.61353,144.295,0.641261E-01
2.61414,144.328,-0.176236
2.61475,144.362,-0.451793E-02
2.61536,144.396,-0.566341E-01
2.61597,144.429,-0.182474
2.61658,144.463,-0.155062
2.61719,144.497,-0.297006
2.61780,144.531,0.209681
2.61841,144.564,-0.157116
2.61902,144.598,-0.119741E-01
2.61963,144.632,-0.780858E-01
2.62024,144.665,-0.347009
2.62085,144.699,-0.172328
2.62146,144.733,0.264838
2.62207,144.766,0.126034
2.62268,144.800,0.636746E-01
2.62329,144.834,-0.173806
2.62390,144.868,-0.601492E-01
2.62451,144.901,0.560173E-02
2.62512,144.935,0.233519E-01
2.62573,144.969,-0.634643E-01
2.62634,145.002,0.135710
2.62695,145.036,-0.194559
2.62756,145.070,-0.253309
2.62817,145.103,0.105755
2.62878,145.137,-0.261079
2.62939,145.171,-0.249850
2.63000,145.205,0.960090E-01
2.63062,145.238,0.105213
2.63123,145.272,0.712642E-01
2.63184,145.306,-0.151032
2.63245,145.339,-0.148245E-01
2.63306,145.373,-0.706451E-01
2.63367,145.407,0.184612
2.63428,145.440,0.731250E-01
2.63489,145.474,-1.11359
2.63550,145.508,0.135034
2.63611,145.542,0.569087E-01
2.63672,145.575,-0.759103E-01
2.63733,145.609,0.444735
2.63794,145.643,-0.159466E-02
2.63855,145.676,-0.323472
2.63916,145.710,-0.409586E-02
2.63977,145.744,0.261930
2.64038,145.777,-0.222368E-01
2.64099,145.811,-0.984378E-01
2.64160,145.845,-0.639165E-01
2.64221,145.878,0.416374
2.64282,145.912,-0.112981
2.64343,145.946,0.121563
2.64404,145.980,-0.895026E-01
2.64465,146.013,0.429625
2.64526,146.047,0.830829
2.64587,146.081,-0.383418
2.64648,146.114,-0.265161
2.64709,146.148,-0.265074
2.64771,146.182,0.682143E-01
2.64832,146.215,-0.207141
2.64893,146.249,0.238994
2.64954,146.283,-0.606934
2.65015,146.317,-0.197525
2.65076,146.350,0.573492E-01
2.65137,146.384,0.863096E-01
2.65198,146.418,1.06854
2.65259,146.451,0.300402
2.65320,146.485,0.412187E-01
2.65381,146.519,-0.318177E-01
2.65442,146.552,-0.776360E-01
2.65503,146.586,-0.192420
2.65564,146.620,0.573205E-01
2.65625,146.654,0.694240
2.65686,146.687,0.103827
2.65747,146.721,0.398410
2.65808,146.755,-0.154878
2.65869,146.788,0.176112
2.65930,146.822,0.197661
2.65991,146.856,0.180157
2.66052,146.889,-1.02369
2.66113,146.923,-0.306819
2.66174,146.957,0.194375E-03
2.66235,146.991,-0.390664
2.66296,147.024,0.737348E-01
2.66357,147.058,0.290399
2.66418,147.092,-0.257285
2.66479,147.125,-0.389909
2.66541,147.159,-0.369390
2.66602,147.193,0.517574E-01
2.66663,147.226,0.446621
2.66724,147.260,0.140489
2.66785,147.294,-0.228001
2.66846,147.327,-0.118048
2.66907,147.361,-0.144073
2.66968,147.395,0.760282E-01
2.67029,147.429,0.703240E-01
2.67090,147.462,-0.134758
2.67151,147.496,-0.806124E-01
2.67212,147.530,-0.333877
2.67273,147.563,0.276978E-01
2.67334,147.597,0.365663E-01
2.67395,147.631,-0.463790
2.67456,147.664,-0.253847
2.67517,147.698,-0.201856
2.67578,147.732,-0.538745
2.67639,147.766,-0.843714
2.67700,147.799,-0.370619
2.67761,147.833,-1.00872
2.67822,147.867,0.515532E-01
2.67883,147.900,-0.292828E-01
2.67944,147.934,-0.353229
2.68005,147.968,0.457725
2.68066,148.001,0.480762
2.68127,148.035,0.215011
2.68188,148.069,-0.852894E-01
2.68250,148.103,0.375445E-01
2.68311,148.136,0.178433
2.68372,148.170,-0.573207
2.68433,148.204,0.214615
2.68494,148.237,-0.298645
2.68555,148.271,-0.205120E-01
2.68616,148.305,-0.132185
2.68677,148.338,-0.117537
2.68738,148.372,-0.114940
2.68799,148.406,-0.357719
2.68860,148.440,0.360478
2.68921,148.473,-0.812692E-01
2.68982,148.507,-0.408284
2.69043,148.541,0.452826
2.69104,148.574,-0.164052
2.69165,148.608,0.148790
2.69226,148.642,-0.131550
2.69287,148.675,-0.153466E-01
2.69348,148.709,0.273672
2.69409,148.743,-0.661257E-01
2.69470,148.777,0.453493E-01
2.69531,148.810,-0.113289
2.69592,148.844,-0.612862E-01
2.69653,148.878,0.444045
2.69714,148.911,0.338136E-01
2.69775,148.945,0.585072
2.69836,148.979,0.222824
2.69897,149.012,-0.124687
2.69958,149.046,0.583627E-01
2.70020,149.080,-0.567421E-01
2.70081,149.113,-0.449978
2.70142,149.147,0.194864
2.70203,149.181,0.210379
2.70264,149.215,0.156875
2.70325,149.248,-0.105540
2.70386,149.282,0.360773E-01
2.70447,149.316,0.260032
2.70508,149.349,0.231537
2.70569,149.383,0.489030
2.70630,149.417,0.196042
2.70691,149.450,0.227000
2.70752,149.484,-0.953833E-01
2.70813,149.518,0.135798
2.70874,149.552,0.384574E-01
2.70935,149.585,0.617487
2.70996,149.619,0.147394
2.71057,149.653,0.336036
2.71118,149.686,0.654377E-01
2.71179,149.720,-0.141359
2.71240,149.754,-0.390563
2.71301,149.787,0.183079
2.71362,149.821,0.247354
2.71423,149.855,0.369157
2.71484,149.889,0.153756
2.71545,149.922,-0.877997E-01
2.71606,149.956,-0.646808E-01
2.71667,149.990,0.295775
2.71729,150.023,-0.119901
2.71790,150.057,-0.385184
2.71851,150.091,-0.278404E-01
2.71912,150.124,0.351521
2.71973,150.158,-0.229445
2.72034,150.192,0.260550E-01
2.72095,150.226,-0.458261
2.72156,150.259,-0.717682
2.72217,150.293,0.115108
2.72278,150.327,-0.101693E-02
2.72339,150.360,-0.652706E-02
2.72400,150.394,0.556571E-01
2.72461,150.428,-0.242750
2.72522,150.461,-0.477808E-01
2.72583,150.495,-0.124038
2.72644,150.529,-0.156284E-01
2.72705,150.563,-0.433468
2.72766,150.596,0.283988
2.72827,150.630,-0.246057E-01
2.72888,150.664,-0.697966E-01
2.72949,150.697,-0.184436
2.73010,150.731,-0.111965
2.73071,150.765,-0.423550E-03
2.73132,150.798,-0.362095
2.73193,150.832,0.129267E-01
2.73254,150.866,-0.107301
2.73315,150.899,-0.740773E-01
2.73376,150.933,-0.313986
2.73438,150.967,0.205429E-01
2.73499,151.001,-0.735500E-01
2.73560,151.034,-0.214942
2.73621,151.068,-0.762945E-02
2.73682,151.102,-0.248039E-01
2.73743,151.135,0.143508
2.73804,151.169,0.223001
2.73865,151.203,-0.159030
2.73926,151.236,0.326688
2.73987,151.270,0.141053
2.74048,151.304,0.161852
2.74109,151.338,0.150040
2.74170,151.371,-0.316209
2.74231,151.405,0.110597E-01
2.74292,151.439,0.621432
2.74353,151.472,-0.476495
2.74414,151.506,0.128903
2.74475,151.540,0.491663E-01
2.74536,151.573,0.967547E-04
2.74597,151.607,-0.223694
2.74658,151.641,-0.179746E-01
2.74719,151.675,0.264626
2.74780,151.708,0.610548E-01
2.74841,151.742,-0.812366
2.74902,151.776,0.658255E-01
2.74963,151.809,-0.668693
2.75024,151.843,-0.240358E-01
2.75085,151.877,0.386929
2.75146,151.910,-0.165115
2.75208,151.944,0.306866
2.75269,151.978,0.191355
2.75330,152.012,-0.726124
2.75391,152.045,-0.260058
2.75452,152.079,0.402515
2.75513,152.113,-0.110508
2.75574,152.146,0.914918E-02
2.75635,152.180,0.152849
2.75696,152.214,-0.191233
2.75757,152.247,-0.196142
2.75818,152.281,0.161659
2.75879,152.315,0.202463
2.75940,152.348,-0.104028
2.76001,152.382,-0.568166E-01
2.76062,152.416,-0.739325E-01
2.76123,152.450,0.529007E-01
2.76184,152.483,-0.320429
2.76245,152.517,0.679736E-01
2.76306,152.551,-0.763256E-01
2.76367,152.584,0.276350
2.76428,152.618,-0.636414E-01
2.76489,152.652,-0.154848
2.76550,152.685,0.267377
2.76611,152.719,-0.575501
2.76672,152.753,0.122976
2.76733,152.787,-0.240080
2.76794,152.820,0.246919E-01
2.76855,152.854,-0.332245E-01
2.76917,152.888,0.275035
2.76978,152.921,0.111803E-01
2.77039,152.955,0.201672
2.77100,152.989,-0.108643
2.77161,153.022,-0.549939E-01
2.77222,153.056,0.321224
2.77283,153.090,0.318450E-01
2.77344,153.124,-0.189794
2.77405,153.157,-0.407358
2.77466,153.191,0.410149
2.77527,153.225,-0.597068
2.77588,153.258,0.339883E-01
2.77649,153.292,0.264464
2.77710,153.326,0.346990E-01
2.77771,153.359,0.953158E-02
2.77832,153.393,-0.257817
2.77893,153.427,-0.392330
2.77954,153.461,-0.203990
2.78015,153.494,-0.277671
2.78076,153.528,-0.221367
2.78137,153.562,0.113770
2.78198,153.595,0.300820
2.78259,153.629,0.194469E-01
2.78320,153.663,0.209183
2.78381,153.696,0.688978E-02
2.78442,153.730,-0.762244E-01
2.78503,153.764,-0.183342
2.78564,153.798,-0.246465
2.78625,153.831,0.106838
2.78687,153.865,0.318599
2.78748,153.899,0.568824
2.78809,153.932,-0.671975
2.78870,153.966,0.209584
2.78931,154.000,-0.212605
2.78992,154.033,-0.637358E-01
2.79053,154.067,0.138580
2.79114,154.101,-0.754606E-01
2.79175,154.134,0.434114E-01
2.79236,154.168,0.127207
2.79297,154.202,-0.113882
2.79358,154.236,-0.311674
2.79419,154.269,-0.141753
2.79480,154.303,-0.503409
2.79541,154.337,0.278170E-01
2.79602,154.370,0.430784E-01
2.79663,154.404,-0.445359
2.79724,154.438,0.109126
2.79785,154.471,0.372315E-01
2.79846,154.505,0.249675
2.79907,154.539,-0.333986
2.79968,154.573,0.900058E-01
2.80029,154.606,-0.150862
2.80090,154.640,-0.156673
2.80151,154.674,0.134299
2.80212,154.707,-0.410169
2.80273,154.741,0.381523
2.80334,154.775,-0.423888
2.80396,154.808,0.133356E-01
2.80457,154.842,0.461181E-01
2.80518,154.876,-0.607745
2.80579,154.910,-0.568670E-01
2.80640,154.943,0.990233E-01
2.80701,154.977,-0.486818
2.80762,155.011,-0.720203
2.80823,155.044,0.559830E-01
2.80884,155.078,0.400957
2.80945,155.112,0.692335
2.81006,155.145,-0.192941
2.81067,155.179,-0.772330E-02
2.81128,155.213,-0.172726
2.81189,155.247,0.584297
2.81250,155.280,0.149522
2.81311,155.314,0.214729
2.81372,155.348,0.117263E-01
2.81433,155.381,-0.342680
2.81494,155.415,-0.791350E-02
2.81555,155.449,0.111533E-01
2.81616,155.482,0.404145E-01
2.81677,155.516,-0.137337
2.81738,155.550,-0.103592
2.81799,155.583,0.131496
2.81860,155.617,-0.900135E-01
2.81921,155.651,0.223603E-01
2.81982,155.685,-0.311210
2.82043,155.718,-0.725728E-01
2.82104,155.752,-0.127468
2.82166,155.786,1.17840
2.82227,155.819,0.493940
2.82288,155.853,0.816874E-01
2.82349,155.887,-0.110547
2.82410,155.920,-0.375711
2.82471,155.954,0.168822E-01
2.82532,155.988,-0.800043
2.82593,156.022,0.279365
2.82654,156.055,-0.375027
2.82715,156.089,-0.388435E-01
2.82776,156.123,-0.135117E-01
2.82837,156.156,-0.501341E-01
2.82898,156.190,0.171772
2.82959,156.224,0.350985
2.83020,156.257,0.625125E-01
2.83081,156.291,0.115565E-02
2.83142,156.325,0.789344E-01
2.83203,156.359,0.254511
2.83264,156.392,0.161855
2.83325,156.426,0.101088E-01
2.83386,156.460,-0.208372
2.83447,156.493,-0.183251
2.83508,156.527,-0.335212
2.83569,156.561,-0.606261
2.83630,156.594,0.470643
2.83691,156.628,0.260970
2.83752,156.662,0.215918
2.83813,156.696,-0.388027
2.83875,156.729,-0.800195E-01
2.83936,156.763,-0.699235E-01
2.83997,156.797,0.679764
2.84058,156.830,-0.137964E-01
2.84119,156.864,0.494867
2.84180,156.898,-0.628745E-01
2.84241,156.931,0.115354
2.84302,156.965,0.372292
2.84363,156.999,-0.177488
2.84424,157.033,0.169800
2.84485,157.066,-1.34043
2.84546,157.100,-0.127024
2.84607,157.134,0.173040
2.84668,157.167,0.138226
2.84729,157.201,0.566894E-01
2.84790,157.235,-0.459881E-01
2.84851,157.268,0.891367E-01
2.84912,157.302,-0.152514
2.84973,157.336,-0.433028E-01
2.85034,157.369,0.762758
2.85095,157.403,-0.527867
2.85156,157.437,-0.274766
2.85217,157.471,-0.481477E-01
2.85278,157.504,0.822111E-01
2.85339,157.538,-0.283576
2.85400,157.572,-0.389992E-02
2.85461,157.605,0.143964
2.85522,157.639,0.109933
2.85583,157.673,-0.151474
2.85645,157.706,-0.107273E-02
2.85706,157.740,-0.297885E-01
2.85767,157.774,-0.171735
2.85828,157.808,-0.140191
2.85889,157.841,0.368026
2.85950,157.875,0.578084E-01
2.86011,157.909,0.383982
2.86072,157.942,0.231021E-02
2.86133,157.976,-0.675259E-01
2.86194,158.010,0.310138
2.86255,158.043,-0.280523
2.86316,158.077,0.252348E-01
2.86377,158.111,-0.681049E-01
2.86438,158.145,0.499539
2.86499,158.178,-0.449729E-02
2.86560,158.212,-0.115484
2.86621,158.246,-0.444696
2.86682,158.279,-0.905680E-01
2.86743,158.313,0.519982
2.86804,158.347,0.330673
2.86865,158.380,0.184227
2.86926,158.414,-0.118560
2.86987,158.448,-0.123803
2.87048,158.482,0.456908
2.87109,158.515,-0.103275E-01
2.87170,158.549,0.479283
2.87231,158.583,-0.235358
2.87292,158.616,0.242465
2.87354,158.650,0.371052E-01
2.87415,158.684,-0.327751
2.87476,158.717,-0.165150
2.87537,158.751,-0.757737E-01
2.87598,158.785,0.149069
2.87659,158.819,-0.163966
2.87720,158.852,-0.920484E-01
2.87781,158.886,1.02943
2.87842,158.920,-0.112811
2.87903,158.953,0.976617E-02
2.87964,158.987,-0.329005
2.88025,159.021,0.733641E-01
2.88086,159.054,-0.621262E-01
2.88147,159.088,0.347037E-01
2.88208,159.122,-0.153960
2.88269,159.155,-0.383497
2.88330,159.189,0.507250
2.88391,159.223,-0.284278
2.88452,159.257,-0.287295
2.88513,159.290,-0.944318E-01
2.88574,159.324,0.145275
2.88635,159.358,-0.522580
2.88696,159.391,-0.306906
2.88757,159.425,-0.238386
2.88818,159.459,0.647629
2.88879,159.492,0.450548E-01
2.88940,159.526,0.111401
2.89001,159.560,-0.116127
2.89062,159.594,0.356611
2.89124,159.627,-0.222797
2.89185,159.661,-0.635951
2.89246,159.695,0.379025E-02
2.89307,159.728,-0.506889E-01
2.89368,159.762,-0.134443
2.89429,159.796,0.645274E-01
2.89490,159.829,0.567620E-01
2.89551,159.863,0.192224
2.89612,159.897,0.438164
2.89673,159.931,0.279437E-01
2.89734,159.964,0.273710E-01
2.89795,159.998,0.142083
2.89856,160.032,0.520417E-01
2.89917,160.065,0.303717E-02
2.89978,160.099,0.510033
2.90039,160.133,0.301657E-01
2.90100,160.166,-0.374416E-01
2.90161,160.200,0.997851E-02
2.90222,160.234,-0.537499
2.90283,160.268,0.116181
2.90344,160.301,-0.526400E-01
2.90405,160.335,-0.878519E-01
2.90466,160.369,0.328621
2.90527,160.402,0.148774E-01
2.90588,160.436,0.108583
2.90649,160.470,-0.123334
2.90710,160.503,-0.255579
2.90771,160.537,0.421826E-01
2.90833,160.571,-0.226498
2.90894,160.604,0.659857E-01
2.90955,160.638,0.436412
2.91016,160.672,0.817135E-01
2.91077,160.706,-0.178797
2.91138,160.739,0.283363
2.91199,160.773,0.155344
2.91260,160.807,-0.279849
2.91321,160.840,-0.131900E-01
2.91382,160.874,-0.108282
2.91443,160.908,0.160261
2.91504,160.941,-0.666338E-02
2.91565,160.975,-0.357105
2.91626,161.009,-0.407306E-01
2.91687,161.043,0.112034
2.91748,161.076,-0.166214
2.91809,161.110,0.412877E-01
2.91870,161.144,0.114442E-01
2.91931,161.177,-0.143929
2.91992,161.211,-0.176905E-01
2.92053,161.245,-0.416239E-01
2.92114,161.278,0.387375
2.92175,161.312,0.425924E-01
2.92236,161.346,0.382208
2.92297,161.380,0.156557
2.92358,161.413,-0.624297E-01
2.92419,161.447,-0.219906
2.92480,161.481,-0.137616
2.92542,161.514,0.142981
2.92603,161.548,0.109967
2.92664,161.582,-0.353903
2.92725,161.615,-0.128968
2.92786,161.649,-0.350423
2.92847,161.683,-0.117132
2.92908,161.717,-0.150287
2.92969,161.750,0.128605
2.93030,161.784,0.512750E-01
2.93091,161.818,0.433636
2.93152,161.851,-0.277466
2.93213,161.885,-0.563288E-02
2.93274,161.919,-0.162986E-01
2.93335,161.952,0.101821E-01
2.93396,161.986,0.542920E-02
2.93457,162.020,-0.724106
2.93518,162.054,0.236420
2.93579,162.087,-0.244285
2.93640,162.121,-0.544502E-02
2.93701,162.155,0.229759
2.93762,162.188,-0.659470E-01
2.93823,162.222,0.132346
2.93884,162.256,0.346872E-01
2.93945,162.289,-0.252604
2.94006,162.323,0.527747E-01
2.94067,162.357,0.481956
2.94128,162.390,0.376476
2.94189,162.424,0.341414E-01
2.94250,162.458,0.218262
2.94312,162.492,-0.354335
2.94373,162.525,0.569937
2.94434,162.559,-0.130932
2.94495,162.593,-0.196237E-01
2.94556,162.626,0.617962E-01
2.94617,162.660,-0.206596
2.94678,162.694,-0.171214E-01
2.94739,162.727,-0.408148
2.94800,162.761,0.960748E-01
2.94861,162.795,-0.234503
2.94922,162.829,-0.392956
2.94983,162.862,-0.227708E-01
2.95044,162.896,-0.859608
2.95105,162.930,-0.228320E-01
2.95166,162.963,-0.167491
2.95227,162.997,-0.269568E-01
2.95288,163.031,0.477109E-01
2.95349,163.064,0.146945
2.95410,163.098,0.485927
2.95471,163.132,0.172312
2.95532,163.166,-0.640547E-02
2.95593,163.199,0.120523
2.95654,163.233,0.122258
2.95715,163.267,-0.103069
2.95776,163.300,-0.611448E-02
2.95837,163.334,-0.296514
2.95898,163.368,-0.325236
2.95959,163.401,-0.203645
2.96021,163.435,-0.246261
2.96082,163.469,-0.148900
2.96143,163.503,-0.214323
2.96204,163.536,0.231749E-01
2.96265,163.570,0.100374
2.96326,163.604,-0.704765E-01
2.96387,163.637,0.723937
2.96448,163.671,-0.321886
2.96509,163.705,-0.250511
2.96570,163.738,-0.986869
2.96631,163.772,0.346585
2.96692,163.806,0.255327
2.96753,163.839,-0.278908E-01
2.96814,163.873,-0.128923
2.96875,163.907,-0.150715
2.96936,163.941,-0.728109E-01
2.96997,163.974,-0.161308
2.97058,164.008,0.515619
2.97119,164.042,-0.751938E-01
2.97180,164.075,0.968382E-01
2.97241,164.109,-0.436607
2.97302,164.143,-0.149234
2.97363,164.176,0.372311
2.97424,164.210,-0.341485
2.97485,164.244,0.123910
2.97546,164.278,0.306593
2.97607,164.311,0.235614
2.97668,164.345,0.121864
2.97729,164.379,-0.552736E-02
2.97791,164.412,0.101729
2.97852,164.446,-0.419592E-01
2.97913,164.480,0.135715
2.97974,164.513,-0.185298
2.98035,164.547,-0.821235E-01
2.98096,164.581,0.375914E-01
2.98157,164.615,0.172688E-01
2.98218,164.648,-0.654086
2.98279,164.682,0.140032
2.98340,164.716,0.401157
2.98401,164.749,-0.160279
2.98462,164.783,-0.121626E-01
2.98523,164.817,-0.402278
2.98584,164.850,-0.166332
2.98645,164.884,-0.198712E-01
2.98706,164.918,0.565350E-01
2.98767,164.952,-0.289076E-01
2.98828,164.985,-0.500947E-01
2.98889,165.019,0.378400
2.98950,165.053,0.382406
2.99011,165.086,0.113782
2.99072,165.120,0.352281E-01
2.99133,165.154,-0.480877
2.99194,165.187,0.228353
2.99255,165.221,0.157841
2.99316,165.255,0.307078
2.99377,165.289,-0.234956E-01
2.99438,165.322,-0.370337
2.99500,165.356,-0.214400
2.99561,165.390,0.235787
2.99622,165.423,0.110134
2.99683,165.457,0.630709E-01
2.99744,165.491,0.229621
2.99805,165.524,0.176458
2.99866,165.558,0.231414E-01
2.99927,165.592,0.166071
2.99988,165.625,-0.509219
3.00049,165.659,-0.167831
3.00110,165.693,0.657993E-02
3.00171,165.727,-0.196424
3.00232,165.760,0.338394
3.00293,165.794,-0.350925
3.00354,165.828,0.388888
3.00415,165.861,0.129056E-01
3.00476,165.895,0.252466
3.00537,165.929,-0.354217
3.00598,165.962,0.163988
3.00659,165.996,0.371277E-01
3.00720,166.030,0.354357E-01
3.00781,166.064,0.848961E-01
3.00842,166.097,0.281297
3.00903,166.131,-0.369095E-02
3.00964,166.165,-0.497757
3.01025,166.198,0.856191E-01
3.01086,166.232,-0.272126
3.01147,166.266,0.365339
3.01208,166.299,-0.560500E-01
3.01270,166.333,-0.127403
3.01331,166.367,0.298585
3.01392,166.401,-0.224241
3.01453,166.434,-0.329314
3.01514,166.468,1.51596
3.01575,166.502,0.250389
3.01636,166.535,0.176381
3.01697,166.569,0.251633
3.01758,166.603,-0.419091
3.01819,166.636,0.175103
3.01880,166.670,-0.368085
3.01941,166.704,0.310600
3.02002,166.738,-0.193468
3.02063,166.771,0.317850E-01
3.02124,166.805,0.199450
3.02185,166.839,0.198758
3.02246,166.872,-0.641977E-01
3.02307,166.906,-0.317484
3.02368,166.940,0.639160E-01
3.02429,166.973,-0.201655E-01
3.02490,167.007,-0.363837E-01
3.02551,167.041,-0.195963
3.02612,167.075,-0.116376
3.02673,167.108,0.873537E-01
3.02734,167.142,-0.425327E-01
3.02795,167.176,-0.326803E-01
3.02856,167.209,0.461963
3.02917,167.243,-0.303962E-01
3.02979,167.277,0.219320E-01
3.03040,167.310,-0.278515
3.03101,167.344,0.330013E-01
3.03162,167.378,-0.288950
3.03223,167.411,0.343888
3.03284,167.445,-0.484598
3.03345,167.479,0.851579E-01
3.03406,167.513,-0.488234
3.03467,167.546,0.127904
3.03528,167.580,-0.304793E-01
3.03589,167.614,0.595001E-01
3.03650,167.647,0.520894
3.03711,167.681,-0.122458
3.03772,167.715,-0.254600
3.03833,167.748,0.334551
3.03894,167.782,0.129429
3.03955,167.816,-0.245192
3.04016,167.850,-0.718784E-01
3.04077,167.883,-0.881418
3.04138,167.917,-0.154132
3.04199,167.951,-0.123391
3.04260,167.984,-0.759682E-01
3.04321,168.018,-0.927502E-01
3.04382,168.052,0.932829E-01
3.04443,168.085,-0.172717E-01
3.04504,168.119,-1.47432
3.04565,168.153,0.351230E-01
3.04626,168.187,-0.224295E-01
3.04688,168.220,0.459195E-01
3.04749,168.254,-0.845575E-01
3.04810,168.288,-0.123514E-01
3.04871,168.321,-0.226314
3.04932,168.355,0.137596
3.04993,168.389,-0.157013
3.05054,168.422,-0.753755E-01
3.05115,168.456,-0.102041
3.05176,168.490,0.693239E-01
3.05237,168.524,0.185863
3.05298,168.557,0.713364E-01
3.05359,168.591,-0.295928
3.05420,168.625,-0.124469
3.05481,168.658,0.960336E-01
3.05542,168.692,-0.239448
3.05603,168.726,0.101982
3.05664,168.759,0.383888
3.05725,168.793,0.194318
3.05786,168.827,0.353962
3.05847,168.860,-1.02199
3.05908,168.894,-0.221819
3.05969,168.928,-0.123618
3.06030,168.962,-0.448955
3.06091,168.995,-0.230224
3.06152,169.029,0.203901
3.06213,169.063,-0.747325E-01
3.06274,169.096,-0.179587
3.06335,169.130,0.147802
3.06396,169.164,-0.331335
3.06458,169.197,-0.440289
3.06519,169.231,0.228314
3.06580,169.265,0.106213
3.06641,169.299,0.727153E-01
3.06702,169.332,0.159225
3.06763,169.366,-0.304593
3.06824,169.400,0.153164
3.06885,169.433,-0.172466
3.06946,169.467,-0.131576
3.07007,169.501,-0.860090E-01
3.07068,169.534,-0.124588
3.07129,169.568,0.149013
3.07190,169.602,0.271050
3.07251,169.636,-0.252661
3.07312,169.669,-0.291359
3.07373,169.703,0.221927
3.07434,169.737,-0.134315
3.07495,169.770,-0.153342
3.07556,169.804,0.210005
3.07617,169.838,-0.199136
3.07678,169.871,0.997553E-01
3.07739,169.905,-0.225011
3.07800,169.939,0.162283
3.07861,169.973,0.425864E-01
3.07922,170.006,-0.228183
3.07983,170.040,-0.451793E-02
3.08044,170.074,-0.343451E-01
3.08105,170.107,-0.354875E-01
3.08167,170.141,-0.706688E-01
3.08228,170.175,-0.316047
3.08289,170.208,-0.217067E-01
3.08350,170.242,-0.295311
3.08411,170.276,-0.959685E-01
3.08472,170.310,-0.230153
3.08533,170.343,-0.559618E-01
3.08594,170.377,-0.269485
3.08655,170.411,0.315144
3.08716,170.444,-0.586127
3.08777,170.478,0.106263E-01
3.08838,170.512,-0.453789
3.08899,170.545,-0.190312E-01
3.08960,170.579,0.338380E-01
3.09021,170.613,0.140674
3.09082,170.646,0.939353E-01
3.09143,170.680,-0.134364
3.09204,170.714,0.613704E-01
3.09265,170.748,-0.292879E-02
3.09326,170.781,-0.110939
3.09387,170.815,0.125540
3.09448,170.849,-0.509138E-01
3.09509,170.882,0.858086
3.09570,170.916,-0.400826
3.09631,170.950,0.254531E-01
3.09692,170.983,0.158898
3.09753,171.017,-0.123226
3.09814,171.051,-0.163281
3.09875,171.085,-0.586947
3.09937,171.118,0.150800
3.09998,171.152,-0.842947
3.10059,171.186,-0.109545
3.10120,171.219,0.179407E-01
3.10181,171.253,-0.375418
3.10242,171.287,0.301952
3.10303,171.320,0.397591E-01
3.10364,171.354,-0.248223
3.10425,171.388,0.565570
3.10486,171.422,-0.237967
3.10547,171.455,-0.105270
3.10608,171.489,-0.437751E-01
3.10669,171.523,0.466239
3.10730,171.556,-0.416126
3.10791,171.590,-0.499152E-01
3.10852,171.624,0.229076
3.10913,171.657,-0.188280
3.10974,171.691,-0.504331
3.11035,171.725,-0.250927
3.11096,171.759,-0.105136
3.11157,171.792,0.124440
3.11218,171.826,-0.358055
3.11279,171.860,-0.621019E-01
3.11340,171.893,-0.332918
3.11401,171.927,-0.247977E-01
3.11462,171.961,0.189943
3.11523,171.994,-0.173315
3.11584,172.028,-0.993643E-02
3.11646,172.062,0.150438
3.11707,172.095,-0.274506
3.11768,172.129,-0.836545
3.11829,172.163,-0.150885
3.11890,172.197,-0.323384
3.11951,172.230,0.125723
3.12012,172.264,-0.912184E-01
3.12073,172.298,0.986055E-01
3.12134,172.331,-0.812221
3.12195,172.365,-0.285008
3.12256,172.399,-0.139993
3.12317,172.432,0.205802
3.12378,172.466,0.213718
3.12439,172.500,-0.295382
3.12500,172.534,-0.122833E-02
3.12561,172.567,-0.709322E-01
3.12622,172.601,-0.230286E-01
3.12683,172.635,0.257965E-01
3.12744,172.668,0.584392
3.12805,172.702,-0.335998
3.12866,172.736,-0.277826
3.12927,172.769,-0.112816
3.12988,172.803,-0.294111E-01
3.13049,172.837,-0.339882E-01
3.13110,172.871,-0.348547
3.13171,172.904,-0.277122
3.13232,172.938,0.294255
3.13293,172.972,-0.864914E-01
3.13354,173.005,0.213894
3.13416,173.039,-0.181735
3.13477,173.073,0.190356
3.13538,173.106,0.781685E-01
3.13599,173.140,0.272725E-01
3.13660,173.174,-0.160682
3.13721,173.208,-0.317091E-01
3.13782,173.241,0.467094
3.13843,173.275,-0.235214
3.13904,173.309,0.510955
3.13965,173.342,-0.129781E-01
3.14026,173.376,0.358739
3.14087,173.410,0.374671
3.14148,173.443,0.107042
3.14209,173.477,0.199857
3.14270,173.511,0.781444
3.14331,173.545,-0.576510E-01
3.14392,173.578,0.443511
3.14453,173.612,0.924201E-01
3.14514,173.646,-0.992726E-01
3.14575,173.679,-0.297698
3.14636,173.713,-0.524168
3.14697,173.747,0.101090
3.14758,173.780,-0.518708E-01
3.14819,173.814,-0.630316
3.14880,173.848,-0.582768E-01
3.14941,173.881,-0.355048E-02
3.15002,173.915,-0.266113
3.15063,173.949,-0.240980E-01
3.15125,173.983,-0.200015
3.15186,174.016,-0.526517
3.15247,174.050,0.221870
3.15308,174.084,-0.201161E-01
3.15369,174.117,0.208855
3.15430,174.151,-0.419934
3.15491,174.185,0.228715E-01
3.15552,174.218,-0.168711
3.15613,174.252,-0.261901E-01
3.15674,174.286,-0.238443E-01
3.15735,174.320,-0.824661E-02
3.15796,174.353,0.589764E-01
3.15857,174.387,0.434422
3.15918,174.421,0.288765
3.15979,174.454,0.211503
3.16040,174.488,-0.110913
3.16101,174.522,0.348845E-03
3.16162,174.555,0.357602
3.16223,174.589,0.325214E-01
3.16284,174.623,0.375626
3.16345,174.657,0.464309
3.16406,174.690,0.128588
3.16467,174.724,-0.319389
3.16528,174.758,0.162518E-01
3.16589,174.791,0.424859E-01
3.16650,174.825,-0.418829
3.16711,174.859,0.597887E-01
3.16772,174.892,0.315967E-02
3.16833,174.926,-0.259659E-01
3.16895,174.960,-0.269233
3.16956,174.994,-0.812908E-01
3.17017,175.027,-0.127233
3.17078,175.061,0.150378E-01
3.17139,175.095,-0.107524E-01
3.17200,175.128,0.143080
3.17261,175.162,0.113667
3.17322,175.196,-0.285681
3.17383,175.229,-0.146181E-01
3.17444,175.263,-0.886005
3.17505,175.297,1.14336
3.17566,175.331,0.120682
3.17627,175.364,0.511120E-01
3.17688,175.398,-0.108880
3.17749,175.432,-0.400059E-01
3.17810,175.465,0.823992E-01
3.17871,175.499,-0.265447
3.17932,175.533,0.993390E-01
3.17993,175.566,0.121672
3.18054,175.600,-0.893232E-01
3.18115,175.634,-0.371186
3.18176,175.667,-0.146878
3.18237,175.701,-0.237079
3.18298,175.735,0.193640
3.18359,175.769,0.138019
3.18420,175.802,-0.522351E-01
3.18481,175.836,-0.715064E-02
3.18542,175.870,-0.448365E-01
3.18604,175.903,-0.284360
3.18665,175.937,-0.196070
3.18726,175.971,-0.729093
3.18787,176.004,-0.103274
3.18848,176.038,0.242984
3.18909,176.072,-0.460428
3.18970,176.106,-0.239950
3.19031,176.139,0.704054E-03
3.19092,176.173,0.104404
3.19153,176.207,0.114426
3.19214,176.240,-0.293192E-02
3.19275,176.274,-0.119528
3.19336,176.308,0.780102E-01
3.19397,176.341,0.575732E-03
3.19458,176.375,0.221224
3.19519,176.409,-0.459196E-01
3.19580,176.443,0.198654E-01
3.19641,176.476,0.115322
3.19702,176.510,-0.196832
3.19763,176.544,0.687028E-02
3.19824,176.577,-0.262797
3.19885,176.611,0.690638E-01
3.19946,176.645,0.896698E-01
3.20007,176.678,-0.168972
3.20068,176.712,-0.176420
3.20129,176.746,-0.232669
3.20190,176.780,0.417885
3.20251,176.813,0.305110E-01
3.20312,176.847,-0.231414
3.20374,176.881,0.302668
3.20435,176.914,-0.142274
3.20496,176.948,-0.107596
3.20557,176.982,-0.321761
3.20618,177.015,-0.987392E-01
3.20679,177.049,-0.274672
3.20740,177.083,-0.333252
3.20801,177.116,-0.260601
3.20862,177.150,0.684706E-01
3.20923,177.184,0.124334
3.20984,177.218,-0.230690
3.21045,177.251,-0.135758
3.21106,177.285,-0.264788
3.21167,177.319,-0.895316E-01
3.21228,177.352,0.270339E-01
3.21289,177.386,-0.168040
3.21350,177.420,0.447404E-01
3.21411,177.453,-0.350499
3.21472,177.487,0.305594E-01
3.21533,177.521,-0.320034
3.21594,177.555,0.103359
3.21655,177.588,-0.287331E-01
3.21716,177.622,-0.717825
3.21777,177.656,-0.327462
3.21838,177.689,-0.243013
3.21899,177.723,0.205842
3.21960,177.757,0.743543E-01
3.22021,177.790,-0.407262
3.22083,177.824,-0.314418E-01
3.22144,177.858,0.901861E-01
3.22205,177.892,-0.304352
3.22266,177.925,-0.155396E-01
3.22327,177.959,0.116252
3.22388,177.993,0.315985
3.22449,178.026,-0.181676
3.22510,178.060,-0.450601
3.22571,178.094,0.168970
3.22632,178.127,-0.798403E-01
3.22693,178.161,-0.188606
3.22754,178.195,0.198110
3.22815,178.229,-0.703944
3.22876,178.262,0.283413
3.22937,178.296,-0.196965E-01
3.22998,178.330,-0.344385
3.23059,178.363,0.830047E-01
3.23120,178.397,0.219354E-01
3.23181,178.431,0.267373E-01
3.23242,178.464,0.255243
3.23303,178.498,0.173219
3.23364,178.532,-0.354971E-01
3.23425,178.566,-0.479294
3.23486,178.599,-0.176237
3.23547,178.633,0.672231E-01
3.23608,178.667,-0.558258E-01
3.23669,178.700,-0.795028E-01
3.23730,178.734,-0.221171
3.23792,178.768,-0.255476
3.23853,178.801,-0.110702
3.23914,178.835,0.867537E-01
3.23975,178.869,0.468623
3.24036,178.902,0.840387E-02
3.24097,178.936,0.200180
3.24158,178.970,-0.337113E-01
3.24219,179.004,-0.639860E-01
3.24280,179.037,-0.292621
3.24341,179.071,-0.622748E-01
3.24402,179.105,-0.847947E-01
3.24463,179.138,-0.566231E-01
3.24524,179.172,-0.195220
3.24585,179.206,0.276329E-01
3.24646,179.239,-0.215221
3.24707,179.273,-0.498830
3.24768,179.307,-0.167786
3.24829,179.341,0.347754
3.24890,179.374,-0.286239
3.24951,179.408,-0.184771
3.25012,179.442,0.297600
3.25073,179.475,0.531194
3.25134,179.509,-0.129723
3.25195,179.543,-0.390967E-01
3.25256,179.576,0.717389E-01
3.25317,179.610,0.601467
3.25378,179.644,0.178763
3.25439,179.678,0.301438
3.25500,179.711,-0.153420
3.25562,179.745,0.418855E-01
3.25623,179.779,0.243514
3.25684,179.812,0.361304E-01
3.25745,179.846,0.516750
3.25806,179.880,0.987189E-01
3.25867,179.913,-0.467784E-01
3.25928,179.947,0.204887
3.25989,179.981,0.117908
3.26050,180.015,0.852798E-01
3.26111,180.048,-0.216895
3.26172,180.082,0.882724E-01
3.26233,180.116,-0.564730E-02
3.26294,180.149,-0.640763
3.26355,180.183,0.126133
3.26416,180.217,-0.131930E-01
3.26477,180.250,-0.435063
3.26538,180.284,-0.136518
3.26599,180.318,0.116914
3.26660,180.352,0.835778E-02
3.26721,180.385,-0.331002
3.26782,180.419,-0.137220
3.26843,180.453,-0.962740
3.26904,180.486,0.918688
3.26965,180.520,-0.248405
3.27026,180.554,-0.236016
3.27087,180.587,-0.127902
3.27148,180.621,-0.252920E-01
3.27209,180.655,-0.728845
3.27271,180.688,0.222015E-01
3.27332,180.722,0.212533E-03
3.27393,180.756,0.855599E-01
3.27454,180.790,0.624146E-01
3.27515,180.823,-0.568360
3.27576,180.857,0.107477
3.27637,180.891,0.303956E-01
3.27698,180.924,0.168458
3.27759,180.958,0.772724E-02
3.27820,180.992,-0.282294
3.27881,181.025,-0.334121E-01
3.27942,181.059,0.320806
3.28003,181.093,-0.141371
3.28064,181.127,-0.978641E-01
3.28125,181.160,0.228359
3.28186,181.194,-0.148368E-01
3.28247,181.228,-0.503654E-01
3.28308,181.261,-0.557463E-01
3.28369,181.295,-0.672299
3.28430,181.329,0.205563
3.28491,181.362,0.761848
3.28552,181.396,0.284617E-02
3.28613,181.430,-0.454809
3.28674,181.464,-0.303158
3.28735,181.497,0.316860
3.28796,181.531,-0.280195
3.28857,181.565,0.106028
3.28918,181.598,0.836775
3.28979,181.632,-0.115295E-01
3.29041,181.666,0.503285
3.29102,181.699,-0.140056
3.29163,181.733,-0.264086E-01
3.29224,181.767,-0.696818E-01
3.29285,181.801,-0.356139
3.29346,181.834,-0.148807E-01
3.29407,181.868,-0.425463
3.29468,181.902,-0.262760
3.29529,181.935,0.139541
3.29590,181.969,0.148128E-01
3.29651,182.003,-0.170648E-02
3.29712,182.036,-0.132026E-01
3.29773,182.070,0.397087E-01
3.29834,182.104,-0.832012E-02
3.29895,182.137,-0.935320E-01
3.29956,182.171,0.985126E-01
3.30017,182.205,0.192377
3.30078,182.239,0.110827
3.30139,182.272,-0.140413
3.30200,182.306,0.198923E-01
3.30261,182.340,-0.654822E-01
3.30322,182.373,-0.211441
3.30383,182.407,0.481616E-02
3.30444,182.441,-0.450169
3.30505,182.474,0.392436
3.30566,182.508,0.855850E-01
3.30627,182.542,-0.269866
3.30688,182.576,-0.136930
3.30750,182.609,0.334466
3.30811,182.643,0.928130
3.30872,182.677,-0.196022
3.30933,182.710,-0.159285
3.30994,182.744,-0.125395
3.31055,182.778,0.120474E-01
3.31116,182.811,-0.792476E-01
3.31177,182.845,-0.382036E-01
3.31238,182.879,-0.337125
3.31299,182.913,0.168549E-01
3.31360,182.946,-0.205885
3.31421,182.980,0.940119E-01
3.31482,183.014,0.113203
3.31543,183.047,-0.362034E-01
3.31604,183.081,0.180955
3.31665,183.115,-0.833001E-01
3.31726,183.148,-0.807447E-01
3.31787,183.182,0.325629
3.31848,183.216,0.569829
3.31909,183.250,0.319559
3.31970,183.283,-0.808348E-01
3.32031,183.317,-0.130248
3.32092,183.351,0.137448
3.32153,183.384,0.580333E-01
3.32214,183.418,-0.135670E-01
3.32275,183.452,-0.334392E-01
3.32336,183.485,-0.145231
3.32397,183.519,-0.352921
3.32458,183.553,0.805892E-01
3.32520,183.587,0.612820E-01
3.32581,183.620,-0.347161
3.32642,183.654,-0.508235E-01
3.32703,183.688,0.238806
3.32764,183.721,-0.237908
3.32825,183.755,0.419262
3.32886,183.789,0.159848
3.32947,183.822,0.936354E-01
3.33008,183.856,-0.590731E-01
3.33069,183.890,0.512035
3.33130,183.923,0.221041
3.33191,183.957,0.508065
3.33252,183.991,-0.210389
3.33313,184.025,0.363354E-01
3.33374,184.058,-1.06178
3.33435,184.092,-0.278734
3.33496,184.126,-0.139638
3.33557,184.159,-0.958350E-01
3.33618,184.193,-0.745017
3.33679,184.227,-0.516635
3.33740,184.260,0.196587
3.33801,184.294,-0.369897E-02
3.33862,184.328,0.516856
3.33923,184.362,0.255087
3.33984,184.395,0.327624
3.34045,184.429,-0.471843
3.34106,184.463,0.529000E-01
3.34167,184.496,0.394292E-01
3.34229,184.530,-0.254544
3.34290,184.564,-0.403116
3.34351,184.597,-0.227865
3.34412,184.631,-0.159779
3.34473,184.665,0.857377E-01
3.34534,184.699,0.162379
3.34595,184.732,-0.186576
3.34656,184.766,-0.669174
3.34717,184.800,-0.803335E-02
3.34778,184.833,-0.852860E-01
3.34839,184.867,0.614854E-02
3.34900,184.901,0.133352
3.34961,184.934,0.388610
3.35022,184.968,0.228199
3.35083,185.002,-0.181822
3.35144,185.036,0.975637E-01
3.35205,185.069,-0.299180
3.35266,185.103,-0.200822
3.35327,185.137,0.181267
3.35388,185.170,-0.652250
3.35449,185.204,0.205792E-01
3.35510,185.238,-0.120862
3.35571,185.271,0.151103
3.35632,185.305,0.269825
3.35693,185.339,0.153841
3.35754,185.372,0.354361
3.35815,185.406,0.790410E-01
3.35876,185.440,-0.100992E-01
3.35938,185.474,0.177863E-01
3.35999,185.507,-0.108623
3.36060,185.541,0.969917E-01
3.36121,185.575,-0.317201
3.36182,185.608,0.101164
3.36243,185.642,-0.257002
3.36304,185.676,-0.763091E-01
3.36365,185.709,0.261884
3.36426,185.743,-0.268784
3.36487,185.777,-0.142301
3.36548,185.811,0.535924
3.36609,185.844,-0.301903
3.36670,185.878,-0.819526E-01
3.36731,185.912,-0.740211E-01
3.36792,185.945,0.624481E-01
3.36853,185.979,-0.554601
3.36914,186.013,0.246134
3.36975,186.046,-0.116229
3.37036,186.080,-0.535088E-01
3.37097,186.114,0.744290E-01
3.37158,186.148,0.588707E-01
3.37219,186.181,0.331979E-01
3.37280,186.215,-0.228700E-01
3.37341,186.249,-0.758311E-01
3.37402,186.282,0.976255E-01
3.37463,186.316,0.535303E-01
3.37524,186.350,-0.252395
3.37585,186.383,-0.608729
3.37646,186.417,-0.681692E-01
3.37708,186.451,-0.634924E-01
3.37769,186.485,-0.230064
3.37830,186.518,-0.902273E-01
3.37891,186.552,0.180918
3.37952,186.586,0.697248E-01
3.38013,186.619,-0.852753E-01
3.38074,186.653,0.352275E-02
3.38135,186.687,-0.289483
3.38196,186.720,0.253948E-01
3.38257,186.754,0.490103E-01
3.38318,186.788,0.346306E-01
3.38379,186.822,-0.230061E-01
3.38440,186.855,-0.183914E-01
3.38501,186.889,0.351177E-01
3.38562,186.923,-0.230460
3.38623,186.956,0.718687E-01
3.38684,186.990,0.115381
3.38745,187.024,-0.144679E-02
3.38806,187.057,-0.492649
3.38867,187.091,-0.152421
3.38928,187.125,-0.125848
3.38989,187.158,0.139951
3.39050,187.192,-0.164807E-01
3.39111,187.226,-0.327236
3.39172,187.260,-0.304872
3.39233,187.293,-0.282172E-01
3.39294,187.327,0.873179E-01
3.39355,187.361,0.349646E-02
3.39417,187.394,-0.777118
3.39478,187.428,0.210403
3.39539,187.462,-0.524858E-01
3.39600,187.495,0.208997
3.39661,187.529,0.288315E-01
3.39722,187.563,0.242842
3.39783,187.597,-0.233881
3.39844,187.630,0.321892E-01
3.39905,187.664,-0.317094E-01
3.39966,187.698,-0.706626
3.40027,187.731,0.209070
3.40088,187.765,-0.344256E-01
3.40149,187.799,0.293397
3.40210,187.832,0.949976E-01
3.40271,187.866,-0.261549
3.40332,187.900,-0.597104E-01
3.40393,187.934,-0.159789E-01
3.40454,187.967,0.196522
3.40515,188.001,0.475257
3.40576,188.035,-0.739941E-01
3.40637,188.068,-0.130892
3.40698,188.102,0.126134
3.40759,188.136,0.532512E-01
3.40820,188.169,-0.139147
3.40881,188.203,-0.469899E-01
3.40942,188.237,0.418083
3.41003,188.271,-0.719136E-01
3.41064,188.304,0.183541
3.41125,188.338,0.118059
3.41187,188.372,0.674250E-01
3.41248,188.405,0.325910
3.41309,188.439,0.224112
3.41370,188.473,0.546953
3.41431,188.506,0.247592
3.41492,188.540,0.468151
3.41553,188.574,-0.365686E-02
3.41614,188.608,0.593216E-01
3.41675,188.641,-0.128840
3.41736,188.675,0.654627E-01
3.41797,188.709,-0.172095
3.41858,188.742,-0.914142E-01
3.41919,188.776,-0.867683
3.41980,188.810,0.136998E-01
3.42041,188.843,0.250222
3.42102,188.877,0.240124
3.42163,188.911,-0.346893E-01
3.42224,188.944,-0.334903
3.42285,188.978,-0.135084
3.42346,189.012,0.792266E-01
3.42407,189.046,0.395549
3.42468,189.079,-0.181249
3.42529,189.113,-0.182262
3.42590,189.147,-0.211867
3.42651,189.180,-0.623209E-01
3.42712,189.214,0.150880
3.42773,189.248,-0.131681
3.42834,189.281,-0.607422
3.42896,189.315,0.590041E-01
3.42957,189.349,0.603769
3.43018,189.383,0.319530
3.43079,189.416,-0.151776
3.43140,189.450,0.201117
3.43201,189.484,-0.167448
3.43262,189.517,-0.573480
3.43323,189.551,-0.358855
3.43384,189.585,0.121473
3.43445,189.618,-0.298325
3.43506,189.652,0.679958E-01
3.43567,189.686,0.254394
3.43628,189.720,-0.175436E-01
3.43689,189.753,-0.104641
3.43750,189.787,0.227357
3.43811,189.821,-0.171287
3.43872,189.854,-0.174767
3.43933,189.888,-0.364644
3.43994,189.922,-0.740531E-01
3.44055,189.955,0.105540
3.44116,189.989,-0.247441
3.44177,190.023,-0.434672
3.44238,190.057,-0.258092
3.44299,190.090,0.530535E-01
3.44360,190.124,0.183470
3.44421,190.158,0.839679E-02
3.44482,190.191,-0.234482
3.44543,190.225,0.177590
3.44604,190.259,0.115246
3.44666,190.292,-0.545104E-02
3.44727,190.326,0.344981
3.44788,190.360,-0.149012
3.44849,190.393,-0.550974
3.44910,190.427,-0.276954
3.44971,190.461,0.330361
3.45032,190.495,0.150266
3.45093,190.528,-0.935191E-02
3.45154,190.562,0.366513E-01
3.45215,190.596,0.127262
3.45276,190.629,-0.348237E-01
3.45337,190.663,-0.191333
3.45398,190.697,0.472068E-01
3.45459,190.730,-0.856186E-02
3.45520,190.764,0.132199
3.45581,190.798,0.381995
3.45642,190.832,0.119923
3.45703,190.865,-0.327703
3.45764,190.899,0.483991E-01
3.45825,190.933,-0.220850E-01
3.45886,190.966,0.799018E-01
3.45947,191.000,-0.332981
3.46008,191.034,0.806606E-01
3.46069,191.067,0.435697E-01
3.46130,191.101,-0.225561
3.46191,191.135,-0.154781E-01
3.46252,191.169,0.851344E-02
3.46313,191.202,-0.213372
3.46375,191.236,-0.600387E-01
3.46436,191.270,-0.437181E-01
3.46497,191.303,-0.499967E-01
3.46558,191.337,-1.06456
3.46619,191.371,-0.975859
3.46680,191.404,-0.884078
3.46741,191.438,0.159472
3.46802,191.472,0.161036
3.46863,191.506,0.286116E-01
3.46924,191.539,-0.980623E-01
3.46985,191.573,-0.293468E-01
3.47046,191.607,0.387409E-01
3.47107,191.640,-0.126915
3.47168,191.674,0.697088E-02
3.47229,191.708,0.852957E-01
3.47290,191.741,-0.158949
3.47351,191.775,-0.818942E-01
3.47412,191.809,-0.978812E-01
3.47473,191.843,0.801298
3.47534,191.876,0.181769E-01
3.47595,191.910,0.293171
3.47656,191.944,0.111014
3.47717,191.977,0.601782E-01
3.47778,192.011,-0.685608E-02
3.47839,192.045,-0.451268
3.47900,192.078,0.222263
3.47961,192.112,-0.201025E-01
3.48022,192.146,-0.612466E-02
3.48083,192.179,-0.779957
3.48145,192.213,-0.142259
3.48206,192.247,-0.257457E-01
3.48267,192.281,0.491609
3.48328,192.314,-0.878942
3.48389,192.348,-0.204431
3.48450,192.382,0.542264E-01
3.48511,192.415,0.882722
3.48572,192.449,0.126770
3.48633,192.483,0.170453
3.48694,192.516,0.577562E-02
3.48755,192.550,0.437743E-01
3.48816,192.584,-0.305496
3.48877,192.618,-0.215329
3.48938,192.651,-0.307769
3.48999,192.685,-0.229901
3.49060,192.719,-0.136490E-01
3.49121,192.752,0.381830E-01
3.49182,192.786,-0.401936E-01
3.49243,192.820,0.161376
3.49304,192.853,0.123467
3.49365,192.887,-0.122517
3.49426,192.921,-0.293726
3.49487,192.955,0.258525
3.49548,192.988,0.231835
3.49609,193.022,0.170565
3.49670,193.056,-0.164908
3.49731,193.089,0.406076E-01
3.49792,193.123,0.979819E-01
3.49854,193.157,0.229201
3.49915,193.190,-0.498713E-01
3.49976,193.224,-0.106479
3.50037,193.258,-0.177097
3.50098,193.292,-0.439722
3.50159,193.325,-0.648846E-01
3.50220,193.359,-0.319328
3.50281,193.393,0.865812E-01
3.50342,193.426,-0.361737E-01
3.50403,193.460,-0.520927E-01
3.50464,193.494,0.337563E-01
3.50525,193.527,0.189782E-01
3.50586,193.561,0.162749
3.50647,193.595,-0.179783
3.50708,193.628,0.831347
3.50769,193.662,-0.479326
3.50830,193.696,-0.372716E-01
3.50891,193.730,-0.280421
3.50952,193.763,0.553560E-01
3.51013,193.797,-0.229890E-01
3.51074,193.831,-0.167854
3.51135,193.864,-0.640683
3.51196,193.898,-0.588000
3.51257,193.932,0.206632
3.51318,193.965,-0.586183
3.51379,193.999,0.195261
3.51440,194.033,-0.186494
3.51501,194.067,0.395986
3.51562,194.100,0.390837E-01
3.51624,194.134,-0.263266
3.51685,194.168,0.387600
3.51746,194.201,0.114747
3.51807,194.235,-0.547239E-02
3.51868,194.269,0.474699E-01
3.51929,194.302,0.376390E-01
3.51990,194.336,-0.191986
3.52051,194.370,-0.137471
3.52112,194.404,0.801913E-01
3.52173,194.437,0.491111E-01
3.52234,194.471,0.106473
3.52295,194.505,1.15838
3.52356,194.538,-0.404991
3.52417,194.572,0.175371E-02
3.52478,194.606,0.387932E-01
3.52539,194.639,0.104546
3.52600,194.673,-0.401207
3.52661,194.707,0.985768E-02
3.52722,194.741,0.274543
3.52783,194.774,0.288332
3.52844,194.808,-0.275322E-01
3.52905,194.842,-0.646856
3.52966,194.875,0.746296E-01
3.53027,194.909,0.511030
3.53088,194.943,-0.121267
3.53149,194.976,0.548423
3.53210,195.010,-0.619013E-01
3.53271,195.044,-0.362952
3.53333,195.078,-0.190938
3.53394,195.111,-0.520771E-02
3.53455,195.145,-0.277325
3.53516,195.179,-0.217905
3.53577,195.212,-0.120922
3.53638,195.246,0.342333
3.53699,195.280,-0.197533
3.53760,195.313,-0.556018
3.53821,195.347,-0.654315
3.53882,195.381,-0.739692
3.53943,195.414,-0.381993
3.54004,195.448,-0.682106E-01
3.54065,195.482,0.618326E-01
3.54126,195.516,0.844848E-01
3.54187,195.549,0.160337
3.54248,195.583,-0.255192
3.54309,195.617,-0.173875
3.54370,195.650,0.108427
3.54431,195.684,0.419633
3.54492,195.718,0.317371
3.54553,195.751,-0.866603E-02
3.54614,195.785,0.248859E-01
3.54675,195.819,-0.399996E-01
3.54736,195.853,0.806733E-01
3.54797,195.886,0.935039E-01
3.54858,195.920,-0.111623E-01
3.54919,195.954,-0.948335E-01
3.54980,195.987,-0.615041E-01
3.55042,196.021,0.785407E-01
3.55103,196.055,-0.501338
3.55164,196.088,-0.434151
3.55225,196.122,0.193893
3.55286,196.156,0.206254E-01
3.55347,196.190,0.730996E-03
3.55408,196.223,-0.503400E-01
3.55469,196.257,-0.295758
3.55530,196.291,-0.213029
3.55591,196.324,0.394002E-01
3.55652,196.358,0.349859
3.55713,196.392,0.152686
3.55774,196.425,0.426253E-01
3.55835,196.459,-0.541603
3.55896,196.493,-0.884566
3.55957,196.527,0.223685
3.56018,196.560,-0.147617
3.56079,196.594,-0.361628E-01
3.56140,196.628,0.184051E-01
3.56201,196.661,-0.965373E-01
3.56262,196.695,-0.539679E-02
3.56323,196.729,0.585017E-01
3.56384,196.762,0.123638
3.56445,196.796,-0.624025E-02
3.56506,196.830,0.866747E-01
3.56567,196.864,0.219861E-01
3.56628,196.897,0.182344
3.56689,196.931,-0.992526E-01
3.56750,196.965,-0.417653
3.56812,196.998,-0.110729
3.56873,197.032,-0.309340
3.56934,197.066,-0.490834E-01
3.56995,197.099,-0.944884E-01
3.57056,197.133,-0.872026E-01
3.57117,197.167,-0.288953E-01
3.57178,197.200,-0.274449
3.57239,197.234,0.403588
3.57300,197.268,-0.742809E-01
3.57361,197.302,0.426033
3.57422,197.335,0.277411
3.57483,197.369,-0.313131E-01
3.57544,197.403,-0.498736E-01
3.57605,197.436,-0.184171
3.57666,197.470,-0.732223E-01
3.57727,197.504,-0.473687E-01
3.57788,197.537,-0.204354
3.57849,197.571,0.690006E-01
3.57910,197.605,-0.197406E-01
3.57971,197.639,0.596667E-01
3.58032,197.672,0.426050
3.58093,197.706,0.173019
3.58154,197.740,-0.278133
3.58215,197.773,0.110943
3.58276,197.807,-0.444290E-01
3.58337,197.841,-0.215547
3.58398,197.874,-0.363476
3.58459,197.908,0.613901E-03
3.58521,197.942,0.305270
3.58582,197.976,-0.397352
3.58643,198.009,0.352872
3.58704,198.043,0.188938
3.58765,198.077,-0.145908
3.58826,198.110,0.165712E-01
3.58887,198.144,-0.778638E-01
3.58948,198.178,0.435712E-01
3.59009,198.211,0.829605E-01
3.59070,198.245,-0.961655E-02
3.59131,198.279,-0.300721
3.59192,198.313,0.692901
3.59253,198.346,-0.424634
3.59314,198.380,0.582673
3.59375,198.414,-0.184079
3.59436,198.447,-0.823274
3.59497,198.481,-0.913668E-01
3.59558,198.515,0.355147
3.59619,198.548,-0.266562E-01
3.59680,198.582,-0.110570
3.59741,198.616,0.325660
3.59802,198.649,-0.275372
3.59863,198.683,-2.10791
3.59924,198.717,-0.342655E-01
3.59985,198.751,0.109741
3.60046,198.784,0.179131
3.60107,198.818,0.203785
3.60168,198.852,0.849293E-01
3.60229,198.885,-0.186315
3.60291,198.919,-0.385192E-01
3.60352,198.953,0.100749
3.60413,198.986,0.169077
3.60474,199.020,-0.197297
3.60535,199.054,0.784329E-01
3.60596,199.088,0.517218
3.60657,199.121,-0.141939
3.60718,199.155,-0.100526
3.60779,199.189,-0.153221
3.60840,199.222,0.185629
3.60901,199.256,-0.287236
3.60962,199.290,-0.561184
3.61023,199.323,0.942920E-01
3.61084,199.357,0.669755E-01
3.61145,199.391,0.349775
3.61206,199.425,-0.511178
3.61267,199.458,0.193972E-01
3.61328,199.492,-0.157208
3.61389,199.526,-0.520481
3.61450,199.559,-0.398822
3.61511,199.593,-0.331481
3.61572,199.627,0.675743
3.61633,199.660,0.706074E-01
3.61694,199.694,0.346003E-01
3.61755,199.728,0.170907E-01
3.61816,199.762,0.259680
3.61877,199.795,0.280613
3.61938,199.829,0.209371E-01
3.62000,199.863,0.191727
3.62061,199.896,-0.121296
3.62122,199.930,-0.129727
3.62183,199.964,-0.151794
3.62244,199.997,-0.263944E-01
3.62305,200.031,-0.147646
3.62366,200.065,-0.310904
3.62427,200.099,-0.178270
3.62488,200.132,0.156065E-01
3.62549,200.166,0.772509E-01
3.62610,200.200,0.102202
3.62671,200.233,-0.144274
3.62732,200.267,0.302505
3.62793,200.301,0.520286E-01
3.62854,200.334,-0.242445
3.62915,200.368,0.150886
3.62976,200.402,0.177844
3.63037,200.435,-0.696192
3.63098,200.469,0.556280E-02
3.63159,200.503,-0.896855E-01
3.63220,200.537,-0.383067E-01
3.63281,200.570,0.287184E-01
3.63342,200.604,0.184566
3.63403,200.638,-0.681148E-01
3.63464,200.671,0.687117E-01
3.63525,200.705,-0.299114
3.63586,200.739,0.832422
3.63647,200.772,0.146878
3.63708,200.806,-0.315455E-01
3.63770,200.840,-0.486837
3.63831,200.874,0.247303
3.63892,200.907,0.197084
3.63953,200.941,-0.302644E-01
3.64014,200.975,0.636988E-01
3.64075,201.008,1.43739
3.64136,201.042,-0.553836E-01
3.64197,201.076,0.456735
3.64258,201.109,0.477022E-01
3.64319,201.143,-0.786275E-01
3.64380,201.177,-0.225169E-01
3.64441,201.211,0.490324
3.64502,201.244,0.631191E-01
3.64563,201.278,-0.187041
3.64624,201.312,-0.561235
3.64685,201.345,-0.535132E-01
3.64746,201.379,-0.802503E-01
3.64807,201.413,-0.297316E-01
3.64868,201.446,0.477221
3.64929,201.480,0.870965E-01
3.64990,201.514,-0.611529E-01
3.65051,201.548,0.149336
3.65112,201.581,-0.580299E-01
3.65173,201.615,0.139351
3.65234,201.649,-0.129567
3.65295,201.682,-0.157477
3.65356,201.716,-0.186205
3.65417,201.750,-0.147790
3.65479,201.783,0.209115
3.65540,201.817,0.221944
3.65601,201.851,-0.949339
3.65662,201.884,-0.448226
3.65723,201.918,-1.09290
3.65784,201.952,-0.265451
3.65845,201.986,-0.293695E-01
3.65906,202.019,0.366149
3.65967,202.053,0.714836E-01
3.66028,202.087,0.387865
3.66089,202.120,-0.304071
3.66150,202.154,-0.233444E-01
3.66211,202.188,-0.398735
3.66272,202.221,-0.267109E-01
3.66333,202.255,-0.159372
3.66394,202.289,0.633846E-01
3.66455,202.323,-0.295772
3.66516,202.356,0.417439
3.66577,202.390,-0.647441E-01
3.66638,202.424,-0.106791
3.66699,202.457,0.433210E-01
3.66760,202.491,-0.423938E-01
3.66821,202.525,0.267877
3.66882,202.558,-0.104994
3.66943,202.592,0.286009
3.67004,202.626,0.133546
3.67065,202.660,0.194145
3.67126,202.693,-0.274489
3.67188,202.727,-0.100926E-01
3.67249,202.761,0.751031E-01
3.67310,202.794,-1.03533
3.67371,202.828,0.533898E-01
3.67432,202.862,0.744675
3.67493,202.895,-0.378769
3.67554,202.929,0.856693E-01
3.67615,202.963,-0.703490
3.67676,202.997,0.428442E-01
3.67737,203.030,0.419286
3.67798,203.064,-0.671424E-02
3.67859,203.098,-1.01751
3.67920,203.131,0.196218
3.67981,203.165,0.530808
3.68042,203.199,0.107405
3.68103,203.232,-0.354281
3.68164,203.266,0.113314
3.68225,203.300,0.259252
3.68286,203.334,0.125523
3.68347,203.367,-0.374744E-01
3.68408,203.401,-0.116463
3.68469,203.435,0.393215E-01
3.68530,203.468,0.151617E-01
3.68591,203.502,-0.239674
3.68652,203.536,0.311025E-01
3.68713,203.569,0.726295E-02
3.68774,203.603,-0.960831E-01
3.68835,203.637,0.159811
3.68896,203.670,0.145438
3.68958,203.704,0.430866E-01
3.69019,203.738,0.372039
3.69080,203.772,-0.257306
3.69141,203.805,0.105692
3.69202,203.839,-0.204752
3.69263,203.873,0.361656
3.69324,203.906,-0.181999
3.69385,203.940,0.302740
3.69446,203.974,-0.522679
3.69507,204.007,1.23047
3.69568,204.041,-0.477624E-01
3.69629,204.075,-0.411638E-01
3.69690,204.109,-0.242225
3.69751,204.142,-0.476283
3.69812,204.176,0.123910
3.69873,204.210,0.274286
3.69934,204.243,-0.631221E-01
3.69995,204.277,0.635017
3.70056,204.311,0.497102
3.70117,204.344,0.528230
3.70178,204.378,-0.158506
3.70239,204.412,-0.100835
3.70300,204.446,-0.235405E-01
3.70361,204.479,0.605712
3.70422,204.513,-0.123699
3.70483,204.547,-0.179523E-01
3.70544,204.580,0.511593E-01
3.70605,204.614,-0.827972
3.70667,204.648,0.155750
3.70728,204.681,-0.235697E-01
3.70789,204.715,-0.284761
3.70850,204.749,0.215234E-01
3.70911,204.783,0.133522
3.70972,204.816,-0.390293
3.71033,204.850,-0.164013
3.71094,204.884,-0.189896E-01
3.71155,204.917,0.466629
3.71216,204.951,-0.798298E-01
3.71277,204.985,0.483151
3.71338,205.018,-0.355508
3.71399,205.052,-0.360347
3.71460,205.086,-0.319421
3.71521,205.120,-0.134571
3.71582,205.153,0.453953
3.71643,205.187,0.452436E-01
3.71704,205.221,0.124889
3.71765,205.254,0.337586
3.71826,205.288,-0.174256
3.71887,205.322,-0.191210
3.71948,205.355,0.232432
3.72009,205.389,-0.322783
3.72070,205.423,0.157569
3.72131,205.456,0.121558
3.72192,205.490,-0.163768
3.72253,205.524,-0.112526
3.72314,205.558,0.707226E-01
3.72375,205.591,0.498418E-01
3.72437,205.625,-0.879446E-01
3.72498,205.659,-0.402984
3.72559,205.692,0.173381
3.72620,205.726,0.975850E-01
3.72681,205.760,-0.428286
3.72742,205.793,0.261587
3.72803,205.827,-0.157417
3.72864,205.861,0.684313
3.72925,205.895,-0.540884E-01
3.72986,205.928,0.228964
3.73047,205.962,-0.150510
3.73108,205.996,-0.114046
3.73169,206.029,0.725441
3.73230,206.063,-0.335760
3.73291,206.097,-0.175523E-01
3.73352,206.130,-0.923410E-01
3.73413,206.164,-0.270728
3.73474,206.198,0.154170
3.73535,206.232,-0.150330
3.73596,206.265,0.524419E-01
3.73657,206.299,-0.127411
3.73718,206.333,-0.226087
3.73779,206.366,0.287429
3.73840,206.400,-0.202170
3.73901,206.434,0.104476
3.73962,206.467,-0.277331
3.74023,206.501,0.959083E-01
3.74084,206.535,0.250212E-01
3.74146,206.569,-0.651995E-01
3.74207,206.602,0.137423
3.74268,206.636,0.110571
3.74329,206.670,0.320488
3.74390,206.703,0.283587E-01
3.74451,206.737,0.132142
3.74512,206.771,-0.292694
3.74573,206.804,-0.277866
3.74634,206.838,-0.184175
3.74695,206.872,0.177250
3.74756,206.905,-0.178399
3.74817,206.939,-0.221000
3.74878,206.973,0.111704
3.74939,207.007,0.607603
3.75000,207.040,-0.300580
3.75061,207.074,-0.192611
3.75122,207.108,0.702507
3.75183,207.141,-0.324872
3.75244,207.175,0.193939E-01
3.75305,207.209,0.295235
3.75366,207.242,-0.417819
3.75427,207.276,0.617392
3.75488,207.310,-0.107813
3.75549,207.344,0.424762
3.75610,207.377,-0.109551E-01
3.75671,207.411,0.587377E-01
3.75732,207.445,0.414955
3.75793,207.478,0.120581
3.75854,207.512,-0.257481E-01
3.75916,207.546,0.497387E-01
3.75977,207.579,-0.303381
3.76038,207.613,-0.230830
3.76099,207.647,-0.503329
3.76160,207.681,0.734806E-01
3.76221,207.714,0.269057
3.76282,207.748,-0.302326
3.76343,207.782,0.174291E-02
3.76404,207.815,-0.187765
3.76465,207.849,0.575697
3.76526,207.883,-0.127499E-01
3.76587,207.916,-0.152205
3.76648,207.950,-0.293127
3.76709,207.984,0.354535E-01
3.76770,208.018,0.388973E-02
3.76831,208.051,0.836997
3.76892,208.085,-0.101571E-01
3.76953,208.119,0.456465
3.77014,208.152,0.275887
3.77075,208.186,0.595188E-01
3.77136,208.220,0.128433
3.77197,208.253,-0.485976
3.77258,208.287,-0.658452E-01
3.77319,208.321,0.678064
3.77380,208.355,0.439413
3.77441,208.388,0.171988E-01
3.77502,208.422,0.717965E-01
3.77563,208.456,0.894134
3.77625,208.489,0.197687E-01
3.77686,208.523,-0.486458E-01
3.77747,208.557,0.888543E-01
3.77808,208.590,-0.341378E-01
3.77869,208.624,0.361571E-01
3.77930,208.658,0.203428
3.77991,208.691,0.114153E-01
3.78052,208.725,0.107731
3.78113,208.759,0.172762
3.78174,208.793,-0.285490E-01
3.78235,208.826,0.247631
3.78296,208.860,0.201051
3.78357,208.894,-0.509656E-02
3.78418,208.927,-0.419729E-01
3.78479,208.961,0.859374E-02
3.78540,208.995,0.681748E-01
3.78601,209.028,-0.156172
3.78662,209.062,-0.432697
3.78723,209.096,0.905142E-01
3.78784,209.130,0.982569E-01
3.78845,209.163,0.436169E-01
3.78906,209.197,-0.116111
3.78967,209.231,-0.408458
3.79028,209.264,0.992103E-01
3.79089,209.298,-0.169631
3.79150,209.332,0.406555E-01
3.79211,209.365,-0.629696
3.79272,209.399,-0.108949
3.79333,209.433,-0.409892
3.79395,209.467,-0.245131
3.79456,209.500,0.470195E-01
3.79517,209.534,0.979126E-03
3.79578,209.568,-0.691769E-01
3.79639,209.601,-0.121924
3.79700,209.635,-0.123044
3.79761,209.669,-0.910412E-01
3.79822,209.702,-0.159390
3.79883,209.736,-0.582035E-01
3.79944,209.770,-0.227642
3.80005,209.804,0.416791
3.80066,209.837,0.265278
3.80127,209.871,-0.314451
3.80188,209.905,-0.112577
3.80249,209.938,-0.850442
3.80310,209.972,-0.102986
3.80371,210.006,-0.111096E-01
3.80432,210.039,0.285596E-01
3.80493,210.073,0.112696
3.80554,210.107,-0.140118
3.80615,210.141,0.146575
3.80676,210.174,-0.254353
3.80737,210.208,0.277095
3.80798,210.242,0.230603E-01
3.80859,210.275,-0.211490
3.80920,210.309,-0.340515
3.80981,210.343,-0.486987
3.81042,210.376,0.589201E-01
3.81104,210.410,0.132412
3.81165,210.444,-0.487491E-01
3.81226,210.477,0.111069
3.81287,210.511,0.108202
3.81348,210.545,-0.109065E-01
3.81409,210.579,-0.222757E-01
3.81470,210.612,-0.316815
3.81531,210.646,-0.395087E-01
3.81592,210.680,-0.363318
3.81653,210.713,0.802839
3.81714,210.747,-0.522815E-01
3.81775,210.781,0.103934
3.81836,210.814,-0.493375E-01
3.81897,210.848,-0.532239
3.81958,210.882,0.222056
3.82019,210.916,-0.401218E-01
3.82080,210.949,0.238514
3.82141,210.983,0.335176
3.82202,211.017,-0.285611
3.82263,211.050,-0.940945
3.82324,211.084,0.177728E-01
3.82385,211.118,0.112145
3.82446,211.151,0.408750
3.82507,211.185,0.640371E-01
3.82568,211.219,0.773691E-02
3.82629,211.253,-0.117324
3.82690,211.286,0.459484E-01
3.82751,211.320,0.403173
3.82812,211.354,-0.452420
3.82874,211.387,0.132893
3.82935,211.421,0.148836
3.82996,211.455,-0.217099
3.83057,211.488,-0.586387
3.83118,211.522,-0.475623
3.83179,211.556,-0.265737
3.83240,211.590,-0.902848E-01
3.83301,211.623,-0.570289
3.83362,211.657,-0.256379
3.83423,211.691,0.163711
3.83484,211.724,-0.155235
3.83545,211.758,0.421973
3.83606,211.792,-0.133961
3.83667,211.825,0.134171
3.83728,211.859,0.183209
3.83789,211.893,-0.212137
3.83850,211.926,0.163035
3.83911,211.960,-0.153213E-01
3.83972,211.994,0.430067E-02
3.84033,212.028,-0.258738
3.84094,212.061,0.327635
3.84155,212.095,0.419490
3.84216,212.129,-0.142643
3.84277,212.162,0.108585E-01
3.84338,212.196,-0.429786
3.84399,212.230,0.991546
3.84460,212.263,0.332556E-01
3.84521,212.297,-0.231522E-01
3.84583,212.331,0.951696
3.84644,212.365,0.325296
3.84705,212.398,0.278682
3.84766,212.432,0.323942
3.84827,212.466,0.266233
3.84888,212.499,-0.601053E-01
3.84949,212.533,-0.653925E-01
3.85010,212.567,-0.123653
3.85071,212.600,0.119046
3.85132,212.634,0.160881
3.85193,212.668,0.251032E-01
3.85254,212.702,-0.281585
3.85315,212.735,0.808636E-01
3.85376,212.769,0.311151
3.85437,212.803,0.799611E-03
3.85498,212.836,0.131976
3.85559,212.870,-0.531540
3.85620,212.904,-0.237612
3.85681,212.937,0.202818E-01
3.85742,212.971,0.241938
3.85803,213.005,-0.839131E-01
3.85864,213.039,0.637710E-01
3.85925,213.072,0.701174E-01
3.85986,213.106,-0.411549
3.86047,213.140,0.694943
3.86108,213.173,0.128789
3.86169,213.207,-0.204003E-02
3.86230,213.241,0.459466E-01
3.86292,213.274,-0.591133E-01
3.86353,213.308,-0.284982
3.86414,213.342,-0.261340
3.86475,213.376,-0.701236
3.86536,213.409,-0.944348E-01
3.86597,213.443,-0.163614
3.86658,213.477,-0.371629
3.86719,213.510,0.215054
3.86780,213.544,-0.157418
3.86841,213.578,-0.757154
3.86902,213.611,0.723472E-01
3.86963,213.645,0.183081E-01
3.87024,213.679,-0.370187
3.87085,213.712,0.572548E-01
3.87146,213.746,0.132054
3.87207,213.780,0.245785
3.87268,213.814,0.672153E-01
3.87329,213.847,0.747016E-02
3.87390,213.881,0.361686
3.87451,213.915,-0.197860E-01
3.87512,213.948,-0.315112
3.87573,213.982,0.219518
3.87634,214.016,-0.378241E-01
3.87695,214.049,-1.15800
3.87756,214.083,-0.133839
3.87817,214.117,-0.150558
3.87878,214.151,-0.259570E-02
3.87939,214.184,0.343932
3.88000,214.218,-0.754114
3.88062,214.252,-0.998266E-01
3.88123,214.285,-0.849812E-01
3.88184,214.319,0.240457
3.88245,214.353,-0.199102
3.88306,214.386,0.156151
3.88367,214.420,0.350403
3.88428,214.454,-0.347560
3.88489,214.488,-0.404906
3.88550,214.521,0.536019
3.88611,214.555,0.148144
3.88672,214.589,-0.639587
3.88733,214.622,-0.968203
3.88794,214.656,-0.170503
3.88855,214.690,-0.175441
3.88916,214.723,-0.142750
3.88977,214.757,0.390327
3.89038,214.791,0.251711
3.89099,214.825,-0.135544
3.89160,214.858,-0.415138
3.89221,214.892,-0.431884
3.89282,214.926,0.964554E-01
3.89343,214.959,-0.459002
3.89404,214.993,0.156716
3.89465,215.027,-0.635501E-01
3.89526,215.060,-0.180304
3.89587,215.094,0.209823
3.89648,215.128,0.148873E-01
3.89709,215.161,0.276300
3.89771,215.195,0.173261
3.89832,215.229,-0.400245
3.89893,215.263,0.333367
3.89954,215.296,-0.525945E-01
3.90015,215.330,-0.205609
3.90076,215.364,-0.224236
3.90137,215.397,0.254776
3.90198,215.431,0.356844
3.90259,215.465,-0.185257E-01
3.90320,215.498,0.454014E-01
3.90381,215.532,0.627700E-01
3.90442,215.566,-0.984200E-01
3.90503,215.600,-0.721997
3.90564,215.633,0.113612E-01
3.90625,215.667,-0.260449
3.90686,215.701,0.650765E-01
3.90747,215.734,-0.211489
3.90808,215.768,-0.326412
3.90869,215.802,0.195861
3.90930,215.835,0.293906
3.90991,215.869,0.166294E-02
3.91052,215.903,-0.223611
3.91113,215.937,-1.05541
3.91174,215.970,0.299247
3.91235,216.004,0.949245E-01
3.91296,216.038,-0.133750E-01
3.91357,216.071,-0.791180E-01
3.91418,216.105,0.208360
3.91479,216.139,0.132939
3.91541,216.172,-0.127082
3.91602,216.206,-0.195073E-01
3.91663,216.240,0.217278
3.91724,216.274,-0.118827
3.91785,216.307,0.106128
3.91846,216.341,-0.345537
3.91907,216.375,-0.304427
3.91968,216.408,-0.564114E-01
3.92029,216.442,-0.622252
3.92090,216.476,-0.877809E-01
3.92151,216.509,0.151778E-01
3.92212,216.543,0.114136
3.92273,216.577,0.135871
3.92334,216.611,-0.457485E-01
3.92395,216.644,-0.140513
3.92456,216.678,-0.385982E-01
3.92517,216.712,0.674998E-01
3.92578,216.745,-0.118634
3.92639,216.779,0.250600
3.92700,216.813,-0.286122
3.92761,216.846,0.636236
3.92822,216.880,0.636908E-01
3.92883,216.914,0.453086E-01
3.92944,216.947,0.263076
3.93005,216.981,-0.284001E-01
3.93066,217.015,-0.359413E-01
3.93127,217.049,0.150221E-02
3.93188,217.082,-0.174278
3.93250,217.116,-0.872789E-01
3.93311,217.150,-0.640283
3.93372,217.183,0.374931
3.93433,217.217,0.273840E-01
3.93494,217.251,-0.308482
3.93555,217.284,0.100206
3.93616,217.318,0.688197E-01
3.93677,217.352,0.165888
3.93738,217.386,-0.115620
3.93799,217.419,0.114188E-01
3.93860,217.453,0.801453E-01
3.93921,217.487,0.112976
3.93982,217.520,0.204456E-02
3.94043,217.554,-0.497138E-01
3.94104,217.588,0.156397
3.94165,217.621,0.716163E-01
3.94226,217.655,0.702664
3.94287,217.689,0.247820
3.94348,217.723,-0.394135E-01
3.94409,217.756,-0.421787E-01
3.94470,217.790,0.214030E-01
3.94531,217.824,0.232484
3.94592,217.857,-0.223482
3.94653,217.891,0.550591E-01
3.94714,217.925,0.189873
3.94775,217.958,-0.264198
3.94836,217.992,0.986877E-01
3.94897,218.026,-0.446168E-01
3.94958,218.060,-0.449102
3.95020,218.093,-0.693257E-01
3.95081,218.127,-0.564137E-03
3.95142,218.161,-0.563475E-01
3.95203,218.194,-0.111961
3.95264,218.228,0.389697E-01
3.95325,218.262,0.399700
3.95386,218.295,-0.149324
3.95447,218.329,0.198545
3.95508,218.363,0.814442
3.95569,218.397,-0.661378E-01
3.95630,218.430,-0.829952
3.95691,218.464,0.193276
3.95752,218.498,-0.429998
3.95813,218.531,-0.790310E-01
3.95874,218.565,0.632832E-01
3.95935,218.599,-0.293317
3.95996,218.632,-0.146738
3.96057,218.666,-0.886214E-01
3.96118,218.700,-0.384288
3.96179,218.733,-0.199871E-01
3.96240,218.767,-0.195992
3.96301,218.801,-0.345368E-01
3.96362,218.835,0.426140
3.96423,218.868,-0.482265E-02
3.96484,218.902,-0.747768E-01
3.96545,218.936,0.200449E-01
3.96606,218.969,-0.182635
3.96667,219.003,0.177006
3.96729,219.037,-0.896644E-01
3.96790,219.070,0.838549
3.96851,219.104,-0.120822
3.96912,219.138,-0.112478
3.96973,219.172,0.120684
3.97034,219.205,-0.125932E-01
3.97095,219.239,0.715228
3.97156,219.273,0.425534E-01
3.97217,219.306,0.562554
3.97278,219.340,0.470726E-01
3.97339,219.374,0.742474
3.97400,219.407,0.726187E-01
3.97461,219.441,-1.08415
3.97522,219.475,0.425981E-01
3.97583,219.509,0.877314E-02
3.97644,219.542,0.173497
3.97705,219.576,-0.332662
3.97766,219.610,-0.267194
3.97827,219.643,-0.412543
3.97888,219.677,0.411679
3.97949,219.711,0.939988E-01
3.98010,219.744,-0.361243
3.98071,219.778,0.794405E-01
3.98132,219.812,-0.578860E-01
3.98193,219.846,-0.577361
3.98254,219.879,0.195467E-01
3.98315,219.913,-0.169015
3.98376,219.947,-0.221428
3.98438,219.980,-0.170497
3.98499,220.014,0.127456
3.98560,220.048,0.402199
3.98621,220.081,-0.183797
3.98682,220.115,-0.264485
3.98743,220.149,0.935206E-01
3.98804,220.182,-0.574265E-01
3.98865,220.216,-0.200638E-01
3.98926,220.250,-0.293133E-01
3.98987,220.284,-0.275466
3.99048,220.317,0.301339
3.99109,220.351,-0.104699
3.99170,220.385,-0.187477
3.99231,220.418,0.475745
3.99292,220.452,0.552806E-01
3.99353,220.486,-0.284718
3.99414,220.519,0.115546
3.99475,220.553,0.540114E-02
3.99536,220.587,0.188596
3.99597,220.621,-0.565199E-01
3.99658,220.654,0.666858
3.99719,220.688,0.161840
3.99780,220.722,-0.466261E-01
3.99841,220.755,0.851584E-01
3.99902,220.789,0.154217
3.99963,220.823,1.77770
4.00024,220.856,0.277443
4.00085,220.890,-0.378261
4.00146,220.924,0.821190E-01
4.00208,220.958,-0.807201E-01
4.00269,220.991,0.118227
4.00330,221.025,-0.206029E-01
4.00391,221.059,0.891844
4.00452,221.092,-0.498795E-01
4.00513,221.126,-0.860161E-02
4.00574,221.160,0.290239
4.00635,221.193,0.382682
4.00696,221.227,-0.657439E-02
4.00757,221.261,0.611826E-01
4.00818,221.295,-0.469211E-01
4.00879,221.328,0.324958
4.00940,221.362,0.722194E-01
4.01001,221.396,0.286300E-01
4.01062,221.429,0.425080
4.01123,221.463,-0.428565
4.01184,221.497,0.146249
4.01245,221.530,-0.254793
4.01306,221.564,-0.250440
4.01367,221.598,-0.110405
4.01428,221.632,-0.308721E-01
4.01489,221.665,-0.604044E-01
4.01550,221.699,0.953964E-01
4.01611,221.733,-0.881694
4.01672,221.766,-0.200236
4.01733,221.800,-0.116815
4.01794,221.834,-0.403877
4.01855,221.867,0.806803E-01
4.01917,221.901,0.379619
4.01978,221.935,-0.136460
4.02039,221.968,-0.249748E-01
4.02100,222.002,-0.120359
4.02161,222.036,-0.282732
4.02222,222.070,-0.800573
4.02283,222.103,1.25433
4.02344,222.137,0.762070E-01
4.02405,222.171,-0.229394E-01
4.02466,222.204,0.167509
4.02527,222.238,0.164921
4.02588,222.272,-0.225718
4.02649,222.305,0.340889E-01
4.02710,222.339,0.367493E-01
4.02771,222.373,-0.135591
4.02832,222.407,0.111397
4.02893,222.440,-0.141159E-01
4.02954,222.474,0.150177E-01
4.03015,222.508,-0.192752
4.03076,222.541,0.651627
4.03137,222.575,0.186119
4.03198,222.609,-0.349553
4.03259,222.642,0.217660E-01
4.03320,222.676,-0.657832E-02
4.03381,222.710,-0.172896E-01
4.03442,222.744,0.523324E-01
4.03503,222.777,-0.153773E-01
4.03564,222.811,0.579806E-01
4.03625,222.845,-0.826440E-02
4.03687,222.878,0.625638E-01
4.03748,222.912,0.354111
4.03809,222.946,0.249308E-01
4.03870,222.979,-0.935429E-01
4.03931,223.013,0.273974
4.03992,223.047,-0.115996
4.04053,223.081,-0.355630E-02
4.04114,223.114,0.177661
4.04175,223.148,-0.241312
4.04236,223.182,-0.465714
4.04297,223.215,-0.216981
4.04358,223.249,0.364345
4.04419,223.283,-0.342099E-01
4.04480,223.316,0.147430
4.04541,223.350,0.276147
4.04602,223.384,0.294124
4.04663,223.417,0.307440E-01
4.04724,223.451,0.170207
4.04785,223.485,0.213697E-01
4.04846,223.519,0.352316
4.04907,223.552,0.112755
4.04968,223.586,-0.770700E-02
4.05029,223.620,-0.183663E-01
4.05090,223.653,-0.100933E-01
4.05151,223.687,-0.187655
4.05212,223.721,-1.21010
4.05273,223.754,0.142120
4.05334,223.788,0.127750
4.05396,223.822,0.150702
4.05457,223.856,0.166685
4.05518,223.889,-0.680454E-02
4.05579,223.923,0.765248E-01
4.05640,223.957,-0.156985
4.05701,223.990,0.275296
4.05762,224.024,0.125709
4.05823,224.058,-0.423408
4.05884,224.091,0.609855E-01
4.05945,224.125,-1.26672
4.06006,224.159,-0.122650
4.06067,224.193,0.371762
4.06128,224.226,0.275663
4.06189,224.260,0.127967
4.06250,224.294,-0.149440
4.06311,224.327,0.119928E-01
4.06372,224.361,0.258801
4.06433,224.395,0.428847
4.06494,224.428,0.224743
4.06555,224.462,-0.111407
4.06616,224.496,0.434584
4.06677,224.530,0.512932E-01
4.06738,224.563,-0.178690
4.06799,224.597,0.978303E-01
4.06860,224.631,0.598041E-01
4.06921,224.664,-0.814755E-01
4.06982,224.698,-0.127011
4.07043,224.732,-0.227752
4.07104,224.765,0.205634E-01
4.07166,224.799,-0.960181E-01
4.07227,224.833,0.610450E-01
4.07288,224.867,-0.648366E-02
4.07349,224.900,-0.824712E-01
4.07410,224.934,0.414580
4.07471,224.968,-0.275276E-01
4.07532,225.001,0.321517
4.07593,225.035,-0.164384
4.07654,225.069,-0.404332
4.07715,225.102,-0.254704
4.07776,225.136,0.254311
4.07837,225.170,-0.269832
4.07898,225.203,-0.376755
4.07959,225.237,0.185847
4.08020,225.271,0.900650E-01
4.08081,225.305,-0.100571
4.08142,225.338,-0.176276
4.08203,225.372,-0.228782E-02
4.08264,225.406,-0.495022E-01
4.08325,225.439,0.458641E-01
4.08386,225.473,-0.133583
4.08447,225.507,0.898763E-01
4.08508,225.540,-0.969462E-01
4.08569,225.574,0.732877E-01
4.08630,225.608,0.934517
4.08691,225.642,-0.130960
4.08752,225.675,0.133868
4.08813,225.709,0.222951
4.08875,225.743,0.419534
4.08936,225.776,-0.258249
4.08997,225.810,0.200025
4.09058,225.844,0.872597E-01
4.09119,225.877,-0.358498
4.09180,225.911,0.575308
4.09241,225.945,-0.497420E-01
4.09302,225.979,0.426953
4.09363,226.012,0.773749E-01
4.09424,226.046,-0.187368
4.09485,226.080,-0.121920
4.09546,226.113,0.116809
4.09607,226.147,-0.270786
4.09668,226.181,-0.315632
4.09729,226.214,-0.275856
4.09790,226.248,0.461151E-01
4.09851,226.282,-0.294053
4.09912,226.316,-0.164582E-01
4.09973,226.349,-0.204906
4.10034,226.383,-0.226996
4.10095,226.417,-0.149605
4.10156,226.450,0.822616
4.10217,226.484,0.268889E-01
4.10278,226.518,0.415286
4.10339,226.551,0.250760
4.10400,226.585,-0.481144
4.10461,226.619,0.114370E-01
4.10522,226.653,0.642404E-01
4.10583,226.686,-0.927362E-01
4.10645,226.720,0.216720
4.10706,226.754,0.299725E-01
4.10767,226.787,-0.136473
4.10828,226.821,0.177309
4.10889,226.855,-0.135877
4.10950,226.888,-0.584549
4.11011,226.922,-0.174294E-01
4.11072,226.956,-0.409632
4.11133,226.989,0.336849
4.11194,227.023,0.235800
4.11255,227.057,0.548990
4.11316,227.091,0.460653
4.11377,227.124,0.118830
4.11438,227.158,-0.213245
4.11499,227.192,-0.152848
4.11560,227.225,0.167496
4.11621,227.259,-0.682828
4.11682,227.293,-0.173374E-01
4.11743,227.326,-0.133621
4.11804,227.360,-0.297826
4.11865,227.394,0.485725E-01
4.11926,227.428,0.245423E-01
4.11987,227.461,-0.159761
4.12048,227.495,-0.373958
4.12109,227.529,-0.918890E-01
4.12170,227.562,-0.436414
4.12231,227.596,0.460370
4.12292,227.630,0.316281
4.12354,227.663,-0.193754
4.12415,227.697,0.262083
4.12476,227.731,0.271799E-02
4.12537,227.765,0.501289E-01
4.12598,227.798,-0.239374
4.12659,227.832,0.154181
4.12720,227.866,0.299520E-02
4.12781,227.899,-0.238280
4.12842,227.933,0.120366
4.12903,227.967,0.152281
4.12964,228.000,-0.335062
4.13025,228.034,0.123812
4.13086,228.068,-0.524434
4.13147,228.102,-0.245965
4.13208,228.135,0.327678
4.13269,228.169,-0.744891E-01
4.13330,228.203,-0.532726E-01
4.13391,228.236,-0.110529
4.13452,228.270,0.195629
4.13513,228.304,0.103436
4.13574,228.337,0.171349
4.13635,228.371,-0.709266E-01
4.13696,228.405,-0.362453E-01
4.13757,228.438,-0.109835
4.13818,228.472,-0.659253E-01
4.13879,228.506,0.378951
4.13940,228.540,-0.716560
4.14001,228.573,0.167528
4.14062,228.607,0.467899
4.14124,228.641,0.819216E-01
4.14185,228.674,-0.242561E-03
4.14246,228.708,-0.468431E-01
4.14307,228.742,-0.578889E-01
4.14368,228.775,0.697609E-01
4.14429,228.809,-0.258988
4.14490,228.843,-0.139487
4.14551,228.877,-0.203449
4.14612,228.910,-0.206855
4.14673,228.944,0.790073E-01
4.14734,228.978,0.530675E-01
4.14795,229.011,-0.160830
4.14856,229.045,0.232623
4.14917,229.079,0.273812E-01
4.14978,229.112,0.120349
4.15039,229.146,-0.643361
4.15100,229.180,-0.152568
4.15161,229.214,0.124288
4.15222,229.247,-0.218937
4.15283,229.281,0.717530
4.15344,229.315,0.111932E-01
4.15405,229.348,0.279018
4.15466,229.382,-0.110732
4.15527,229.416,-0.622581E-01
4.15588,229.449,-0.113816E-01
4.15649,229.483,-0.770260E-01
4.15710,229.517,-0.349943E-01
4.15771,229.551,-0.268243
4.15833,229.584,-0.673616
4.15894,229.618,-0.104071
4.15955,229.652,-0.126711E-01
4.16016,229.685,-0.231811
4.16077,229.719,0.854786E-02
4.16138,229.753,-0.394937E-02
4.16199,229.786,0.253327E-01
4.16260,229.820,0.101775
4.16321,229.854,-0.460170E-01
4.16382,229.888,-0.746883E-01
4.16443,229.921,-0.431383
4.16504,229.955,0.820255E-01
4.16565,229.989,-0.485577E-01
4.16626,230.022,0.616871
4.16687,230.056,-0.446325
4.16748,230.090,0.325740
4.16809,230.123,-0.798617E-02
4.16870,230.157,0.104103
4.16931,230.191,0.358784
4.16992,230.224,0.378704
4.17053,230.258,-0.136876E-01
4.17114,230.292,0.143797
4.17175,230.326,-0.781674
4.17236,230.359,-0.170632
4.17297,230.393,-0.552449E-02
4.17358,230.427,0.410998
4.17419,230.460,0.561334
4.17480,230.494,-0.500221E-02
4.17542,230.528,0.427376
4.17603,230.561,-0.228429E-02
4.17664,230.595,-0.258161
4.17725,230.629,0.206698
4.17786,230.663,-0.320288
4.17847,230.696,-0.980712E-01
4.17908,230.730,-0.454926
4.17969,230.764,0.548579E-01
4.18030,230.797,0.441561
4.18091,230.831,0.747251E-01
4.18152,230.865,0.666692E-01
4.18213,230.898,0.260074
4.18274,230.932,0.251782E-01
4.18335,230.966,-0.412851E-01
4.18396,231.000,-0.910039E-01
4.18457,231.033,0.222372E-01
4.18518,231.067,0.863276
4.18579,231.101,0.794781
4.18640,231.134,-0.443509
4.18701,231.168,-0.204973E-01
4.18762,231.202,-0.618618
4.18823,231.235,0.805721E-02
4.18884,231.269,0.915908E-01
4.18945,231.303,-0.771987
4.19006,231.337,0.239346
4.19067,231.370,-0.636876E-01
4.19128,231.404,-0.121765
4.19189,231.438,-0.553304E-01
4.19250,231.471,-0.868315E-01
4.19312,231.505,-0.214966
4.19373,231.539,-0.392497
4.19434,231.572,-0.690914
4.19495,231.606,-0.109356
4.19556,231.640,-0.205796
4.19617,231.673,0.469281
4.19678,231.707,0.793366E-01
4.19739,231.741,0.100409
4.19800,231.775,0.336854
4.19861,231.808,-0.254018E-01
4.19922,231.842,0.129423E-01
4.19983,231.876,0.551514E-02
4.20044,231.909,-0.194674
4.20105,231.943,-0.461136E-01
4.20166,231.977,0.183489
4.20227,232.010,-0.442947E-01
4.20288,232.044,-0.248013E-01
4.20349,232.078,-0.775583
4.20410,232.112,0.139861
4.20471,232.145,0.296506
4.20532,232.179,-0.693183E-01
4.20593,232.213,0.331128E-01
4.20654,232.246,-0.111519E-01
4.20715,232.280,-0.137003
4.20776,232.314,0.290599
4.20837,232.347,0.206315
4.20898,232.381,-0.118529
4.20959,232.415,0.746195E-01
4.21021,232.449,0.104650
4.21082,232.482,-0.964327E-01
4.21143,232.516,0.229277
4.21204,232.550,-0.468757
4.21265,232.583,0.178701
4.21326,232.617,-0.145281
4.21387,232.651,-0.669936E-01
4.21448,232.684,0.180178E-01
4.21509,232.718,0.261981
4.21570,232.752,0.333649
4.21631,232.786,0.267421E-01
4.21692,232.819,-0.136864
4.21753,232.853,-0.149188E-01
4.21814,232.887,0.437231E-01
4.21875,232.920,-0.567319
4.21936,232.954,0.119055
4.21997,232.988,0.615350E-02
4.22058,233.021,-0.237351E-01
4.22119,233.055,0.426666E-01
4.22180,233.089,0.340905
4.22241,233.123,0.576046E-01
4.22302,233.156,-0.129453
4.22363,233.190,-0.502673
4.22424,233.224,0.673436E-01
4.22485,233.257,-0.225107
4.22546,233.291,-0.625028E-01
4.22607,233.325,0.166389
4.22668,233.358,0.291209
4.22729,233.392,-0.401477
4.22791,233.426,-0.551654E-01
4.22852,233.459,0.341835E-01
4.22913,233.493,-0.278273
4.22974,233.527,0.180875
4.23035,233.561,0.372796
4.23096,233.594,-0.980191E-01
4.23157,233.628,-0.225572
4.23218,233.662,-0.100735
4.23279,233.695,0.837031
4.23340,233.729,-0.785956
4.23401,233.763,0.421460
4.23462,233.796,-0.171141
4.23523,233.830,-0.928739
4.23584,233.864,0.166903E-01
4.23645,233.898,0.204576
4.23706,233.931,-0.131279E-01
4.23767,233.965,-0.161792
4.23828,233.999,-0.383359E-02
4.23889,234.032,0.353181
4.23950,234.066,-0.178967
4.24011,234.100,-0.373512E-01
4.24072,234.133,0.305797
4.24133,234.167,0.488235
4.24194,234.201,-0.676974E-01
4.24255,234.235,0.830877E-01
4.24316,234.268,-0.292987
4.24377,234.302,0.421213
4.24438,234.336,0.470270
4.24500,234.369,0.131169E-01
4.24561,234.403,0.388125
4.24622,234.437,-0.396849
4.24683,234.470,-0.272539
4.24744,234.504,0.128653
4.24805,234.538,-0.257615
4.24866,234.572,0.497793
4.24927,234.605,-0.450246
4.24988,234.639,0.819125E-01
4.25049,234.673,-0.376650
4.25110,234.706,0.248094
4.25171,234.740,-0.140689
4.25232,234.774,0.223213
4.25293,234.807,-0.149870
4.25354,234.841,-0.736002E-01
4.25415,234.875,0.419396
4.25476,234.909,0.751833
4.25537,234.942,-0.190505
4.25598,234.976,0.689726E-01
4.25659,235.010,-0.243464E-01
4.25720,235.043,-0.120449
4.25781,235.077,-0.431078
4.25842,235.111,-0.107883E-01
4.25903,235.144,-0.716252
4.25964,235.178,0.338732E-01
4.26025,235.212,0.672439
4.26086,235.245,-0.588132E-01
4.26147,235.279,0.642881E-01
4.26208,235.313,0.184578E-01
4.26270,235.347,-0.159137
4.26331,235.380,-0.475629
4.26392,235.414,0.208613
4.26453,235.448,-0.214484
4.26514,235.481,-0.319323
4.26575,235.515,-0.197994
4.26636,235.549,0.139517
4.26697,235.582,-0.128003
4.26758,235.616,0.215514
4.26819,235.650,0.636928
4.26880,235.684,-0.512229E-01
4.26941,235.717,0.117906
4.27002,235.751,-0.300148
4.27063,235.785,0.143692
4.27124,235.818,0.151387E-01
4.27185,235.852,-0.982980E-01
4.27246,235.886,0.280584
4.27307,235.919,-0.403394
4.27368,235.953,0.507076
4.27429,235.987,0.489514
4.27490,236.021,-0.108644
4.27551,236.054,-0.385627
4.27612,236.088,0.625926E-01
4.27673,236.122,-0.172238
4.27734,236.155,0.333024
4.27795,236.189,0.383660
4.27856,236.223,0.102737E-01
4.27917,236.256,0.245775
4.27979,236.290,-0.129558
4.28040,236.324,-0.505347E-01
4.28101,236.358,-0.101861
4.28162,236.391,0.675432
4.28223,236.425,0.151260
4.28284,236.459,-0.157109E-01
4.28345,236.492,0.215753
4.28406,236.526,-0.768746E-02
4.28467,236.560,-0.737049E-01
4.28528,236.593,0.437751E-01
4.28589,236.627,-0.143774E-01
4.28650,236.661,0.458296
4.28711,236.694,0.454055E-01
4.28772,236.728,-0.750978
4.28833,236.762,-0.596420E-01
4.28894,236.796,0.530762E-01
4.28955,236.829,-0.669545E-01
4.29016,236.863,0.155371
4.29077,236.897,-0.306200E-01
4.29138,236.930,0.113658
4.29199,236.964,-0.730607E-01
4.29260,236.998,0.188157
4.29321,237.031,0.144127
4.29382,237.065,0.341276
4.29443,237.099,-0.860745E-01
4.29504,237.133,-0.880626E-01
4.29565,237.166,0.257798
4.29626,237.200,-0.368857E-01
4.29688,237.234,0.139630
4.29749,237.267,0.621894
4.29810,237.301,-0.319842
4.29871,237.335,-0.746373
4.29932,237.368,0.371346E-01
4.29993,237.402,-0.127496
4.30054,237.436,0.424009
4.30115,237.470,-0.283330
4.30176,237.503,-0.192817
4.30237,237.537,-0.175988
4.30298,237.571,-0.143746
4.30359,237.604,0.803339E-01
4.30420,237.638,-0.218740
4.30481,237.672,-0.188155
4.30542,237.705,-0.593682
4.30603,237.739,-0.513544
4.30664,237.773,0.553948E-01
4.30725,237.807,-0.978078
4.30786,237.840,-0.202824
4.30847,237.874,-0.328249
4.30908,237.908,-0.591526
4.30969,237.941,-0.224370E-02
4.31030,237.975,0.280457
4.31091,238.009,-0.939443E-01
4.31152,238.042,-0.229374E-01
4.31213,238.076,-0.626190E-01
4.31274,238.110,0.387237E-01
4.31335,238.144,-0.245629
4.31396,238.177,-0.250151
4.31458,238.211,-0.339750
4.31519,238.245,0.472963
4.31580,238.278,0.351931
4.31641,238.312,0.245962
4.31702,238.346,-0.306447
4.31763,238.379,-0.662768
4.31824,238.413,0.459047E-01
4.31885,238.447,0.639300E-01
4.31946,238.480,-0.105820
4.32007,238.514,0.163474
4.32068,238.548,-0.382554
4.32129,238.582,0.476314E-02
4.32190,238.615,-0.135637
4.32251,238.649,0.126375
4.32312,238.683,0.347388
4.32373,238.716,0.587120E-01
4.32434,238.750,0.534417
4.32495,238.784,-0.858207
4.32556,238.817,0.388733
4.32617,238.851,0.420458
4.32678,238.885,0.564768E-01
4.32739,238.919,-0.496853
4.32800,238.952,-0.833087E-01
4.32861,238.986,0.503628
4.32922,239.020,-0.140558E-01
4.32983,239.053,0.287763
4.33044,239.087,0.472367E-02
4.33105,239.121,0.177402
4.33167,239.154,-0.125819
4.33228,239.188,-0.355553E-02
4.33289,239.222,0.267210
4.33350,239.256,-0.501013
4.33411,239.289,-1.01029
4.33472,239.323,0.148118
4.33533,239.357,-0.183846
4.33594,239.390,0.138213
4.33655,239.424,-0.101595
4.33716,239.458,-0.250335
4.33777,239.491,0.150341E-01
4.33838,239.525,0.480019E-01
4.33899,239.559,-0.966813E-01
4.33960,239.593,0.638616E-01
4.34021,239.626,-0.106604
4.34082,239.660,-0.287481
4.34143,239.694,0.336425E-01
4.34204,239.727,-0.134491E-01
4.34265,239.761,0.763060E-01
4.34326,239.795,0.207571
4.34387,239.828,0.856532E-02
4.34448,239.862,-0.528830E-01
4.34509,239.896,-0.742498E-01
4.34570,239.929,0.303415E-01
4.34631,239.963,0.165834
4.34692,239.997,0.602409
4.34753,240.031,0.709530
4.34814,240.064,0.155592
4.34875,240.098,-0.147386
4.34937,240.132,-0.501161E-01
4.34998,240.165,0.608560E-01
4.35059,240.199,-0.105502
4.35120,240.233,-0.276171
4.35181,240.266,-0.428597
4.35242,240.300,-0.300565E-02
4.35303,240.334,-0.148472
4.35364,240.368,0.389255E-01
4.35425,240.401,-0.137371
4.35486,240.435,-0.158477
4.35547,240.469,1.24897
4.35608,240.502,0.124953
4.35669,240.536,0.169548
4.35730,240.570,-0.219575E-01
4.35791,240.603,-0.208126
4.35852,240.637,0.619829E-02
4.35913,240.671,0.301490
4.35974,240.705,0.666535E-01
4.36035,240.738,0.125603
4.36096,240.772,-0.126611
4.36157,240.806,0.130045
4.36218,240.839,-0.665695E-01
4.36279,240.873,0.515824
4.36340,240.907,-0.852579E-01
4.36401,240.940,0.737989E-01
4.36462,240.974,-0.355521
4.36523,241.008,-0.181637
4.36584,241.042,-0.294652
4.36646,241.075,-0.182578
4.36707,241.109,-0.106132
4.36768,241.143,0.101044
4.36829,241.176,-0.664855E-02
4.36890,241.210,0.188511
4.36951,241.244,0.180688
4.37012,241.277,0.243656
4.37073,241.311,0.137592
4.37134,241.345,0.709015E-01
4.37195,241.379,0.800788E-02
4.37256,241.412,-0.146074
4.37317,241.446,0.362513
4.37378,241.480,-0.201019E-01
4.37439,241.513,-0.728992E-01
4.37500,241.547,-0.106600E-01
4.37561,241.581,-0.569307E-01
4.37622,241.614,-0.355134E-02
4.37683,241.648,-0.115141E-02
4.37744,241.682,-0.237026
4.37805,241.715,0.100343E-01
4.37866,241.749,-0.135458
4.37927,241.783,0.418016
4.37988,241.817,0.385031
4.38049,241.850,-0.296739
4.38110,241.884,-0.137980E-01
4.38171,241.918,-0.664807E-01
4.38232,241.951,0.214958
4.38293,241.985,-0.200872E-02
4.38354,242.019,0.464675E-01
4.38416,242.052,-0.521198
4.38477,242.086,-0.306975
4.38538,242.120,-0.290486E-01
4.38599,242.154,-0.113696
4.38660,242.187,0.290389E-01
4.38721,242.221,0.145687
4.38782,242.255,0.220891E-01
4.38843,242.288,-0.161697
4.38904,242.322,0.325930E-01
4.38965,242.356,0.135216E-01
4.39026,242.389,0.237411E-01
4.39087,242.423,0.153244E-01
4.39148,242.457,0.600493
4.39209,242.491,-0.506839
4.39270,242.524,0.451212
4.39331,242.558,0.164641
4.39392,242.592,0.630561E-01
4.39453,242.625,0.931442E-01
4.39514,242.659,0.142669E-01
4.39575,242.693,0.401496E-01
4.39636,242.726,-0.467354
4.39697,242.760,0.941275E-01
4.39758,242.794,0.176615
4.39819,242.828,0.144756E-01
4.39880,242.861,0.243218
4.39941,242.895,-0.419478E-01
4.40002,242.929,-0.677553E-01
4.40063,242.962,0.451208E-02
4.40125,242.996,-0.186236
4.40186,243.030,0.193249
4.40247,243.063,0.978334E-02
4.40308,243.097,0.674429
4.40369,243.131,0.919739E-01
4.40430,243.165,-0.109503E-01
4.40491,243.198,0.167407
4.40552,243.232,-0.143912
4.40613,243.266,0.129943
4.40674,243.299,-0.174735
4.40735,243.333,0.287712
4.40796,243.367,0.468936
4.40857,243.400,0.152079
4.40918,243.434,0.616653E-01
4.40979,243.468,0.146631
4.41040,243.501,-0.419752E-01
4.41101,243.535,-0.133972
4.41162,243.569,0.123884
4.41223,243.603,-0.309174E-01
4.41284,243.636,-0.302770E-01
4.41345,243.670,0.177259
4.41406,243.704,-0.368066
4.41467,243.737,-0.214319
4.41528,243.771,0.675261
4.41589,243.805,0.451625
4.41650,243.838,-0.158290
4.41711,243.872,-0.320837E-01
4.41772,243.906,-0.593631E-01
4.41833,243.940,-0.149160
4.41895,243.973,0.219306
4.41956,244.007,0.337757E-01
4.42017,244.041,-0.432444E-01
4.42078,244.074,0.307845E-01
4.42139,244.108,-0.165671
4.42200,244.142,0.935658E-01
4.42261,244.175,0.928895E-01
4.42322,244.209,-0.301177
4.42383,244.243,-0.144641
4.42444,244.277,0.131685
4.42505,244.310,0.538205
4.42566,244.344,-0.523684
4.42627,244.378,0.239569E-01
4.42688,244.411,0.221418
4.42749,244.445,0.409868
4.42810,244.479,0.128801E-01
4.42871,244.512,-0.739370E-01
4.42932,244.546,0.198868
4.42993,244.580,0.805859E-01
4.43054,244.614,-0.614661
4.43115,244.647,-0.160288E-01
4.43176,244.681,0.313991
4.43237,244.715,-0.163601E-01
4.43298,244.748,-0.158650
4.43359,244.782,0.216205
4.43420,244.816,-0.177887
4.43481,244.849,0.342812
4.43542,244.883,-0.116980E-01
4.43604,244.917,0.483921
4.43665,244.950,-0.303464
4.43726,244.984,-0.400600
4.43787,245.018,0.202443E-01
4.43848,245.052,0.489907E-01
4.43909,245.085,-0.799644E-01
4.43970,245.119,0.355797
4.44031,245.153,-0.206611
4.44092,245.186,0.666193E-01
4.44153,245.220,0.348922E-01
4.44214,245.254,0.343348E-01
4.44275,245.287,0.138929
4.44336,245.321,0.891207
4.44397,245.355,0.152163
4.44458,245.389,-0.679609E-01
4.44519,245.422,-0.211058
4.44580,245.456,-0.102703
4.44641,245.490,-0.385837
4.44702,245.523,0.115939
4.44763,245.557,-0.117957
4.44824,245.591,-0.404635
4.44885,245.624,-0.336918
4.44946,245.658,-0.693068
4.45007,245.692,-0.204463
4.45068,245.726,-0.804304E-01
4.45129,245.759,-0.135911
4.45190,245.793,-0.787956E-01
4.45251,245.827,-0.407681
4.45312,245.860,0.258839
4.45374,245.894,-0.126947
4.45435,245.928,0.897322E-01
4.45496,245.961,-0.739937E-01
4.45557,245.995,-0.792013E-01
4.45618,246.029,-0.113339
4.45679,246.063,0.453741
4.45740,246.096,0.727261E-01
4.45801,246.130,0.511412
4.45862,246.164,-0.526356
4.45923,246.197,-0.760687E-01
4.45984,246.231,0.215799
4.46045,246.265,0.707783E-01
4.46106,246.298,-0.455117E-01
4.46167,246.332,0.439065
4.46228,246.366,0.302226
4.46289,246.400,-0.570824
4.46350,246.433,0.365529
4.46411,246.467,0.252821E-01
4.46472,246.501,-0.220174E-01
4.46533,246.534,-0.143093
4.46594,246.568,0.450789E-01
4.46655,246.602,0.154753
4.46716,246.635,0.464886E-01
4.46777,246.669,0.426277E-01
4.46838,246.703,0.530300E-01
4.46899,246.736,0.149233
4.46960,246.770,-0.106808
4.47021,246.804,-0.903661E-01
4.47083,246.838,0.104942
4.47144,246.871,-0.383160
4.47205,246.905,0.150993
4.47266,246.939,-0.100226
4.47327,246.972,0.137992
4.47388,247.006,0.478152E-01
4.47449,247.040,1.15340
4.47510,247.073,-0.409835
4.47571,247.107,-0.177227
4.47632,247.141,-0.200050
4.47693,247.175,-0.765934E-01
4.47754,247.208,-0.204652
4.47815,247.242,-0.852552E-01
4.47876,247.276,-0.580564
4.47937,247.309,-0.366878
4.47998,247.343,0.185455
4.48059,247.377,-0.908871E-01
4.48120,247.410,-0.464021
4.48181,247.444,-0.549706E-01
4.48242,247.478,-1.30258
4.48303,247.512,0.279071
4.48364,247.545,-0.274354
4.48425,247.579,-0.164184
4.48486,247.613,-0.276359E-02
4.48547,247.646,0.565547E-01
4.48608,247.680,-0.867768E-01
4.48669,247.714,-0.206006
4.48730,247.747,-0.355093
4.48792,247.781,-0.217586
4.48853,247.815,-0.702694
4.48914,247.849,-0.140770
4.48975,247.882,-0.126688E-01
4.49036,247.916,0.921364E-01
4.49097,247.950,0.572944E-02
4.49158,247.983,0.154191
4.49219,248.017,1.15889
4.49280,248.051,-0.129983
4.49341,248.084,-0.307942E-01
4.49402,248.118,0.101605
4.49463,248.152,0.525861E-01
4.49524,248.186,-0.230240
4.49585,248.219,0.133476E-01
4.49646,248.253,0.125220
4.49707,248.287,0.498187E-01
4.49768,248.320,-0.654809E-02
4.49829,248.354,-0.213660
4.49890,248.388,-0.316734
4.49951,248.421,-0.122372
4.50012,248.455,0.746080
4.50073,248.489,-0.687841E-01
4.50134,248.522,-0.172930
4.50195,248.556,0.246212
4.50256,248.590,-0.738267E-01
4.50317,248.624,0.721442
4.50378,248.657,-0.194470E-02
4.50439,248.691,0.867148
4.50500,248.725,0.171148
4.50562,248.758,-0.615065E-02
4.50623,248.792,0.465062E-01
4.50684,248.826,0.119622E-01
4.50745,248.859,-0.478717
4.50806,248.893,0.741197E-01
4.50867,248.927,-0.100583
4.50928,248.961,0.620943E-01
4.50989,248.994,-0.252194E-01
4.51050,249.028,-0.793784
4.51111,249.062,-0.386942
4.51172,249.095,0.298558
4.51233,249.129,0.188880
4.51294,249.163,-0.139031E-01
4.51355,249.196,0.347779
4.51416,249.230,0.549009E-01
4.51477,249.264,-0.233386
4.51538,249.298,0.292736
4.51599,249.331,0.128786
4.51660,249.365,-0.163524
4.51721,249.399,-0.171930
4.51782,249.432,-0.148958
4.51843,249.466,-0.122600
4.51904,249.500,0.279838
4.51965,249.533,-0.259911
4.52026,249.567,0.989238
4.52087,249.601,-0.185278
4.52148,249.635,0.364770E-01
4.52209,249.668,-0.549626
4.52271,249.702,0.649438E-01
4.52332,249.736,0.212299E-01
4.52393,249.769,-0.452764
4.52454,249.803,-0.636338
4.52515,249.837,-0.601849E-01
4.52576,249.870,0.659280
4.52637,249.904,0.217735
4.52698,249.938,-0.205968
4.52759,249.971,-0.647877E-01
4.52820,250.005,-0.643824
4.52881,250.039,0.683011E-01
4.52942,250.073,-0.524955E-01
4.53003,250.106,-0.281013E-01
4.53064,250.140,-0.267801
4.53125,250.174,-0.880398E-01
4.53186,250.207,-0.194564
4.53247,250.241,0.237435E-02
4.53308,250.275,0.289997E-01
4.53369,250.308,-0.150442
4.53430,250.342,-0.112669
4.53491,250.376,0.467416
4.53552,250.410,0.384527
4.53613,250.443,0.237353E-01
4.53674,250.477,-0.764750E-01
4.53735,250.511,0.239149
4.53796,250.544,0.409760
4.53857,250.578,0.461939E-02
4.53918,250.612,0.785516
4.53979,250.645,-0.326156
4.54041,250.679,0.238519
4.54102,250.713,0.475380E-01
4.54163,250.747,-0.349585
4.54224,250.780,0.241866
4.54285,250.814,0.175427E-01
4.54346,250.848,-0.100666
4.54407,250.881,-0.309060
4.54468,250.915,0.662350E-01
4.54529,250.949,0.717506E-02
4.54590,250.982,0.701608
4.54651,251.016,0.246067
4.54712,251.050,-0.587904E-01
4.54773,251.084,0.377577
4.54834,251.117,-0.108393
4.54895,251.151,0.135731
4.54956,251.185,0.238975
4.55017,251.218,-0.365466E-01
4.55078,251.252,-0.227336
4.55139,251.286,0.732740E-01
4.55200,251.319,0.303760
4.55261,251.353,-0.372114
4.55322,251.387,-0.156428
4.55383,251.421,0.766320E-01
4.55444,251.454,-0.639167
4.55505,251.488,0.179977
4.55566,251.522,-0.146525E-02
4.55627,251.555,-0.158959
4.55688,251.589,-0.169870
4.55750,251.623,0.148982
4.55811,251.656,0.463429
4.55872,251.690,-0.119962E-01
4.55933,251.724,-0.113000
4.55994,251.757,0.745330E-01
4.56055,251.791,0.440344E-02
4.56116,251.825,-0.432150E-01
4.56177,251.859,0.430184
4.56238,251.892,0.766120
4.56299,251.926,0.536161
4.56360,251.960,-0.233729
4.56421,251.993,0.152730
4.56482,252.027,0.316421
4.56543,252.061,-0.289855
4.56604,252.094,0.203759
4.56665,252.128,0.304427
4.56726,252.162,0.195432
4.56787,252.196,-0.624134
4.56848,252.229,-0.320242
4.56909,252.263,0.413907
4.56970,252.297,0.298425
4.57031,252.330,0.109847
4.57092,252.364,0.108027
4.57153,252.398,0.404282E-01
4.57214,252.431,-0.468025
4.57275,252.465,0.519139E-01
4.57336,252.499,-0.119103
4.57397,252.533,-0.524242
4.57458,252.566,-0.102076
4.57520,252.600,0.145292
4.57581,252.634,0.221399
4.57642,252.667,0.975361E-01
4.57703,252.701,0.240137
4.57764,252.735,0.103064
4.57825,252.768,0.228705E-01
4.57886,252.802,-0.208017
4.57947,252.836,0.191935
4.58008,252.870,0.145266
4.58069,252.903,0.747346
4.58130,252.937,0.554841
4.58191,252.971,0.319296
4.58252,253.004,-0.201444E-01
4.58313,253.038,0.400048
4.58374,253.072,0.115836E-01
4.58435,253.105,-1.22816
4.58496,253.139,0.424765
4.58557,253.173,-0.871711E-02
4.58618,253.206,0.937323E-01
4.58679,253.240,-0.670898E-01
4.58740,253.274,-0.120243
4.58801,253.308,-0.321830
4.58862,253.341,-0.182520
4.58923,253.375,-0.462459
4.58984,253.409,-0.401241
4.59045,253.442,0.255784
4.59106,253.476,-0.132971
4.59167,253.510,0.212676
4.59229,253.543,-0.189448
4.59290,253.577,-0.104704
4.59351,253.611,-0.512931
4.59412,253.645,0.287370E-01
4.59473,253.678,1.03200
4.59534,253.712,-0.156279
4.59595,253.746,-0.254385
4.59656,253.779,-0.215911
4.59717,253.813,0.308987
4.59778,253.847,0.325832
4.59839,253.880,0.398337E-01
4.59900,253.914,0.269272
4.59961,253.948,-0.258144
4.60022,253.982,-0.827983E-01
4.60083,254.015,0.220717
4.60144,254.049,-0.160042
4.60205,254.083,0.218540
4.60266,254.116,0.704443E-01
4.60327,254.150,0.296475
4.60388,254.184,0.565076
4.60449,254.217,-0.546119
4.60510,254.251,-0.374115
4.60571,254.285,-0.249928
4.60632,254.319,-0.414254
4.60693,254.352,0.594703E-02
4.60754,254.386,-0.114639
4.60815,254.420,0.364308
4.60876,254.453,0.277079
4.60938,254.487,-0.924206E-01
4.60999,254.521,0.779202E-01
4.61060,254.554,0.526316E-01
4.61121,254.588,-1.48438
4.61182,254.622,0.194366
4.61243,254.656,0.961496E-01
4.61304,254.689,-0.100706
4.61365,254.723,-0.221131E-01
4.61426,254.757,-0.654498
4.61487,254.790,-0.648865E-01
4.61548,254.824,-0.720293E-01
4.61609,254.858,0.652402E-01
4.61670,254.891,-0.581002
4.61731,254.925,-0.164691
4.61792,254.959,-0.266024
4.61853,254.992,-0.166693E-01
4.61914,255.026,-0.224839E-01
4.61975,255.060,0.299758
4.62036,255.094,-0.153384
4.62097,255.127,1.28395
4.62158,255.161,-0.130685
4.62219,255.195,0.286938E-02
4.62280,255.228,-0.165839
4.62341,255.262,0.724643E-01
4.62402,255.296,-0.331709
4.62463,255.329,0.574862E-01
4.62524,255.363,0.754429E-02
4.62585,255.397,-0.180024
4.62646,255.431,0.423714
4.62708,255.464,-0.591405E-01
4.62769,255.498,-0.343904
4.62830,255.532,0.528747E-03
4.62891,255.565,0.163579E-01
4.62952,255.599,0.270763
4.63013,255.633,0.567058E-02
4.63074,255.666,-0.162709
4.63135,255.700,0.295091
4.63196,255.734,-0.631625
4.63257,255.768,-0.544674
4.63318,255.801,0.201929
4.63379,255.835,-0.303826
4.63440,255.869,-0.122934
4.63501,255.902,-0.861899E-01
4.63562,255.936,0.352924E-01
4.63623,255.970,0.207252
4.63684,256.003,0.720524
4.63745,256.037,-0.461180E-02
4.63806,256.071,0.495674
4.63867,256.105,0.282831E-01
4.63928,256.138,0.100083E-01
4.63989,256.172,0.873065
4.64050,256.206,0.291995
4.64111,256.239,0.141324
4.64172,256.273,-0.861614E-01
4.64233,256.307,0.137845
4.64294,256.340,0.511234
4.64355,256.374,0.433628
4.64417,256.408,-0.117979
4.64478,256.442,-0.333703
4.64539,256.475,-0.379865
4.64600,256.509,0.451492
4.64661,256.543,0.390655
4.64722,256.576,-0.219442
4.64783,256.610,-0.109060
4.64844,256.644,-0.120196E-01
4.64905,256.677,-0.777576
4.64966,256.711,0.711144E-01
4.65027,256.745,-0.108169
4.65088,256.778,0.110627
4.65149,256.812,-0.303338E-01
4.65210,256.846,-0.285753E-02
4.65271,256.880,0.106279E-01
4.65332,256.913,0.216190
4.65393,256.947,-0.552165E-01
4.65454,256.981,0.699055E-02
4.65515,257.014,-0.115555
4.65576,257.048,-0.789749E-01
4.65637,257.082,-0.884910
4.65698,257.115,-0.648669E-01
4.65759,257.149,-0.367289
4.65820,257.183,-0.252661
4.65881,257.217,-0.127051
4.65942,257.250,-0.549833E-01
4.66003,257.284,-0.655366
4.66064,257.318,0.742832
4.66125,257.351,-0.136058
4.66187,257.385,-0.171663
4.66248,257.419,-0.409370
4.66309,257.452,0.950553E-02
4.66370,257.486,-0.810885
4.66431,257.520,0.814445E-01
4.66492,257.554,-0.160583
4.66553,257.587,0.247471
4.66614,257.621,-0.116062
4.66675,257.655,0.182960
4.66736,257.688,0.100980
4.66797,257.722,-0.395250
4.66858,257.756,-0.260402E-01
4.66919,257.789,0.153421
4.66980,257.823,0.224799
4.67041,257.857,-0.840846E-01
4.67102,257.891,0.185236
4.67163,257.924,-0.846094E-02
4.67224,257.958,0.349780E-01
4.67285,257.992,0.152887
4.67346,258.025,-0.620115E-01
4.67407,258.059,-0.258105
4.67468,258.093,0.651855E-01
4.67529,258.126,0.142877
4.67590,258.160,0.126329
4.67651,258.194,-0.505813E-01
4.67712,258.227,-0.753938E-01
4.67773,258.261,-0.438515
4.67834,258.295,-0.116738
4.67896,258.329,-0.566052E-01
4.67957,258.362,-0.213527
4.68018,258.396,-0.237242E-01
4.68079,258.430,-0.932170E-01
4.68140,258.463,-1.01980
4.68201,258.497,0.536833
4.68262,258.531,-0.248619
4.68323,258.564,0.468621E-01
4.68384,258.598,-0.107160
4.68445,258.632,-0.151786
4.68506,258.666,-0.187771
4.68567,258.699,0.112528
4.68628,258.733,-0.170834
4.68689,258.767,-0.185508
4.68750,258.800,0.265741
4.68811,258.834,0.508247E-01
4.68872,258.868,0.600161
4.68933,258.901,-0.363407E-01
4.68994,258.935,0.795775E-01
4.69055,258.969,0.153673
4.69116,259.003,0.339364E-01
4.69177,259.036,0.232980
4.69238,259.070,-0.930558E-02
4.69299,259.104,0.837105E-01
4.69360,259.137,-0.247946
4.69421,259.171,-0.512708E-01
4.69482,259.205,-0.592264E-01
4.69543,259.238,0.158744
4.69604,259.272,0.547735
4.69666,259.306,-0.171673
4.69727,259.340,-0.899293E-01
4.69788,259.373,-0.160084
4.69849,259.407,1.00582
4.69910,259.441,0.267961E-01
4.69971,259.474,0.375339
4.70032,259.508,0.780677E-01
4.70093,259.542,0.492674
4.70154,259.575,0.158479
4.70215,259.609,0.357659
4.70276,259.643,0.469645
4.70337,259.677,0.394773
4.70398,259.710,-0.224196
4.70459,259.744,-0.103694
4.70520,259.778,-0.389966E-02
4.70581,259.811,-0.363964E-02
4.70642,259.845,0.749613E-01
4.70703,259.879,0.288006E-01
4.70764,259.912,0.390126
4.70825,259.946,0.543338E-01
4.70886,259.980,0.540068E-01
4.70947,260.013,-0.340681
4.71008,260.047,-1.38399
4.71069,260.081,0.460073
4.71130,260.115,-0.686708
4.71191,260.148,-0.578729
4.71252,260.182,-0.156411
4.71313,260.216,-0.439908
4.71375,260.249,0.336504
4.71436,260.283,-0.176717
4.71497,260.317,-0.114089
4.71558,260.350,-0.112770E-02
4.71619,260.384,-0.388575
4.71680,260.418,-0.169247E-01
4.71741,260.452,-0.184317
4.71802,260.485,-0.467845E-01
4.71863,260.519,-0.314953E-01
4.71924,260.553,0.176860
4.71985,260.586,0.240780
4.72046,260.620,-0.969510
4.72107,260.654,-0.331967E-01
4.72168,260.687,-0.245735
4.72229,260.721,-0.311840
4.72290,260.755,0.114438
4.72351,260.789,0.254705
4.72412,260.822,0.252632
4.72473,260.856,0.142937
4.72534,260.890,-0.602353E-01
4.72595,260.923,-0.832921E-01
4.72656,260.957,-1.05191
4.72717,260.991,0.243686
4.72778,261.024,0.208046
4.72839,261.058,0.175161E-01
4.72900,261.092,-0.808615
4.72961,261.126,0.247495
4.73022,261.159,-0.652008
4.73083,261.193,0.140335E-01
4.73145,261.227,0.755979E-01
4.73206,261.260,0.235240
4.73267,261.294,0.256670E-01
4.73328,261.328,-0.140499E-01
4.73389,261.361,-0.215592
4.73450,261.395,-0.698066E-03
4.73511,261.429,0.138768
4.73572,261.462,0.245518
4.73633,261.496,0.492453E-01
4.73694,261.530,0.323082E-03
4.73755,261.564,-0.355776
4.73816,261.597,-0.156175
4.73877,261.631,0.364550
4.73938,261.665,-0.110638
4.73999,261.698,0.425126E-01
4.74060,261.732,0.483698
4.74121,261.766,0.286526
4.74182,261.799,0.100814E-01
4.74243,261.833,-0.875094E-01
4.74304,261.867,-0.190768
4.74365,261.901,-0.449902E-01
4.74426,261.934,-0.233472
4.74487,261.968,-0.184947
4.74548,262.002,-0.822889
4.74609,262.035,-0.774366E-01
4.74670,262.069,0.266900
4.74731,262.103,-0.381168
4.74792,262.136,-0.118024
4.74854,262.170,-0.201260
4.74915,262.204,-0.243829E-01
4.74976,262.238,0.470984
4.75037,262.271,0.231271E-01
4.75098,262.305,-0.184190
4.75159,262.339,-0.138766E-01
4.75220,262.372,-0.397819E-01
4.75281,262.406,-0.953601E-01
4.75342,262.440,0.871018E-01
4.75403,262.473,0.133331E-01
4.75464,262.507,0.212690
4.75525,262.541,0.171441
4.75586,262.575,0.182192E-01
4.75647,262.608,0.171441
4.75708,262.642,-0.158077
4.75769,262.676,0.194433
4.75830,262.709,0.802282E-01
4.75891,262.743,0.403831
4.75952,262.777,0.639370
4.76013,262.810,0.900041E-01
4.76074,262.844,-0.635683E-01
4.76135,262.878,0.416779E-01
4.76196,262.912,0.273098
4.76257,262.945,0.975195E-01
4.76318,262.979,0.369076E-01
4.76379,263.013,0.167288E-02
4.76440,263.046,-0.226006
4.76501,263.080,-0.450929
4.76562,263.114,0.351324
4.76624,263.147,0.144136E-01
4.76685,263.181,-0.414669E-01
4.76746,263.215,0.515534E-01
4.76807,263.248,0.141952
4.76868,263.282,0.521241
4.76929,263.316,-0.148339
4.76990,263.350,-0.317144
4.77051,263.383,0.538406
4.77112,263.417,0.131096
4.77173,263.451,-0.238850E-01
4.77234,263.484,-0.183075
4.77295,263.518,0.311370
4.77356,263.552,0.193208
4.77417,263.585,0.120939
4.77478,263.619,0.879314E-01
4.77539,263.653,-0.325370
4.77600,263.687,-0.304622E-01
4.77661,263.720,0.253154
4.77722,263.754,0.975094E-01
4.77783,263.788,0.907988E-01
4.77844,263.821,-0.167939
4.77905,263.855,0.997327E-01
4.77966,263.889,-0.509544
4.78027,263.922,-0.151999
4.78088,263.956,0.250347
4.78149,263.990,-0.365360E-01
4.78210,264.024,-0.690339E-01
4.78271,264.057,0.145479E-01
4.78333,264.091,-0.417051
4.78394,264.125,-0.642109
4.78455,264.158,-0.588100E-01
4.78516,264.192,-0.247961
4.78577,264.226,0.447165E-01
4.78638,264.259,-0.259760E-01
4.78699,264.293,-0.358875
4.78760,264.327,0.269313
4.78821,264.361,-0.261584
4.78882,264.394,0.374011E-01
4.78943,264.428,0.304586
4.79004,264.462,-0.218464
4.79065,264.495,0.206655E-01
4.79126,264.529,0.159290E-01
4.79187,264.563,-0.258392
4.79248,264.596,0.102151
4.79309,264.630,0.401111E-02
4.79370,264.664,0.364086
4.79431,264.698,-0.408906
4.79492,264.731,0.160216
4.79553,264.765,-0.203306
4.79614,264.799,0.529382
4.79675,264.832,-0.179936
4.79736,264.866,0.166842E-01
4.79797,264.900,0.610173E-01
4.79858,264.933,-0.614622
4.79919,264.967,0.220371
4.79980,265.001,0.190669
4.80042,265.034,0.738619E-01
4.80103,265.068,0.457577E-01
4.80164,265.102,-0.456541E-01
4.80225,265.136,0.363748
4.80286,265.169,-0.253285
4.80347,265.203,0.376837E-01
4.80408,265.237,-0.900033E-01
4.80469,265.270,0.193756E-01
4.80530,265.304,-0.114187
4.80591,265.338,0.838692E-01
4.80652,265.371,-0.207958
4.80713,265.405,-0.562682E-01
4.80774,265.439,0.158459
4.80835,265.473,0.107782
4.80896,265.506,-1.34393
4.80957,265.540,-0.406261
4.81018,265.574,0.139414
4.81079,265.607,0.112929
4.81140,265.641,-0.271550E-01
4.81201,265.675,0.102257E-02
4.81262,265.708,-0.236486
4.81323,265.742,-0.518097
4.81384,265.776,0.490759E-01
4.81445,265.810,-0.225959
4.81506,265.843,0.301660
4.81567,265.877,0.447415E-01
4.81628,265.911,0.585485E-01
4.81689,265.944,-0.460001
4.81750,265.978,-0.341697
4.81812,266.012,-1.47153
4.81873,266.045,0.247642
4.81934,266.079,-0.411261E-01
4.81995,266.113,-0.216774
4.82056,266.147,0.164201E-01
4.82117,266.180,0.158858
4.82178,266.214,-0.177102
4.82239,266.248,0.442971E-01
4.82300,266.281,-0.297703
4.82361,266.315,-0.434019E-01
4.82422,266.349,-0.874288
4.82483,266.382,-0.459749E-01
4.82544,266.416,0.559306
4.82605,266.450,0.181278
4.82666,266.483,-0.161172
4.82727,266.517,0.213210
4.82788,266.551,-0.262364E-01
4.82849,266.585,0.987463E-01
4.82910,266.618,0.394870
4.82971,266.652,0.164402
4.83032,266.686,0.150590
4.83093,266.719,-0.263306
4.83154,266.753,-0.219427
4.83215,266.787,-0.791935
4.83276,266.820,-0.199400
4.83337,266.854,-0.206487
4.83398,266.888,-0.576515E-01
4.83459,266.922,0.278804
4.83521,266.955,-0.175403
4.83582,266.989,-0.407160
4.83643,267.023,0.976498E-01
4.83704,267.056,-0.387174E-01
4.83765,267.090,0.949348E-02
4.83826,267.124,-0.459474
4.83887,267.157,-0.171807
4.83948,267.191,-1.01216
4.84009,267.225,0.114245
4.84070,267.259,0.525457
4.84131,267.292,0.240634
4.84192,267.326,-0.221655
4.84253,267.360,-0.760761
4.84314,267.393,0.633394
4.84375,267.427,0.253060
4.84436,267.461,0.921632
4.84497,267.494,-0.704302E-01
4.84558,267.528,0.130496
4.84619,267.562,-0.104663
4.84680,267.596,0.122449
4.84741,267.629,-0.480074
4.84802,267.663,0.606171E-01
4.84863,267.697,0.193338
4.84924,267.730,-0.109082
4.84985,267.764,-0.510714
4.85046,267.798,-0.162111
4.85107,267.831,-0.242424E-01
4.85168,267.865,-0.547125
4.85229,267.899,-0.285091E-02
4.85291,267.933,-0.469832
4.85352,267.966,0.126526E-01
4.85413,268.000,0.848991E-01
4.85474,268.034,-0.212198
4.85535,268.067,-0.312953E-01
4.85596,268.101,0.108043
4.85657,268.135,0.707724E-01
4.85718,268.168,-0.230296
4.85779,268.202,0.266910
4.85840,268.236,0.890052
4.85901,268.269,-0.356046
4.85962,268.303,0.588547
4.86023,268.337,0.914486E-01
4.86084,268.371,-0.447049
4.86145,268.404,-0.956205E-01
4.86206,268.438,0.125176
4.86267,268.472,0.224248
4.86328,268.505,0.491610
4.86389,268.539,0.389137
4.86450,268.573,-0.511341
4.86511,268.606,-0.266804E-01
4.86572,268.640,0.521868
4.86633,268.674,-0.364118
4.86694,268.708,1.09734
4.86755,268.741,-0.473853
4.86816,268.775,-0.186146
4.86877,268.809,-0.629417
4.86938,268.842,0.102706
4.87000,268.876,0.927482E-01
4.87061,268.910,0.156347
4.87122,268.943,0.393161
4.87183,268.977,0.500024E-02
4.87244,269.011,0.213954
4.87305,269.045,0.110848
4.87366,269.078,-0.569034E-01
4.87427,269.112,0.872566E-01
4.87488,269.146,0.104129
4.87549,269.179,-0.257642
4.87610,269.213,0.441990E-01
4.87671,269.247,1.02222
4.87732,269.280,-0.895444E-01
4.87793,269.314,-0.242934
4.87854,269.348,-0.367517
4.87915,269.382,-0.141820
4.87976,269.415,-0.272366E-01
4.88037,269.449,-0.227308
4.88098,269.483,0.343507
4.88159,269.516,0.138163
4.88220,269.550,0.237283
4.88281,269.584,-0.583844
4.88342,269.617,-0.391451E-02
4.88403,269.651,0.523081
4.88464,269.685,0.113565
4.88525,269.718,0.129328
4.88586,269.752,0.860800
4.88647,269.786,0.391401
4.88708,269.820,-0.620287E-01
4.88770,269.853,0.244841
4.88831,269.887,0.238393
4.88892,269.921,-0.850474
4.88953,269.954,-0.652724E-01
4.89014,269.988,-0.110869
4.89075,270.022,0.255120
4.89136,270.055,0.775831E-01
4.89197,270.089,-0.949258E-01
4.89258,270.123,-0.770927E-01
4.89319,270.157,-0.513492
4.89380,270.190,-0.314894E-01
4.89441,270.224,0.956958E-01
4.89502,270.258,0.279292
4.89563,270.291,0.155498
4.89624,270.325,-0.175287E-01
4.89685,270.359,-0.107557
4.89746,270.392,0.123860
4.89807,270.426,-0.346271
4.89868,270.460,-0.122216
4.89929,270.494,0.308682
4.89990,270.527,-0.409613E-01
4.90051,270.561,-0.347972
4.90112,270.595,-0.701587E-01
4.90173,270.628,0.562811
4.90234,270.662,-0.109171
4.90295,270.696,0.303863
4.90356,270.729,-0.261587
4.90417,270.763,-0.106171
4.90479,270.797,-0.181559
4.90540,270.831,-0.743139
4.90601,270.864,0.644475E-01
4.90662,270.898,-0.778777E-01
4.90723,270.932,-0.704019
4.90784,270.965,-0.516194E-02
4.90845,270.999,-0.335172E-01
4.90906,271.033,-0.247573
4.90967,271.066,-0.502723
4.91028,271.100,1.00830
4.91089,271.134,-0.850189E-01
4.91150,271.168,0.228069
4.91211,271.201,0.362917
4.91272,271.235,-0.529618
4.91333,271.269,-0.269472E-01
4.91394,271.302,-1.47011
4.91455,271.336,-0.120841
4.91516,271.370,0.481521E-01
4.91577,271.403,0.225532E-01
4.91638,271.437,0.306601E-01
4.91699,271.471,0.689193E-01
4.91760,271.504,0.673672E-01
4.91821,271.538,-0.359084E-01
4.91882,271.572,0.739442
4.91943,271.606,-0.505874E-01
4.92004,271.639,-0.501624E-01
4.92065,271.673,0.139866
4.92126,271.707,0.621195E-02
4.92188,271.740,0.250807
4.92249,271.774,-0.194694
4.92310,271.808,0.142931
4.92371,271.841,0.614950
4.92432,271.875,-0.123458
4.92493,271.909,-0.291537
4.92554,271.943,-0.698295E-01
4.92615,271.976,0.736471E-01
4.92676,272.010,-0.226214
4.92737,272.044,-0.616536
4.92798,272.077,0.229950E-01
4.92859,272.111,0.134424
4.92920,272.145,-0.266340
4.92981,272.178,0.554376
4.93042,272.212,-0.436331
4.93103,272.246,0.148579
4.93164,272.280,-0.957706E-01
4.93225,272.313,0.331512
4.93286,272.347,0.218991
4.93347,272.381,-0.711362E-02
4.93408,272.414,0.130236
4.93469,272.448,-0.322908
4.93530,272.482,0.136438
4.93591,272.515,-0.352580
4.93652,272.549,-0.283441
4.93713,272.583,-0.773204E-01
4.93774,272.617,0.130317E-01
4.93835,272.650,0.359969
4.93896,272.684,-0.177271
4.93958,272.718,0.315604
4.94019,272.751,-0.279291E-01
4.94080,272.785,0.318625
4.94141,272.819,-0.737718E-01
4.94202,272.852,-0.596960E-01
4.94263,272.886,0.728530E-01
4.94324,272.920,1.08329
4.94385,272.954,0.276757
4.94446,272.987,0.400733
4.94507,273.021,1.60113
4.94568,273.055,0.224742
4.94629,273.088,-0.270769
4.94690,273.122,-0.367937
4.94751,273.156,-0.219229E-01
4.94812,273.189,-0.177205
4.94873,273.223,-0.322380
4.94934,273.257,-0.713152
4.94995,273.290,0.209591
4.95056,273.324,0.127563
4.95117,273.358,-0.496273
4.95178,273.392,-0.331344
4.95239,273.425,-0.895846E-01
4.95300,273.459,-0.376054
4.95361,273.493,0.445514E-02
4.95422,273.526,0.386063
4.95483,273.560,-0.836669E-01
4.95544,273.594,-0.263347
4.95605,273.627,0.656847
4.95667,273.661,-0.281284
4.95728,273.695,-0.615838E-01
4.95789,273.729,-0.206550
4.95850,273.762,-0.153749
4.95911,273.796,-0.302369E-01
4.95972,273.830,0.178064
4.96033,273.863,0.283779
4.96094,273.897,0.103403
4.96155,273.931,-0.169643E-01
4.96216,273.964,-0.335621
4.96277,273.998,-0.162778
4.96338,274.032,-0.406620
4.96399,274.066,-1.21343
4.96460,274.099,-0.870999E-01
4.96521,274.133,-0.336351
4.96582,274.167,-0.850116E-01
4.96643,274.200,0.343043E-01
4.96704,274.234,-0.143904
4.96765,274.268,-0.178895
4.96826,274.301,0.179762
4.96887,274.335,-0.284773
4.96948,274.369,-0.330502
4.97009,274.403,0.828128E-01
4.97070,274.436,0.174744
4.97131,274.470,-0.276474E-01
4.97192,274.504,0.636149
4.97253,274.537,-0.535938
4.97314,274.571,-0.184559
4.97375,274.605,0.313268E-01
4.97437,274.638,-0.134753E-01
4.97498,274.672,0.617460
4.97559,274.706,0.445886
4.97620,274.739,-0.550171E-01
4.97681,274.773,-0.210980
4.97742,274.807,0.649509
4.97803,274.841,-0.194374
4.97864,274.874,-0.732081
4.97925,274.908,-0.254446
4.97986,274.942,-0.301604
4.98047,274.975,-0.689123E-01
4.98108,275.009,-0.385494
4.98169,275.043,0.508914
4.98230,275.076,0.423483
4.98291,275.110,0.164819
4.98352,275.144,0.318058
4.98413,275.178,-0.171737
4.98474,275.211,-0.908463E-01
4.98535,275.245,-0.577271E-01
4.98596,275.279,-0.142710
4.98657,275.312,0.170613
4.98718,275.346,-0.276751E-01
4.98779,275.380,-0.263097E-01
4.98840,275.413,0.172530E-01
4.98901,275.447,0.112483E-01
4.98962,275.481,-0.655506
4.99023,275.515,0.235130E-01
4.99084,275.548,0.444299
4.99146,275.582,-0.509729E-01
4.99207,275.616,0.110925
4.99268,275.649,-0.574860E-01
4.99329,275.683,0.255028
4.99390,275.717,-0.603162
4.99451,275.750,-0.996205E-01
4.99512,275.784,0.234717
4.99573,275.818,0.452390
4.99634,275.852,-0.817311
4.99695,275.885,-0.222311
4.99756,275.919,-0.387706
4.99817,275.953,0.110975
4.99878,275.986,0.212195
4.99939,276.020,-0.473697E-01
5.00000,276.054,-0.121151
