Full_(co)spectra
----------------
natural_frequency_[Hz]_->_from_[1/_averaging_interval]_to_[acquisition_frequency_/_2]
normalized_frequency_[#]->_natural_frequency_*_measuring_height_/_wind_speed
y-axis_->_natural_frequency_*_(co)spectrum_/_(co)variance
acquisition_frequency_[Hz]_=_ 10.000
measuring_height_(z-d)_[m]_=_  3.990
wind_speed_[m+1s-1]_=_  1.037
averaging_interval_[min]_=_     30
tapering_window_=_SQUARED_(no_tapering_forced_by_EddyPro._Tapering_is_only_applied_for_binned_(co)spectra)
,,cov(w_ts)
,,1.3321131292814547E-003
natural_frequency,normalized_frequency,f_nat*cospec(w_ts)
0.610352E-03,0.234949E-02,0.225589E-01
0.122070E-02,0.469898E-02,-0.211258E-01
0.183105E-02,0.704847E-02,0.141540
0.244141E-02,0.939797E-02,0.118882
0.305176E-02,0.117475E-01,0.171580
0.366211E-02,0.140969E-01,0.749944E-01
0.427246E-02,0.164464E-01,-0.102452
0.488281E-02,0.187959E-01,0.568398E-01
0.549316E-02,0.211454E-01,-0.206773E-01
0.610352E-02,0.234949E-01,0.334581
0.671387E-02,0.258444E-01,0.545439E-02
0.732422E-02,0.281939E-01,0.843405E-01
0.793457E-02,0.305434E-01,0.229392
0.854492E-02,0.328929E-01,0.134043
0.915527E-02,0.352424E-01,0.429869E-01
0.976562E-02,0.375919E-01,0.101844E-01
0.103760E-01,0.399414E-01,0.847880E-01
0.109863E-01,0.422908E-01,0.210947
0.115967E-01,0.446403E-01,0.286310
0.122070E-01,0.469898E-01,0.113265E-02
0.128174E-01,0.493393E-01,0.139923
0.134277E-01,0.516888E-01,-0.197297E-01
0.140381E-01,0.540383E-01,0.475393E-01
0.146484E-01,0.563878E-01,0.659735E-01
0.152588E-01,0.587373E-01,-0.281208E-01
0.158691E-01,0.610868E-01,0.485549
0.164795E-01,0.634363E-01,0.347075
0.170898E-01,0.657858E-01,0.879830E-01
0.177002E-01,0.681353E-01,0.421499
0.183105E-01,0.704847E-01,0.115631
0.189209E-01,0.728342E-01,0.216090
0.195312E-01,0.751837E-01,0.921882E-03
0.201416E-01,0.775332E-01,0.240846E-01
0.207520E-01,0.798827E-01,0.289743
0.213623E-01,0.822322E-01,0.196674
0.219727E-01,0.845817E-01,0.763484
0.225830E-01,0.869312E-01,0.290079E-01
0.231934E-01,0.892807E-01,0.224616
0.238037E-01,0.916302E-01,-0.105480
0.244141E-01,0.939797E-01,0.143340E-01
0.250244E-01,0.963291E-01,1.01614
0.256348E-01,0.986786E-01,0.521330
0.262451E-01,0.101028,-0.181422
0.268555E-01,0.103378,0.395120
0.274658E-01,0.105727,-0.257251E-01
0.280762E-01,0.108077,0.282648
0.286865E-01,0.110426,0.674366
0.292969E-01,0.112776,0.383135E-02
0.299072E-01,0.115125,0.107817
0.305176E-01,0.117475,0.165096E-01
0.311279E-01,0.119824,-0.335809E-01
0.317383E-01,0.122174,-0.216014
0.323486E-01,0.124523,0.323313
0.329590E-01,0.126873,0.156180
0.335693E-01,0.129222,0.855941
0.341797E-01,0.131572,0.388288E-01
0.347900E-01,0.133921,0.125792
0.354004E-01,0.136271,0.427007E-01
0.360107E-01,0.138620,0.213223
0.366211E-01,0.140969,0.144415
0.372314E-01,0.143319,0.244366
0.378418E-01,0.145668,0.577431
0.384521E-01,0.148018,0.297599
0.390625E-01,0.150367,0.297715
0.396729E-01,0.152717,0.168875E-02
0.402832E-01,0.155066,0.220475E-01
0.408936E-01,0.157416,0.271926
0.415039E-01,0.159765,0.206030
0.421143E-01,0.162115,0.322342
0.427246E-01,0.164464,0.301916E-01
0.433350E-01,0.166814,0.258151
0.439453E-01,0.169163,0.191903
0.445557E-01,0.171513,-0.147494E-01
0.451660E-01,0.173862,0.320111
0.457764E-01,0.176212,-0.619262E-01
0.463867E-01,0.178561,0.823275
0.469971E-01,0.180911,0.331287
0.476074E-01,0.183260,-0.158458E-02
0.482178E-01,0.185610,0.235689E-02
0.488281E-01,0.187959,0.162923E-01
0.494385E-01,0.190309,0.537023E-01
0.500488E-01,0.192658,0.576580
0.506592E-01,0.195008,0.652986
0.512695E-01,0.197357,0.197468
0.518799E-01,0.199707,0.168676
0.524902E-01,0.202056,0.183039
0.531006E-01,0.204406,-0.296682E-01
0.537109E-01,0.206755,-0.977511E-03
0.543213E-01,0.209105,0.298891
0.549316E-01,0.211454,0.740514
0.555420E-01,0.213804,0.938667
0.561523E-01,0.216153,0.100163
0.567627E-01,0.218503,0.978310E-01
0.573730E-01,0.220852,0.173129
0.579834E-01,0.223202,0.176381
0.585938E-01,0.225551,1.02253
0.592041E-01,0.227901,-0.218467E-01
0.598145E-01,0.230250,0.159416
0.604248E-01,0.232600,0.215456
0.610352E-01,0.234949,0.117652
0.616455E-01,0.237299,0.156996
0.622559E-01,0.239648,0.288959
0.628662E-01,0.241998,0.366450
0.634766E-01,0.244347,1.70075
0.640869E-01,0.246697,0.536498
0.646973E-01,0.249046,-0.602132E-01
0.653076E-01,0.251396,0.249927
0.659180E-01,0.253745,0.115043
0.665283E-01,0.256095,-0.778333E-02
0.671387E-01,0.258444,0.145814
0.677490E-01,0.260794,0.309488
0.683594E-01,0.263143,0.194275
0.689697E-01,0.265493,0.306447E-03
0.695801E-01,0.267842,0.233281E-01
0.701904E-01,0.270192,0.451783
0.708008E-01,0.272541,-0.112449
0.714111E-01,0.274890,0.864790E-01
0.720215E-01,0.277240,-0.109387
0.726318E-01,0.279589,0.637197
0.732422E-01,0.281939,-0.163156
0.738525E-01,0.284288,0.210993
0.744629E-01,0.286638,0.756603
0.750732E-01,0.288987,0.598370
0.756836E-01,0.291337,-0.134002E-01
0.762939E-01,0.293686,0.651624E-01
0.769043E-01,0.296036,0.231069
0.775146E-01,0.298385,0.375424
0.781250E-01,0.300735,-0.378983E-01
0.787354E-01,0.303084,0.315698
0.793457E-01,0.305434,-0.489094E-01
0.799561E-01,0.307783,0.509490
0.805664E-01,0.310133,0.595455
0.811768E-01,0.312482,0.478048
0.817871E-01,0.314832,-0.106885
0.823975E-01,0.317181,0.552530
0.830078E-01,0.319531,0.115167
0.836182E-01,0.321880,-0.163971E-01
0.842285E-01,0.324230,-0.287283E-01
0.848389E-01,0.326579,0.839495
0.854492E-01,0.328929,0.387268
0.860596E-01,0.331278,0.103990E-01
0.866699E-01,0.333628,0.784283
0.872803E-01,0.335977,0.367644
0.878906E-01,0.338327,0.101987
0.885010E-01,0.340676,-0.312567E-01
0.891113E-01,0.343026,0.794957E-01
0.897217E-01,0.345375,0.642925E-01
0.903320E-01,0.347725,0.787642
0.909424E-01,0.350074,-0.122034
0.915527E-01,0.352424,0.142490
0.921631E-01,0.354773,0.210753
0.927734E-01,0.357123,0.362947E-01
0.933838E-01,0.359472,0.151407
0.939941E-01,0.361822,0.189036
0.946045E-01,0.364171,-0.585393E-02
0.952148E-01,0.366521,0.134329
0.958252E-01,0.368870,0.429298E-01
0.964355E-01,0.371220,0.158591E-01
0.970459E-01,0.373569,0.108510
0.976562E-01,0.375919,0.106268
0.982666E-01,0.378268,0.323649E-01
0.988770E-01,0.380618,-0.611744E-03
0.994873E-01,0.382967,-0.338345E-01
0.100098,0.385317,0.247302
0.100708,0.387666,0.501605
0.101318,0.390016,0.289596E-01
0.101929,0.392365,-0.134973
0.102539,0.394715,0.479789
0.103149,0.397064,-0.803097E-01
0.103760,0.399414,0.597006
0.104370,0.401763,0.854999E-01
0.104980,0.404113,0.437157
0.105591,0.406462,0.689227E-01
0.106201,0.408812,0.287009
0.106812,0.411161,-0.815745E-01
0.107422,0.413510,0.370038
0.108032,0.415860,0.226753
0.108643,0.418209,-0.825286E-01
0.109253,0.420559,0.812486
0.109863,0.422908,0.240198E-01
0.110474,0.425258,0.656508E-01
0.111084,0.427607,-0.222539E-01
0.111694,0.429957,0.198495
0.112305,0.432306,0.326896
0.112915,0.434656,0.213767
0.113525,0.437005,-0.102439E-01
0.114136,0.439355,0.209108
0.114746,0.441704,0.615858
0.115356,0.444054,0.208808
0.115967,0.446403,0.175163
0.116577,0.448753,0.152767
0.117188,0.451102,0.248075
0.117798,0.453452,1.10845
0.118408,0.455801,-0.637110E-01
0.119019,0.458151,0.313990
0.119629,0.460500,0.604043
0.120239,0.462850,0.201748
0.120850,0.465199,0.163663
0.121460,0.467549,1.22926
0.122070,0.469898,-0.123566
0.122681,0.472248,0.455862
0.123291,0.474597,0.243595E-01
0.123901,0.476947,-0.309299E-01
0.124512,0.479296,0.482591E-01
0.125122,0.481646,0.188680
0.125732,0.483995,0.730309E-01
0.126343,0.486345,-0.111812
0.126953,0.488694,0.585499
0.127563,0.491044,0.799351E-01
0.128174,0.493393,-0.335951E-01
0.128784,0.495743,-0.772037E-01
0.129395,0.498092,0.122889
0.130005,0.500442,0.117981
0.130615,0.502791,0.157421
0.131226,0.505141,0.170910
0.131836,0.507490,0.163663
0.132446,0.509840,-0.199172E-01
0.133057,0.512189,0.193609
0.133667,0.514539,0.434325
0.134277,0.516888,-0.440685E-01
0.134888,0.519238,-0.119875
0.135498,0.521587,0.591597
0.136108,0.523937,0.201730
0.136719,0.526286,0.143580E-01
0.137329,0.528636,0.274474
0.137939,0.530985,0.351086
0.138550,0.533335,0.537489
0.139160,0.535684,0.714474E-03
0.139771,0.538034,0.112281E-01
0.140381,0.540383,0.849485
0.140991,0.542733,0.273498
0.141602,0.545082,0.112303
0.142212,0.547431,-0.267251E-01
0.142822,0.549781,0.503180
0.143433,0.552130,0.364405
0.144043,0.554480,0.738082E-01
0.144653,0.556829,0.300951
0.145264,0.559179,0.113197
0.145874,0.561528,0.204394E-01
0.146484,0.563878,0.120587
0.147095,0.566227,0.599241
0.147705,0.568577,-0.120448
0.148315,0.570926,0.185366
0.148926,0.573276,0.123628
0.149536,0.575625,0.304189
0.150146,0.577975,0.840954E-01
0.150757,0.580324,0.173898
0.151367,0.582674,0.314849
0.151978,0.585023,0.993095E-01
0.152588,0.587373,-0.967277E-01
0.153198,0.589722,0.269448
0.153809,0.592072,0.312767
0.154419,0.594421,0.266330
0.155029,0.596771,-0.486249E-01
0.155640,0.599120,0.975979E-01
0.156250,0.601470,0.357095
0.156860,0.603819,0.201023
0.157471,0.606169,-0.154709E-01
0.158081,0.608518,0.128145
0.158691,0.610868,0.402352
0.159302,0.613217,0.898602
0.159912,0.615567,0.269096
0.160522,0.617916,0.825358E-01
0.161133,0.620266,-0.327284E-01
0.161743,0.622615,0.112229
0.162354,0.624965,0.449624E-01
0.162964,0.627314,-0.266502E-01
0.163574,0.629664,0.306592
0.164185,0.632013,0.284560
0.164795,0.634363,-0.457916
0.165405,0.636712,0.926857E-01
0.166016,0.639062,0.103410
0.166626,0.641411,0.232359
0.167236,0.643761,0.123645
0.167847,0.646110,0.141759
0.168457,0.648460,-0.116657
0.169067,0.650809,0.118320
0.169678,0.653159,0.830249E-01
0.170288,0.655508,-0.145481E-01
0.170898,0.657858,0.104677
0.171509,0.660207,0.240408
0.172119,0.662557,-0.698453E-01
0.172729,0.664906,-0.173486E-01
0.173340,0.667256,0.120491
0.173950,0.669605,-0.240123E-01
0.174561,0.671955,0.271905
0.175171,0.674304,0.135281E-01
0.175781,0.676654,0.100904
0.176392,0.679003,-0.170940
0.177002,0.681353,0.298105
0.177612,0.683702,0.941972E-01
0.178223,0.686051,0.953036E-01
0.178833,0.688401,0.470520
0.179443,0.690750,0.328659
0.180054,0.693100,0.229156
0.180664,0.695449,0.654714
0.181274,0.697799,0.684166
0.181885,0.700148,0.925973E-01
0.182495,0.702498,0.620057E-01
0.183105,0.704847,0.603291
0.183716,0.707197,0.805926E-01
0.184326,0.709546,0.872646
0.184937,0.711896,-0.854497E-02
0.185547,0.714245,0.986907
0.186157,0.716595,0.176472
0.186768,0.718944,0.168817
0.187378,0.721294,-0.367811E-01
0.187988,0.723643,-0.123538
0.188599,0.725993,-0.798794E-01
0.189209,0.728342,0.510937
0.189819,0.730692,0.104668
0.190430,0.733041,0.741822
0.191040,0.735391,0.337981
0.191650,0.737740,0.271630
0.192261,0.740090,0.170567
0.192871,0.742439,0.180001E-01
0.193481,0.744789,0.554579E-01
0.194092,0.747138,0.480655
0.194702,0.749488,0.284275
0.195312,0.751837,0.129194
0.195923,0.754187,0.135734
0.196533,0.756536,0.133891
0.197144,0.758886,0.526057
0.197754,0.761235,0.205772
0.198364,0.763585,-0.148374
0.198975,0.765934,-0.355253E-01
0.199585,0.768284,0.196339
0.200195,0.770633,0.437640E-01
0.200806,0.772983,0.142914
0.201416,0.775332,0.287587
0.202026,0.777682,0.307030
0.202637,0.780031,0.126748
0.203247,0.782381,0.111434
0.203857,0.784730,0.108463
0.204468,0.787080,0.350541
0.205078,0.789429,0.543925
0.205688,0.791779,0.378964
0.206299,0.794128,0.301096
0.206909,0.796478,0.241568
0.207520,0.798827,-0.751969E-01
0.208130,0.801177,0.308325E-01
0.208740,0.803526,0.219105
0.209351,0.805876,0.653474E-01
0.209961,0.808225,0.440727
0.210571,0.810575,0.376189
0.211182,0.812924,0.506109E-01
0.211792,0.815274,-0.341458E-01
0.212402,0.817623,0.210939
0.213013,0.819973,-0.105009E-01
0.213623,0.822322,-0.493716E-01
0.214233,0.824671,0.883447E-01
0.214844,0.827021,0.150650
0.215454,0.829370,0.175148E-01
0.216064,0.831720,0.192253
0.216675,0.834069,0.831749E-01
0.217285,0.836419,0.323989E-01
0.217896,0.838768,0.267386
0.218506,0.841118,0.625830
0.219116,0.843467,-0.143795
0.219727,0.845817,0.786858E-01
0.220337,0.848166,0.276761E-01
0.220947,0.850516,0.153795
0.221558,0.852865,0.224322E-01
0.222168,0.855215,-0.290033
0.222778,0.857564,0.651757
0.223389,0.859914,0.209950
0.223999,0.862263,0.520253
0.224609,0.864613,0.465831
0.225220,0.866962,0.152860E-01
0.225830,0.869312,0.202456
0.226440,0.871661,0.995613E-01
0.227051,0.874011,0.265570E-01
0.227661,0.876360,0.434039
0.228271,0.878710,0.345328E-01
0.228882,0.881059,0.171795E-01
0.229492,0.883409,0.170596E-01
0.230103,0.885758,-0.383066E-01
0.230713,0.888108,0.386259
0.231323,0.890457,0.710180
0.231934,0.892807,0.934021E-01
0.232544,0.895156,-0.125717E-02
0.233154,0.897506,0.431679
0.233765,0.899855,0.177363
0.234375,0.902205,-0.755294E-01
0.234985,0.904554,0.814749E-02
0.235596,0.906904,0.397869
0.236206,0.909253,-0.398105E-01
0.236816,0.911603,0.223522
0.237427,0.913952,0.136554
0.238037,0.916302,0.195534E-01
0.238647,0.918651,0.395610E-01
0.239258,0.921001,0.129535
0.239868,0.923350,0.219928
0.240479,0.925700,0.159737
0.241089,0.928049,-0.394509E-01
0.241699,0.930399,-0.183702
0.242310,0.932748,0.147485
0.242920,0.935098,-0.821901E-02
0.243530,0.937447,0.136889
0.244141,0.939797,-0.689211E-01
0.244751,0.942146,0.697315E-02
0.245361,0.944496,-0.123290
0.245972,0.946845,-0.171026
0.246582,0.949195,0.348956E-02
0.247192,0.951544,0.481783
0.247803,0.953894,-0.315595E-02
0.248413,0.956243,0.459845E-01
0.249023,0.958592,0.580630E-01
0.249634,0.960942,-0.169363
0.250244,0.963291,-0.221935E-01
0.250854,0.965641,-0.544775E-01
0.251465,0.967990,0.168603E-01
0.252075,0.970340,0.134790E-01
0.252686,0.972689,0.445054E-01
0.253296,0.975039,0.418713E-01
0.253906,0.977388,-0.134461
0.254517,0.979738,-0.211263E-02
0.255127,0.982087,0.190548
0.255737,0.984437,0.521567
0.256348,0.986786,0.114041E-01
0.256958,0.989136,0.769456
0.257568,0.991485,0.584776
0.258179,0.993835,0.928032E-01
0.258789,0.996184,0.259988
0.259399,0.998534,0.132784
0.260010,1.00088,0.818867
0.260620,1.00323,0.396455
0.261230,1.00558,0.404515
0.261841,1.00793,0.120201
0.262451,1.01028,0.117209
0.263062,1.01263,0.157456
0.263672,1.01498,0.934120E-01
0.264282,1.01733,0.402690E-01
0.264893,1.01968,0.507990
0.265503,1.02203,0.489404E-01
0.266113,1.02438,0.386051E-02
0.266724,1.02673,0.183112
0.267334,1.02908,0.297763E-01
0.267944,1.03143,0.693092E-01
0.268555,1.03378,0.432030
0.269165,1.03613,-0.277280E-01
0.269775,1.03848,0.123719
0.270386,1.04082,0.399198
0.270996,1.04317,-0.207503E-01
0.271606,1.04552,0.217781
0.272217,1.04787,0.762525
0.272827,1.05022,0.394497
0.273438,1.05257,0.264595
0.274048,1.05492,0.147838
0.274658,1.05727,-0.609576E-01
0.275269,1.05962,0.117262E-01
0.275879,1.06197,0.369806
0.276489,1.06432,0.785113E-01
0.277100,1.06667,-0.251242E-01
0.277710,1.06902,0.328247
0.278320,1.07137,-0.390068E-01
0.278931,1.07372,0.126385
0.279541,1.07607,0.216212E-01
0.280151,1.07842,-0.317668E-01
0.280762,1.08077,-0.127457
0.281372,1.08312,0.182823
0.281982,1.08547,0.436168E-02
0.282593,1.08781,-0.457106E-01
0.283203,1.09016,0.627475
0.283813,1.09251,0.124817E-01
0.284424,1.09486,0.512224
0.285034,1.09721,-0.811578E-01
0.285645,1.09956,0.792584E-01
0.286255,1.10191,0.443637
0.286865,1.10426,0.178008
0.287476,1.10661,0.151365
0.288086,1.10896,0.190430
0.288696,1.11131,0.402085E-01
0.289307,1.11366,0.580466E-01
0.289917,1.11601,0.245387E-02
0.290527,1.11836,0.872805E-01
0.291138,1.12071,0.107564
0.291748,1.12306,0.196124
0.292358,1.12541,0.520377E-02
0.292969,1.12776,-0.521792E-01
0.293579,1.13011,0.341894
0.294189,1.13245,0.831906E-01
0.294800,1.13480,0.514862E-02
0.295410,1.13715,-0.524688E-03
0.296021,1.13950,-0.109919
0.296631,1.14185,0.444381E-01
0.297241,1.14420,-0.254006E-01
0.297852,1.14655,-0.120469E-01
0.298462,1.14890,0.905934E-01
0.299072,1.15125,-0.394876E-03
0.299683,1.15360,0.339931
0.300293,1.15595,-0.619625E-01
0.300903,1.15830,0.347428
0.301514,1.16065,0.293906
0.302124,1.16300,0.163180E-01
0.302734,1.16535,0.442195E-01
0.303345,1.16770,0.183078
0.303955,1.17005,0.122857
0.304565,1.17240,0.609726E-01
0.305176,1.17475,0.729743E-01
0.305786,1.17710,0.294611
0.306396,1.17944,0.346342
0.307007,1.18179,0.373375E-01
0.307617,1.18414,-0.549516E-02
0.308228,1.18649,-0.115570
0.308838,1.18884,-0.162853E-02
0.309448,1.19119,0.726961E-01
0.310059,1.19354,0.777347E-01
0.310669,1.19589,0.144229
0.311279,1.19824,0.320319
0.311890,1.20059,0.196481
0.312500,1.20294,-0.917416E-02
0.313110,1.20529,0.101232
0.313721,1.20764,0.171582
0.314331,1.20999,-0.241633E-01
0.314941,1.21234,0.147895
0.315552,1.21469,0.785915E-01
0.316162,1.21704,0.116073
0.316772,1.21939,0.111751
0.317383,1.22174,0.174330
0.317993,1.22409,0.106809
0.318604,1.22643,0.133466
0.319214,1.22878,0.243665
0.319824,1.23113,0.461744
0.320435,1.23348,0.894000E-01
0.321045,1.23583,0.423418E-01
0.321655,1.23818,0.169329
0.322266,1.24053,0.536317
0.322876,1.24288,0.129858
0.323486,1.24523,0.258866
0.324097,1.24758,-0.741023E-01
0.324707,1.24993,0.305590
0.325317,1.25228,0.494486E-01
0.325928,1.25463,0.120508
0.326538,1.25698,0.353748
0.327148,1.25933,0.255107
0.327759,1.26168,0.319145
0.328369,1.26403,0.345439E-01
0.328979,1.26638,0.158435
0.329590,1.26873,-0.103811E-01
0.330200,1.27107,0.410811E-01
0.330811,1.27342,0.173149
0.331421,1.27577,0.104891
0.332031,1.27812,0.211828
0.332642,1.28047,0.717728E-01
0.333252,1.28282,0.155682
0.333862,1.28517,0.208124
0.334473,1.28752,-0.183415
0.335083,1.28987,0.690750E-01
0.335693,1.29222,-0.303250E-01
0.336304,1.29457,0.149492E-01
0.336914,1.29692,-0.489049E-01
0.337524,1.29927,0.109956
0.338135,1.30162,0.358731
0.338745,1.30397,0.656561
0.339355,1.30632,-0.652673E-01
0.339966,1.30867,0.409190
0.340576,1.31102,0.252355E-01
0.341187,1.31337,0.339466E-03
0.341797,1.31572,0.105595
0.342407,1.31806,0.272553
0.343018,1.32041,0.229262
0.343628,1.32276,0.258890E-01
0.344238,1.32511,0.320888
0.344849,1.32746,0.663478E-01
0.345459,1.32981,-0.128987E-01
0.346069,1.33216,-0.152628
0.346680,1.33451,-0.490161E-01
0.347290,1.33686,-0.256153E-01
0.347900,1.33921,0.725175
0.348511,1.34156,0.447426E-02
0.349121,1.34391,0.343490E-01
0.349731,1.34626,-0.293571E-02
0.350342,1.34861,-0.767820E-02
0.350952,1.35096,0.322175
0.351562,1.35331,-0.316321E-01
0.352173,1.35566,0.330189
0.352783,1.35801,0.922185E-01
0.353394,1.36036,-0.202566E-01
0.354004,1.36271,-0.144532
0.354614,1.36505,0.431379
0.355225,1.36740,-0.200559E-01
0.355835,1.36975,0.118462
0.356445,1.37210,0.430513E-01
0.357056,1.37445,0.414918
0.357666,1.37680,0.111533
0.358276,1.37915,0.153178
0.358887,1.38150,0.141801
0.359497,1.38385,0.314627E-01
0.360107,1.38620,0.239637E-01
0.360718,1.38855,0.595902E-01
0.361328,1.39090,0.102175
0.361938,1.39325,0.317873
0.362549,1.39560,0.305571E-01
0.363159,1.39795,0.151933
0.363770,1.40030,-0.162199E-01
0.364380,1.40265,-0.167661
0.364990,1.40500,0.908794E-01
0.365601,1.40735,0.753554E-01
0.366211,1.40969,0.451301
0.366821,1.41204,0.461935
0.367432,1.41439,-0.121690
0.368042,1.41674,0.834317E-01
0.368652,1.41909,0.208750E-01
0.369263,1.42144,0.649189E-01
0.369873,1.42379,-0.293583E-01
0.370483,1.42614,0.850691E-01
0.371094,1.42849,0.437791E-01
0.371704,1.43084,0.281494
0.372314,1.43319,0.175973
0.372925,1.43554,0.434502
0.373535,1.43789,0.494252E-01
0.374146,1.44024,-0.189045E-01
0.374756,1.44259,0.395421
0.375366,1.44494,0.361502
0.375977,1.44729,-0.245578E-01
0.376587,1.44964,0.657363E-02
0.377197,1.45199,0.499079
0.377808,1.45434,0.134650
0.378418,1.45668,0.234975E-01
0.379028,1.45903,-0.328027E-01
0.379639,1.46138,0.136233
0.380249,1.46373,-0.341989E-01
0.380859,1.46608,0.403041
0.381470,1.46843,-0.995414E-01
0.382080,1.47078,0.326717
0.382690,1.47313,-0.268586
0.383301,1.47548,0.398371E-02
0.383911,1.47783,0.383983
0.384521,1.48018,0.770491E-01
0.385132,1.48253,-0.514850E-01
0.385742,1.48488,0.389578E-01
0.386353,1.48723,0.113360
0.386963,1.48958,-0.227152
0.387573,1.49193,-0.878141E-02
0.388184,1.49428,0.122655
0.388794,1.49663,0.123729
0.389404,1.49898,0.631221E-01
0.390015,1.50133,0.795921E-01
0.390625,1.50367,-0.635162E-01
0.391235,1.50602,0.137241
0.391846,1.50837,-0.264466E-01
0.392456,1.51072,0.116057E-01
0.393066,1.51307,-0.219953E-01
0.393677,1.51542,-0.492925E-01
0.394287,1.51777,0.203136
0.394897,1.52012,0.126331
0.395508,1.52247,-0.138952E-01
0.396118,1.52482,0.563323
0.396729,1.52717,-0.424726E-01
0.397339,1.52952,0.105192
0.397949,1.53187,-0.172404
0.398560,1.53422,0.131578
0.399170,1.53657,0.225478
0.399780,1.53892,-0.869279E-01
0.400391,1.54127,0.914997E-01
0.401001,1.54362,0.456081E-01
0.401611,1.54597,0.429440E-01
0.402222,1.54831,-0.219929E-01
0.402832,1.55066,0.321265E-01
0.403442,1.55301,0.334702E-01
0.404053,1.55536,0.400685
0.404663,1.55771,-0.337680E-01
0.405273,1.56006,0.239812
0.405884,1.56241,0.131403
0.406494,1.56476,-0.416213E-03
0.407104,1.56711,0.438821
0.407715,1.56946,0.572525E-01
0.408325,1.57181,0.468449
0.408936,1.57416,0.211445
0.409546,1.57651,0.982676E-01
0.410156,1.57886,0.110490
0.410767,1.58121,0.202554E-01
0.411377,1.58356,0.581799
0.411987,1.58591,0.307546E-01
0.412598,1.58826,0.908318E-01
0.413208,1.59061,0.160244E-01
0.413818,1.59296,0.434799E-01
0.414429,1.59530,-0.437962E-01
0.415039,1.59765,0.971756E-01
0.415649,1.60000,0.727422E-01
0.416260,1.60235,0.569094
0.416870,1.60470,0.193798
0.417480,1.60705,0.208097
0.418091,1.60940,-0.121988E-01
0.418701,1.61175,0.477681E-01
0.419312,1.61410,-0.480074E-01
0.419922,1.61645,0.198197E-02
0.420532,1.61880,0.361956E-01
0.421143,1.62115,0.451612
0.421753,1.62350,0.283826
0.422363,1.62585,0.682244E-01
0.422974,1.62820,0.153803
0.423584,1.63055,0.131401
0.424194,1.63290,-0.654536E-01
0.424805,1.63525,0.575184E-01
0.425415,1.63760,0.207825E-01
0.426025,1.63995,0.130274E-01
0.426636,1.64229,0.183493E-02
0.427246,1.64464,0.215309
0.427856,1.64699,0.842241E-01
0.428467,1.64934,0.274145
0.429077,1.65169,0.141293
0.429688,1.65404,0.281961E-01
0.430298,1.65639,-0.123793E-02
0.430908,1.65874,-0.388600E-01
0.431519,1.66109,-0.364552E-02
0.432129,1.66344,0.420925E-01
0.432739,1.66579,0.491287E-01
0.433350,1.66814,0.922761E-01
0.433960,1.67049,0.378764E-01
0.434570,1.67284,0.230037
0.435181,1.67519,0.128131
0.435791,1.67754,0.203074
0.436401,1.67989,0.560880E-01
0.437012,1.68224,0.178447
0.437622,1.68459,0.205944
0.438232,1.68693,0.158923E-01
0.438843,1.68928,0.432506
0.439453,1.69163,0.676631E-01
0.440063,1.69398,0.414543
0.440674,1.69633,0.240978
0.441284,1.69868,0.119469
0.441895,1.70103,0.528344E-01
0.442505,1.70338,0.428230
0.443115,1.70573,0.527221
0.443726,1.70808,0.102665
0.444336,1.71043,0.123516
0.444946,1.71278,0.156999
0.445557,1.71513,0.110529
0.446167,1.71748,-0.102037
0.446777,1.71983,0.162380
0.447388,1.72218,0.557297E-01
0.447998,1.72453,-0.183912
0.448608,1.72688,0.175003E-01
0.449219,1.72923,0.152135
0.449829,1.73158,-0.113121
0.450439,1.73392,0.869767E-01
0.451050,1.73627,0.144783E-01
0.451660,1.73862,0.680345E-01
0.452271,1.74097,0.487099E-01
0.452881,1.74332,-0.204982E-01
0.453491,1.74567,0.414833E-01
0.454102,1.74802,0.815165E-01
0.454712,1.75037,-0.999830E-02
0.455322,1.75272,0.155893
0.455933,1.75507,0.790949E-01
0.456543,1.75742,0.473139E-01
0.457153,1.75977,0.378552
0.457764,1.76212,-0.268598E-01
0.458374,1.76447,0.193474
0.458984,1.76682,0.563375E-01
0.459595,1.76917,0.157075
0.460205,1.77152,-0.123156
0.460815,1.77387,0.356175E-01
0.461426,1.77622,-0.327176E-01
0.462036,1.77856,-0.450940E-02
0.462646,1.78091,-0.544152E-02
0.463257,1.78326,0.723640E-02
0.463867,1.78561,0.216572E-01
0.464478,1.78796,-0.596962E-01
0.465088,1.79031,0.292785E-03
0.465698,1.79266,0.833769E-01
0.466309,1.79501,0.200072
0.466919,1.79736,0.162187
0.467529,1.79971,0.731138E-01
0.468140,1.80206,-0.195654E-02
0.468750,1.80441,0.213554
0.469360,1.80676,-0.105791
0.469971,1.80911,-0.217137E-01
0.470581,1.81146,0.374200
0.471191,1.81381,0.104940
0.471802,1.81616,0.132847E-01
0.472412,1.81851,0.127397
0.473022,1.82086,0.100713
0.473633,1.82321,0.135266
0.474243,1.82555,0.740748E-01
0.474854,1.82790,0.373369
0.475464,1.83025,-0.248096E-01
0.476074,1.83260,0.324170E-01
0.476685,1.83495,-0.210112
0.477295,1.83730,0.192057
0.477905,1.83965,0.100413
0.478516,1.84200,0.462550E-01
0.479126,1.84435,-0.127064E-01
0.479736,1.84670,-0.915150E-01
0.480347,1.84905,0.150959
0.480957,1.85140,-0.419136E-01
0.481567,1.85375,0.212032
0.482178,1.85610,-0.279975E-01
0.482788,1.85845,0.416994
0.483398,1.86080,0.167426
0.484009,1.86315,0.292393E-01
0.484619,1.86550,0.208458
0.485229,1.86785,0.389620E-01
0.485840,1.87020,0.102849
0.486450,1.87254,-0.938449E-02
0.487061,1.87489,-0.909856E-01
0.487671,1.87724,0.132320
0.488281,1.87959,1.26865
0.488892,1.88194,0.118658
0.489502,1.88429,0.429169E-01
0.490112,1.88664,-0.643294E-01
0.490723,1.88899,-0.456343E-02
0.491333,1.89134,0.205645
0.491943,1.89369,0.361378E-01
0.492554,1.89604,-0.486134E-01
0.493164,1.89839,0.506215E-01
0.493774,1.90074,0.278949
0.494385,1.90309,0.860092E-01
0.494995,1.90544,0.132338
0.495605,1.90779,0.491704
0.496216,1.91014,0.406112E-01
0.496826,1.91249,-0.211675E-01
0.497437,1.91484,-0.911632E-02
0.498047,1.91718,-0.197332E-01
0.498657,1.91953,0.116659E-01
0.499268,1.92188,0.240303
0.499878,1.92423,0.919178E-02
0.500488,1.92658,-0.129592
0.501099,1.92893,-0.781218E-01
0.501709,1.93128,-0.392177E-02
0.502319,1.93363,0.619297E-03
0.502930,1.93598,0.187087
0.503540,1.93833,0.155678
0.504150,1.94068,-0.537156E-01
0.504761,1.94303,0.294784E-01
0.505371,1.94538,-0.828844E-02
0.505981,1.94773,0.254780E-01
0.506592,1.95008,0.112925
0.507202,1.95243,0.332706E-01
0.507812,1.95478,0.115966
0.508423,1.95713,0.114250
0.509033,1.95948,0.160002E-02
0.509644,1.96183,0.600952E-01
0.510254,1.96417,0.176273E-01
0.510864,1.96652,0.144267
0.511475,1.96887,0.253825
0.512085,1.97122,-0.670278E-01
0.512695,1.97357,0.111828
0.513306,1.97592,0.238541E-01
0.513916,1.97827,0.185560
0.514526,1.98062,-0.736104E-02
0.515137,1.98297,0.581718E-01
0.515747,1.98532,0.388474
0.516357,1.98767,0.105922
0.516968,1.99002,0.153111
0.517578,1.99237,0.234115E-01
0.518188,1.99472,-0.348692E-02
0.518799,1.99707,0.183933
0.519409,1.99942,0.664024E-01
0.520020,2.00177,-0.344505E-01
0.520630,2.00412,0.987476E-01
0.521240,2.00647,0.286776
0.521851,2.00882,0.129436
0.522461,2.01116,0.210961
0.523071,2.01351,-0.108078E-01
0.523682,2.01586,0.275980E-01
0.524292,2.01821,0.395211E-01
0.524902,2.02056,0.167087
0.525513,2.02291,0.729397E-01
0.526123,2.02526,0.634262E-01
0.526733,2.02761,-0.116865
0.527344,2.02996,0.307833
0.527954,2.03231,0.151834E-01
0.528564,2.03466,0.189419
0.529175,2.03701,0.118479E-02
0.529785,2.03936,0.549798E-01
0.530396,2.04171,-0.672349E-01
0.531006,2.04406,0.163517
0.531616,2.04641,0.188179
0.532227,2.04876,-0.291755E-01
0.532837,2.05111,0.978956E-02
0.533447,2.05346,0.269998
0.534058,2.05580,0.684199E-01
0.534668,2.05815,0.451996E-01
0.535278,2.06050,0.417615E-01
0.535889,2.06285,-0.588713E-02
0.536499,2.06520,0.127924
0.537109,2.06755,-0.122761
0.537720,2.06990,-0.127707
0.538330,2.07225,0.287911
0.538940,2.07460,0.303215E-01
0.539551,2.07695,-0.295727E-02
0.540161,2.07930,0.295083E-01
0.540771,2.08165,0.534386E-01
0.541382,2.08400,0.223012
0.541992,2.08635,0.743907E-01
0.542603,2.08870,-0.325976E-01
0.543213,2.09105,-0.575777E-01
0.543823,2.09340,0.399066E-01
0.544434,2.09575,0.630463E-01
0.545044,2.09810,-0.295024E-01
0.545654,2.10045,0.416585
0.546265,2.10279,0.790064E-01
0.546875,2.10514,0.155221
0.547485,2.10749,-0.613249E-01
0.548096,2.10984,-0.148479E-01
0.548706,2.11219,0.169475
0.549316,2.11454,-0.525631E-01
0.549927,2.11689,0.115152
0.550537,2.11924,-0.582693E-01
0.551147,2.12159,0.244693
0.551758,2.12394,-0.428137E-01
0.552368,2.12629,0.113804
0.552979,2.12864,0.468370E-01
0.553589,2.13099,0.619666E-01
0.554199,2.13334,0.932597E-02
0.554810,2.13569,0.533975E-01
0.555420,2.13804,0.125007
0.556030,2.14039,0.538021E-02
0.556641,2.14274,0.872243E-01
0.557251,2.14509,0.467899
0.557861,2.14744,0.175392
0.558472,2.14978,-0.193052E-01
0.559082,2.15213,-0.625096E-01
0.559692,2.15448,0.327982E-02
0.560303,2.15683,-0.100302
0.560913,2.15918,-0.761023E-01
0.561523,2.16153,-0.896276E-01
0.562134,2.16388,0.513363E-01
0.562744,2.16623,0.253100
0.563354,2.16858,0.573505
0.563965,2.17093,0.275361E-01
0.564575,2.17328,0.378425E-01
0.565186,2.17563,0.764217E-01
0.565796,2.17798,0.507970E-01
0.566406,2.18033,0.785786E-02
0.567017,2.18268,0.231352
0.567627,2.18503,0.323041
0.568237,2.18738,0.104647E-01
0.568848,2.18973,0.181987
0.569458,2.19208,0.133292E-01
0.570068,2.19442,0.282075E-01
0.570679,2.19677,0.521117E-01
0.571289,2.19912,0.105234
0.571899,2.20147,0.268356
0.572510,2.20382,0.131373
0.573120,2.20617,-0.190687
0.573730,2.20852,0.153323
0.574341,2.21087,-0.285182E-01
0.574951,2.21322,0.113645E-01
0.575562,2.21557,0.637906E-01
0.576172,2.21792,0.398798E-01
0.576782,2.22027,0.551949E-01
0.577393,2.22262,0.631998E-01
0.578003,2.22497,0.501074E-01
0.578613,2.22732,-0.303532E-01
0.579224,2.22967,0.340346
0.579834,2.23202,-0.495533E-01
0.580444,2.23437,0.154640
0.581055,2.23672,0.492479E-01
0.581665,2.23907,0.135262
0.582275,2.24141,0.266612
0.582886,2.24376,-0.610299E-01
0.583496,2.24611,-0.110549
0.584106,2.24846,0.105472E-02
0.584717,2.25081,0.341947E-01
0.585327,2.25316,0.258016E-01
0.585938,2.25551,0.528081E-02
0.586548,2.25786,0.141355
0.587158,2.26021,-0.155916E-01
0.587769,2.26256,0.777494E-01
0.588379,2.26491,0.355621E-01
0.588989,2.26726,0.138389
0.589600,2.26961,0.563917E-01
0.590210,2.27196,0.410453
0.590820,2.27431,0.177352
0.591431,2.27666,0.192401E-01
0.592041,2.27901,-0.577749E-02
0.592651,2.28136,0.146766E-01
0.593262,2.28371,0.106996E-01
0.593872,2.28606,0.257857E-01
0.594482,2.28840,-0.198944
0.595093,2.29075,-0.274727E-02
0.595703,2.29310,0.967397E-01
0.596313,2.29545,-0.109700
0.596924,2.29780,0.625106E-02
0.597534,2.30015,0.602951E-01
0.598145,2.30250,0.558974E-01
0.598755,2.30485,0.160325
0.599365,2.30720,0.396921
0.599976,2.30955,0.126596
0.600586,2.31190,0.993264E-01
0.601196,2.31425,-0.971732E-01
0.601807,2.31660,0.775489E-01
0.602417,2.31895,-0.142307E-01
0.603027,2.32130,-0.220791E-01
0.603638,2.32365,-0.501554E-01
0.604248,2.32600,0.337262
0.604858,2.32835,0.104186
0.605469,2.33070,0.378813E-01
0.606079,2.33304,0.920562E-01
0.606689,2.33539,-0.541971E-01
0.607300,2.33774,0.319586
0.607910,2.34009,0.145612
0.608521,2.34244,0.445570E-03
0.609131,2.34479,0.210506E-01
0.609741,2.34714,0.489905E-02
0.610352,2.34949,0.603245E-01
0.610962,2.35184,-0.550512E-02
0.611572,2.35419,0.133923
0.612183,2.35654,0.171414E-01
0.612793,2.35889,0.649133
0.613403,2.36124,0.505323E-01
0.614014,2.36359,0.121331
0.614624,2.36594,0.863196E-02
0.615234,2.36829,-0.474917E-01
0.615845,2.37064,0.167524E-01
0.616455,2.37299,-0.898462E-01
0.617065,2.37534,-0.461473E-01
0.617676,2.37769,0.866390E-01
0.618286,2.38003,-0.188037E-01
0.618896,2.38238,0.728501E-01
0.619507,2.38473,0.161089
0.620117,2.38708,0.430218E-01
0.620728,2.38943,-0.474423E-01
0.621338,2.39178,0.226149E-01
0.621948,2.39413,0.194796
0.622559,2.39648,0.887202E-01
0.623169,2.39883,-0.122778E-01
0.623779,2.40118,-0.131802E-01
0.624390,2.40353,0.354546E-01
0.625000,2.40588,-0.107227
0.625610,2.40823,-0.926145E-01
0.626221,2.41058,0.567860E-01
0.626831,2.41293,-0.143279
0.627441,2.41528,0.144974
0.628052,2.41763,-0.635447E-01
0.628662,2.41998,-0.204091
0.629272,2.42233,0.404361
0.629883,2.42468,-0.486545E-01
0.630493,2.42702,-0.159043
0.631104,2.42937,0.109951
0.631714,2.43172,-0.513165E-01
0.632324,2.43407,0.134958E-01
0.632935,2.43642,0.114654
0.633545,2.43877,-0.819034E-01
0.634155,2.44112,0.141856
0.634766,2.44347,-0.122975E-01
0.635376,2.44582,0.110589
0.635986,2.44817,0.127566
0.636597,2.45052,0.186135E-01
0.637207,2.45287,0.122098
0.637817,2.45522,0.630351E-01
0.638428,2.45757,0.194314E-03
0.639038,2.45992,0.236235E-01
0.639648,2.46227,0.189442
0.640259,2.46462,0.686079E-01
0.640869,2.46697,0.102920
0.641479,2.46932,-0.114117
0.642090,2.47166,-0.265764E-01
0.642700,2.47401,0.920853E-02
0.643311,2.47636,0.153176
0.643921,2.47871,-0.372013E-01
0.644531,2.48106,0.651713E-01
0.645142,2.48341,0.137174
0.645752,2.48576,-0.740940E-01
0.646362,2.48811,0.219344
0.646973,2.49046,0.654603E-01
0.647583,2.49281,0.988996E-01
0.648193,2.49516,-0.146293E-01
0.648804,2.49751,0.253707
0.649414,2.49986,-0.827401E-02
0.650024,2.50221,0.119126
0.650635,2.50456,0.698690E-01
0.651245,2.50691,0.299006
0.651855,2.50926,0.466032E-01
0.652466,2.51161,0.620340E-01
0.653076,2.51396,0.128416E-01
0.653687,2.51631,-0.463187E-01
0.654297,2.51865,-0.348699E-01
0.654907,2.52100,-0.415602E-01
0.655518,2.52335,0.924030E-02
0.656128,2.52570,0.233944
0.656738,2.52805,0.313801
0.657349,2.53040,0.298151E-02
0.657959,2.53275,-0.989207E-02
0.658569,2.53510,-0.584678E-01
0.659180,2.53745,-0.330598E-01
0.659790,2.53980,-0.331349E-02
0.660400,2.54215,-0.537501E-01
0.661011,2.54450,0.209571
0.661621,2.54685,0.207480E-01
0.662231,2.54920,-0.349440E-01
0.662842,2.55155,0.133968E-01
0.663452,2.55390,0.631206E-01
0.664062,2.55625,0.426108E-01
0.664673,2.55860,0.180920
0.665283,2.56095,0.105862
0.665894,2.56330,0.167336E-01
0.666504,2.56564,0.670017E-01
0.667114,2.56799,-0.145275
0.667725,2.57034,-0.419288E-01
0.668335,2.57269,0.247774
0.668945,2.57504,0.432653E-01
0.669556,2.57739,0.948293E-01
0.670166,2.57974,0.563483E-01
0.670776,2.58209,0.626404E-01
0.671387,2.58444,0.516167E-01
0.671997,2.58679,0.496018E-01
0.672607,2.58914,-0.504003E-01
0.673218,2.59149,-0.147718E-01
0.673828,2.59384,0.128877
0.674438,2.59619,0.308020E-01
0.675049,2.59854,0.113217
0.675659,2.60089,-0.710036E-01
0.676270,2.60324,0.106896
0.676880,2.60559,0.247654E-01
0.677490,2.60794,-0.114943E-01
0.678101,2.61028,0.793685E-01
0.678711,2.61263,0.428958E-01
0.679321,2.61498,0.151896
0.679932,2.61733,-0.119296
0.680542,2.61968,0.937242E-01
0.681152,2.62203,0.486649E-01
0.681763,2.62438,0.701481E-01
0.682373,2.62673,0.178908
0.682983,2.62908,0.222726
0.683594,2.63143,0.669950E-01
0.684204,2.63378,0.769672E-01
0.684814,2.63613,0.872870E-01
0.685425,2.63848,0.563933E-01
0.686035,2.64083,-0.333173E-01
0.686646,2.64318,-0.503926E-01
0.687256,2.64553,0.975272E-01
0.687866,2.64788,0.171106
0.688477,2.65023,0.365189E-01
0.689087,2.65258,0.210102E-01
0.689697,2.65493,-0.377202E-01
0.690308,2.65727,0.465123E-01
0.690918,2.65962,0.692785E-01
0.691528,2.66197,-0.506686E-01
0.692139,2.66432,0.232153E-01
0.692749,2.66667,0.179528
0.693359,2.66902,0.112923
0.693970,2.67137,0.781569E-01
0.694580,2.67372,0.352677E-01
0.695190,2.67607,-0.272486E-01
0.695801,2.67842,0.136347E-03
0.696411,2.68077,0.108280E-01
0.697021,2.68312,0.921411E-01
0.697632,2.68547,0.131836
0.698242,2.68782,0.123161E-01
0.698853,2.69017,0.168172
0.699463,2.69252,0.957182E-02
0.700073,2.69487,0.369575E-04
0.700684,2.69722,-0.417586E-01
0.701294,2.69957,0.207051E-01
0.701904,2.70192,0.500021E-01
0.702515,2.70426,0.210471E-01
0.703125,2.70661,-0.152546E-01
0.703735,2.70896,0.234165E-01
0.704346,2.71131,0.237776
0.704956,2.71366,-0.145309E-01
0.705566,2.71601,0.118274
0.706177,2.71836,0.722769E-01
0.706787,2.72071,0.164737
0.707397,2.72306,0.131134
0.708008,2.72541,0.101432
0.708618,2.72776,0.167334
0.709229,2.73011,0.183111E-01
0.709839,2.73246,0.159525
0.710449,2.73481,0.127706
0.711060,2.73716,0.167225E-01
0.711670,2.73951,0.117199
0.712280,2.74186,0.117552
0.712891,2.74421,0.819433E-01
0.713501,2.74656,-0.831347E-02
0.714111,2.74890,-0.545408E-01
0.714722,2.75125,0.189919E-02
0.715332,2.75360,0.674692E-01
0.715942,2.75595,0.135203
0.716553,2.75830,0.517614E-02
0.717163,2.76065,0.180999
0.717773,2.76300,0.240505E-01
0.718384,2.76535,0.970767E-01
0.718994,2.76770,0.137495
0.719604,2.77005,0.993974E-02
0.720215,2.77240,0.365090E-01
0.720825,2.77475,0.549866E-01
0.721436,2.77710,0.196041
0.722046,2.77945,0.155361E-01
0.722656,2.78180,0.111004
0.723267,2.78415,0.711804E-01
0.723877,2.78650,-0.609302E-02
0.724487,2.78885,0.226905E-01
0.725098,2.79120,-0.157057E-01
0.725708,2.79355,0.192411
0.726318,2.79589,0.576576
0.726929,2.79824,0.593384
0.727539,2.80059,0.364912E-01
0.728149,2.80294,-0.603524E-01
0.728760,2.80529,0.822263E-01
0.729370,2.80764,0.142779
0.729980,2.80999,0.215350
0.730591,2.81234,0.522005E-01
0.731201,2.81469,-0.175644E-01
0.731812,2.81704,0.443050E-01
0.732422,2.81939,0.685913E-02
0.733032,2.82174,0.411814E-01
0.733643,2.82409,0.549876E-01
0.734253,2.82644,0.734904E-01
0.734863,2.82879,0.378821E-01
0.735474,2.83114,0.143979
0.736084,2.83349,-0.340169
0.736694,2.83584,0.146966
0.737305,2.83819,0.109898E-01
0.737915,2.84054,0.403009
0.738525,2.84288,-0.417415E-01
0.739136,2.84523,-0.346484E-01
0.739746,2.84758,0.109263E-01
0.740356,2.84993,0.809541E-01
0.740967,2.85228,0.342854E-01
0.741577,2.85463,0.312121E-01
0.742188,2.85698,0.132064
0.742798,2.85933,-0.126951
0.743408,2.86168,0.117862E-01
0.744019,2.86403,0.422434E-01
0.744629,2.86638,0.241645
0.745239,2.86873,0.102820
0.745850,2.87108,-0.459155E-01
0.746460,2.87343,0.567190
0.747070,2.87578,0.162443
0.747681,2.87813,0.870623E-01
0.748291,2.88048,-0.894970E-01
0.748901,2.88283,0.133076
0.749512,2.88518,0.121531
0.750122,2.88752,0.769778E-01
0.750732,2.88987,0.824663E-01
0.751343,2.89222,0.537336E-01
0.751953,2.89457,-0.160529E-01
0.752563,2.89692,0.584988E-01
0.753174,2.89927,0.948358E-02
0.753784,2.90162,-0.389501E-01
0.754395,2.90397,0.397139
0.755005,2.90632,0.171343
0.755615,2.90867,0.334803E-02
0.756226,2.91102,-0.394515E-01
0.756836,2.91337,0.207975E-02
0.757446,2.91572,0.311669E-01
0.758057,2.91807,0.477075E-01
0.758667,2.92042,-0.720286E-02
0.759277,2.92277,-0.109384E-01
0.759888,2.92512,0.933882E-01
0.760498,2.92747,0.130480E-01
0.761108,2.92982,-0.510867E-01
0.761719,2.93217,0.136191E-01
0.762329,2.93451,0.435024
0.762939,2.93686,-0.834608E-02
0.763550,2.93921,0.118001
0.764160,2.94156,0.193536
0.764771,2.94391,0.317541
0.765381,2.94626,0.774522E-01
0.765991,2.94861,0.835845E-01
0.766602,2.95096,-0.163274
0.767212,2.95331,0.289548E-02
0.767822,2.95566,0.297498
0.768433,2.95801,0.748571E-01
0.769043,2.96036,-0.130464
0.769653,2.96271,0.123304
0.770264,2.96506,-0.398274E-01
0.770874,2.96741,-0.107021E-01
0.771484,2.96976,-0.654291E-02
0.772095,2.97211,0.168078
0.772705,2.97446,0.751956E-01
0.773315,2.97681,-0.215286E-02
0.773926,2.97916,0.123240
0.774536,2.98150,0.444252E-01
0.775146,2.98385,0.430962E-01
0.775757,2.98620,0.999597E-01
0.776367,2.98855,0.651588E-01
0.776978,2.99090,0.840141E-01
0.777588,2.99325,-0.518395E-01
0.778198,2.99560,0.236037
0.778809,2.99795,0.637843E-01
0.779419,3.00030,-0.740843E-01
0.780029,3.00265,0.813991E-01
0.780640,3.00500,0.702435E-01
0.781250,3.00735,0.582706E-01
0.781860,3.00970,0.109578
0.782471,3.01205,-0.243707E-01
0.783081,3.01440,-0.218599
0.783691,3.01675,0.194418E-01
0.784302,3.01910,0.250924
0.784912,3.02145,0.233681E-01
0.785522,3.02380,0.108061
0.786133,3.02614,0.501813E-01
0.786743,3.02849,0.419180
0.787354,3.03084,0.652726E-01
0.787964,3.03319,-0.156913E-02
0.788574,3.03554,0.884399E-01
0.789185,3.03789,-0.110440
0.789795,3.04024,0.117806
0.790405,3.04259,-0.149025E-02
0.791016,3.04494,0.767158E-01
0.791626,3.04729,-0.438612E-02
0.792236,3.04964,-0.591917E-01
0.792847,3.05199,-0.420371E-01
0.793457,3.05434,0.253885
0.794067,3.05669,0.289937E-01
0.794678,3.05904,-0.318694E-01
0.795288,3.06139,-0.392623E-01
0.795898,3.06374,0.215649E-01
0.796509,3.06609,0.214505E-01
0.797119,3.06844,-0.112007
0.797729,3.07079,0.315200
0.798340,3.07313,0.817732E-04
0.798950,3.07548,0.183195
0.799561,3.07783,-0.393188E-01
0.800171,3.08018,-0.902399E-02
0.800781,3.08253,-0.189981E-01
0.801392,3.08488,0.451373E-02
0.802002,3.08723,0.181806E-01
0.802612,3.08958,0.100383
0.803223,3.09193,-0.292434E-01
0.803833,3.09428,0.335897E-01
0.804443,3.09663,0.258673
0.805054,3.09898,0.138869E-01
0.805664,3.10133,-0.352966E-01
0.806274,3.10368,-0.806239E-01
0.806885,3.10603,-0.100172
0.807495,3.10838,0.216819
0.808105,3.11073,0.151401E-01
0.808716,3.11308,0.386532E-01
0.809326,3.11543,-0.961690E-01
0.809937,3.11778,0.577804E-01
0.810547,3.12012,0.272804E-01
0.811157,3.12247,0.204861
0.811768,3.12482,0.625438E-01
0.812378,3.12717,0.231501
0.812988,3.12952,0.177878
0.813599,3.13187,0.135939E-01
0.814209,3.13422,-0.854010E-01
0.814819,3.13657,0.942034E-02
0.815430,3.13892,-0.278746E-01
0.816040,3.14127,0.394304E-01
0.816650,3.14362,-0.728377E-01
0.817261,3.14597,-0.206168E-01
0.817871,3.14832,0.118054
0.818481,3.15067,0.215285
0.819092,3.15302,0.244623
0.819702,3.15537,-0.518375E-01
0.820312,3.15772,0.617312E-01
0.820923,3.16007,-0.111953E-02
0.821533,3.16242,-0.264547E-01
0.822144,3.16476,0.170469
0.822754,3.16711,0.198291
0.823364,3.16946,0.183004
0.823975,3.17181,-0.285006E-02
0.824585,3.17416,0.446533E-01
0.825195,3.17651,-0.128610
0.825806,3.17886,-0.107859
0.826416,3.18121,-0.112684E-01
0.827026,3.18356,0.497625E-02
0.827637,3.18591,-0.865776E-02
0.828247,3.18826,0.521227E-01
0.828857,3.19061,0.137546E-01
0.829468,3.19296,0.353718E-01
0.830078,3.19531,0.105232
0.830688,3.19766,0.656115E-02
0.831299,3.20001,-0.969114E-02
0.831909,3.20236,-0.102759E-01
0.832520,3.20471,-0.427521E-01
0.833130,3.20706,0.958479E-01
0.833740,3.20941,0.842292E-01
0.834351,3.21175,0.317409E-01
0.834961,3.21410,-0.969301E-01
0.835571,3.21645,0.715793E-01
0.836182,3.21880,0.371276E-01
0.836792,3.22115,0.138700E-03
0.837402,3.22350,0.263990E-01
0.838013,3.22585,0.438488E-02
0.838623,3.22820,0.220676
0.839233,3.23055,0.855532E-01
0.839844,3.23290,-0.375112E-01
0.840454,3.23525,0.700634E-01
0.841064,3.23760,-0.130170E-01
0.841675,3.23995,0.121234
0.842285,3.24230,-0.761857E-01
0.842896,3.24465,-0.658840E-02
0.843506,3.24700,0.282485E-01
0.844116,3.24935,-0.957430E-01
0.844727,3.25170,0.527873E-01
0.845337,3.25405,0.927452E-02
0.845947,3.25640,0.232256E-01
0.846558,3.25874,0.699131E-03
0.847168,3.26109,-0.554385E-01
0.847778,3.26344,0.956628E-02
0.848389,3.26579,0.162309E-01
0.848999,3.26814,0.559231E-01
0.849609,3.27049,0.752749E-02
0.850220,3.27284,-0.217894E-02
0.850830,3.27519,-0.104733E-01
0.851440,3.27754,-0.291732E-02
0.852051,3.27989,0.409496
0.852661,3.28224,0.872821E-01
0.853271,3.28459,-0.580493E-01
0.853882,3.28694,0.116878E-01
0.854492,3.28929,0.225315E-01
0.855103,3.29164,0.264062E-04
0.855713,3.29399,-0.986888E-01
0.856323,3.29634,0.238382E-01
0.856934,3.29869,0.307763E-01
0.857544,3.30104,0.107984E-01
0.858154,3.30338,-0.267115E-01
0.858765,3.30573,0.718733E-02
0.859375,3.30808,-0.470565E-01
0.859985,3.31043,0.355689
0.860596,3.31278,-0.872760E-01
0.861206,3.31513,0.280397E-01
0.861816,3.31748,0.883791E-01
0.862427,3.31983,0.284430
0.863037,3.32218,0.954324E-01
0.863647,3.32453,-0.215683E-01
0.864258,3.32688,-0.461370E-01
0.864868,3.32923,0.659700E-01
0.865479,3.33158,0.144910
0.866089,3.33393,-0.330081E-01
0.866699,3.33628,0.402927E-01
0.867310,3.33863,-0.727440E-01
0.867920,3.34098,0.162927E-01
0.868530,3.34333,0.661323E-02
0.869141,3.34568,-0.291101E-01
0.869751,3.34803,-0.671095E-04
0.870361,3.35037,-0.818621E-03
0.870972,3.35272,0.456815E-01
0.871582,3.35507,0.630513E-01
0.872192,3.35742,-0.396140E-02
0.872803,3.35977,0.935397E-01
0.873413,3.36212,-0.556067E-01
0.874023,3.36447,0.961739E-01
0.874634,3.36682,0.134410
0.875244,3.36917,0.182351
0.875854,3.37152,0.457460E-02
0.876465,3.37387,0.124768
0.877075,3.37622,0.194969
0.877686,3.37857,-0.472472E-01
0.878296,3.38092,0.873743E-01
0.878906,3.38327,0.482174E-02
0.879517,3.38562,0.222111E-01
0.880127,3.38797,0.231111
0.880737,3.39032,0.108336
0.881348,3.39267,0.299913
0.881958,3.39502,0.402883E-01
0.882568,3.39736,0.131984
0.883179,3.39971,0.603314E-01
0.883789,3.40206,0.158247E-01
0.884399,3.40441,0.910579E-02
0.885010,3.40676,0.491594E-02
0.885620,3.40911,0.117219E-01
0.886230,3.41146,0.871596E-01
0.886841,3.41381,0.235314E-01
0.887451,3.41616,0.173412
0.888062,3.41851,0.434670
0.888672,3.42086,0.115117
0.889282,3.42321,0.104548
0.889893,3.42556,0.881271E-01
0.890503,3.42791,0.211610E-01
0.891113,3.43026,-0.166701E-01
0.891724,3.43261,0.266488E-01
0.892334,3.43496,0.832105E-01
0.892944,3.43731,0.184964
0.893555,3.43966,-0.850466E-01
0.894165,3.44200,-0.346253E-03
0.894775,3.44435,0.653207E-01
0.895386,3.44670,0.615680E-01
0.895996,3.44905,0.422584E-01
0.896606,3.45140,-0.611135E-01
0.897217,3.45375,0.139940
0.897827,3.45610,0.722578E-01
0.898438,3.45845,-0.387822E-01
0.899048,3.46080,-0.107854
0.899658,3.46315,0.706572E-01
0.900269,3.46550,0.565928E-01
0.900879,3.46785,-0.660164E-01
0.901489,3.47020,0.322296
0.902100,3.47255,0.212362
0.902710,3.47490,-0.841219E-01
0.903320,3.47725,-0.507372E-02
0.903931,3.47960,-0.364462E-01
0.904541,3.48195,0.391336
0.905151,3.48430,0.103033E-01
0.905762,3.48665,-0.126626E-01
0.906372,3.48899,0.279000E-01
0.906982,3.49134,0.665679E-01
0.907593,3.49369,0.678695E-02
0.908203,3.49604,0.679693E-02
0.908813,3.49839,-0.886066E-02
0.909424,3.50074,0.164391E-01
0.910034,3.50309,0.211609
0.910645,3.50544,0.152874E-01
0.911255,3.50779,-0.149441E-01
0.911865,3.51014,-0.900270E-02
0.912476,3.51249,-0.450038E-01
0.913086,3.51484,0.351039E-01
0.913696,3.51719,0.688838E-01
0.914307,3.51954,-0.252589E-01
0.914917,3.52189,0.123012
0.915527,3.52424,-0.424148E-01
0.916138,3.52659,0.772505E-03
0.916748,3.52894,0.737185E-01
0.917358,3.53129,0.247547
0.917969,3.53364,-0.194325E-02
0.918579,3.53598,0.747746E-01
0.919189,3.53833,0.199830
0.919800,3.54068,0.452863
0.920410,3.54303,-0.141620E-01
0.921021,3.54538,-0.344008E-01
0.921631,3.54773,0.797899E-02
0.922241,3.55008,-0.380841E-02
0.922852,3.55243,0.868847E-01
0.923462,3.55478,0.225006E-01
0.924072,3.55713,0.256722E-01
0.924683,3.55948,-0.170258E-01
0.925293,3.56183,0.198033
0.925903,3.56418,0.739324E-01
0.926514,3.56653,-0.133009
0.927124,3.56888,-0.515555E-01
0.927734,3.57123,0.611114E-02
0.928345,3.57358,0.428186E-01
0.928955,3.57593,0.162120E-02
0.929565,3.57828,0.350917E-01
0.930176,3.58062,0.225488
0.930786,3.58297,0.278248
0.931396,3.58532,0.204488E-01
0.932007,3.58767,-0.394831E-01
0.932617,3.59002,-0.396489E-01
0.933228,3.59237,0.120765
0.933838,3.59472,-0.158208E-01
0.934448,3.59707,0.128848E-01
0.935059,3.59942,0.810720E-01
0.935669,3.60177,-0.218351
0.936279,3.60412,-0.223758E-01
0.936890,3.60647,-0.212884E-01
0.937500,3.60882,-0.313752E-01
0.938110,3.61117,-0.703936E-01
0.938721,3.61352,-0.352332E-02
0.939331,3.61587,-0.249265E-01
0.939941,3.61822,-0.634674E-01
0.940552,3.62057,0.542866E-01
0.941162,3.62292,0.131730
0.941772,3.62527,-0.723247E-02
0.942383,3.62761,-0.116758
0.942993,3.62996,0.720881E-01
0.943604,3.63231,0.109174
0.944214,3.63466,0.567856E-01
0.944824,3.63701,0.611160E-01
0.945435,3.63936,0.231231
0.946045,3.64171,0.108339
0.946655,3.64406,0.795626E-02
0.947266,3.64641,0.211345
0.947876,3.64876,-0.525635E-01
0.948486,3.65111,0.750765E-01
0.949097,3.65346,-0.105367E-01
0.949707,3.65581,0.416005E-01
0.950317,3.65816,0.127712
0.950928,3.66051,0.275099E-01
0.951538,3.66286,0.126978
0.952148,3.66521,0.265079
0.952759,3.66756,0.178283
0.953369,3.66991,0.694987E-01
0.953979,3.67226,-0.319761E-02
0.954590,3.67460,0.103686
0.955200,3.67695,0.145271E-01
0.955811,3.67930,-0.563510E-02
0.956421,3.68165,0.652604E-01
0.957031,3.68400,0.509584E-02
0.957642,3.68635,0.995684E-01
0.958252,3.68870,0.289794E-01
0.958862,3.69105,0.111453E-01
0.959473,3.69340,-0.547731E-01
0.960083,3.69575,0.154188E-01
0.960693,3.69810,0.603712E-01
0.961304,3.70045,-0.132063E-01
0.961914,3.70280,0.244977E-01
0.962524,3.70515,-0.514929E-02
0.963135,3.70750,0.968629E-01
0.963745,3.70985,0.763113E-01
0.964355,3.71220,-0.302442E-01
0.964966,3.71455,0.118045
0.965576,3.71690,-0.189505E-01
0.966187,3.71924,0.794070E-01
0.966797,3.72159,0.220680E-01
0.967407,3.72394,-0.156542
0.968018,3.72629,-0.599793E-01
0.968628,3.72864,0.365224
0.969238,3.73099,0.541358E-01
0.969849,3.73334,0.323932
0.970459,3.73569,-0.559997E-01
0.971069,3.73804,0.112983
0.971680,3.74039,-0.334104E-01
0.972290,3.74274,0.139696
0.972900,3.74509,0.583644E-01
0.973511,3.74744,0.374462E-01
0.974121,3.74979,0.148583
0.974731,3.75214,0.155956
0.975342,3.75449,-0.221622E-01
0.975952,3.75684,-0.118963E-01
0.976562,3.75919,0.205158
0.977173,3.76154,0.103227
0.977783,3.76389,0.755627E-01
0.978394,3.76623,-0.565426E-01
0.979004,3.76858,0.956309E-01
0.979614,3.77093,-0.195906E-01
0.980225,3.77328,0.146546E-01
0.980835,3.77563,0.635870E-01
0.981445,3.77798,-0.717322E-01
0.982056,3.78033,0.192536E-01
0.982666,3.78268,0.310852E-01
0.983276,3.78503,0.688380E-01
0.983887,3.78738,0.530893E-01
0.984497,3.78973,0.523930E-01
0.985107,3.79208,0.370241E-01
0.985718,3.79443,-0.114834E-01
0.986328,3.79678,0.443896E-01
0.986938,3.79913,0.154942
0.987549,3.80148,-0.107048
0.988159,3.80383,0.351901
0.988770,3.80618,-0.450641E-02
0.989380,3.80853,0.105493
0.989990,3.81088,0.977080E-01
0.990601,3.81322,-0.188038E-01
0.991211,3.81557,-0.465908E-02
0.991821,3.81792,0.574594E-01
0.992432,3.82027,0.452005E-01
0.993042,3.82262,-0.207480
0.993652,3.82497,-0.178870E-01
0.994263,3.82732,0.180076
0.994873,3.82967,0.392970E-01
0.995483,3.83202,0.635344E-02
0.996094,3.83437,0.627766E-02
0.996704,3.83672,-0.105093E-01
0.997314,3.83907,0.948484E-01
0.997925,3.84142,0.418080E-01
0.998535,3.84377,0.115633
0.999146,3.84612,0.346166E-01
0.999756,3.84847,-0.189198
1.00037,3.85082,0.484982
1.00098,3.85317,-0.443327E-01
1.00159,3.85552,0.912709E-01
1.00220,3.85786,0.752479E-01
1.00281,3.86021,0.613904E-01
1.00342,3.86256,0.572012E-01
1.00403,3.86491,0.122173
1.00464,3.86726,0.217115E-01
1.00525,3.86961,0.111896E-01
1.00586,3.87196,0.133957E-01
1.00647,3.87431,0.480542E-01
1.00708,3.87666,0.723005E-01
1.00769,3.87901,-0.535682E-01
1.00830,3.88136,0.454926E-01
1.00891,3.88371,0.809234E-01
1.00952,3.88606,-0.340824E-01
1.01013,3.88841,-0.129656E-01
1.01074,3.89076,0.966158E-03
1.01135,3.89311,-0.283468E-03
1.01196,3.89546,0.107755
1.01257,3.89781,0.144754
1.01318,3.90016,-0.439306E-01
1.01379,3.90251,0.215869E-01
1.01440,3.90485,0.123267
1.01501,3.90720,0.369561
1.01562,3.90955,0.222125E-01
1.01624,3.91190,-0.881063E-02
1.01685,3.91425,0.190067E-01
1.01746,3.91660,0.399412E-01
1.01807,3.91895,0.194471
1.01868,3.92130,0.100347
1.01929,3.92365,0.167071
1.01990,3.92600,0.144340
1.02051,3.92835,-0.983764E-01
1.02112,3.93070,0.144619E-02
1.02173,3.93305,-0.129456E-01
1.02234,3.93540,-0.159501E-01
1.02295,3.93775,0.184332E-01
1.02356,3.94010,0.715077E-01
1.02417,3.94245,0.112251E-02
1.02478,3.94480,0.123928
1.02539,3.94715,0.134057E-01
1.02600,3.94950,0.126867
1.02661,3.95184,-0.102625E-01
1.02722,3.95419,0.723653E-01
1.02783,3.95654,0.955838E-01
1.02844,3.95889,0.325919E-01
1.02905,3.96124,0.742683E-01
1.02966,3.96359,0.189698E-01
1.03027,3.96594,0.398105E-01
1.03088,3.96829,0.304285E-01
1.03149,3.97064,0.802575E-01
1.03210,3.97299,-0.329763E-01
1.03271,3.97534,0.741914E-01
1.03333,3.97769,0.119475
1.03394,3.98004,0.539191E-01
1.03455,3.98239,0.143820
1.03516,3.98474,0.292924E-01
1.03577,3.98709,0.768769E-01
1.03638,3.98944,0.602248E-01
1.03699,3.99179,0.534318E-01
1.03760,3.99414,0.825275E-01
1.03821,3.99648,0.295005E-01
1.03882,3.99883,0.114415
1.03943,4.00118,-0.431162E-01
1.04004,4.00353,0.364841
1.04065,4.00588,-0.173020E-01
1.04126,4.00823,0.294247E-01
1.04187,4.01058,0.167013
1.04248,4.01293,0.371064
1.04309,4.01528,-0.609477E-01
1.04370,4.01763,0.820144E-01
1.04431,4.01998,-0.209647E-01
1.04492,4.02233,0.263757E-01
1.04553,4.02468,0.381801E-01
1.04614,4.02703,0.171120E-01
1.04675,4.02938,0.160383E-01
1.04736,4.03173,0.432929E-03
1.04797,4.03408,0.790018E-02
1.04858,4.03643,0.185449
1.04919,4.03878,0.278703E-01
1.04980,4.04113,0.876893E-01
1.05042,4.04347,0.129031
1.05103,4.04582,-0.360942E-01
1.05164,4.04817,-0.710455E-02
1.05225,4.05052,0.296260E-01
1.05286,4.05287,0.482862E-02
1.05347,4.05522,-0.149694E-01
1.05408,4.05757,-0.572060E-02
1.05469,4.05992,-0.183072E-01
1.05530,4.06227,0.532838E-01
1.05591,4.06462,-0.361067E-02
1.05652,4.06697,-0.921903E-02
1.05713,4.06932,0.821330E-01
1.05774,4.07167,0.798768E-01
1.05835,4.07402,0.510492E-01
1.05896,4.07637,0.474252E-01
1.05957,4.07872,0.337276E-01
1.06018,4.08107,0.476153E-01
1.06079,4.08342,-0.947751E-02
1.06140,4.08577,0.657328E-02
1.06201,4.08812,0.937531E-01
1.06262,4.09046,0.499524E-02
1.06323,4.09281,0.697983E-02
1.06384,4.09516,0.779558E-01
1.06445,4.09751,-0.150969E-01
1.06506,4.09986,0.818221E-01
1.06567,4.10221,0.141767
1.06628,4.10456,0.152819
1.06689,4.10691,-0.530620E-02
1.06750,4.10926,0.432286E-01
1.06812,4.11161,-0.609074E-02
1.06873,4.11396,0.438912E-01
1.06934,4.11631,0.288526E-02
1.06995,4.11866,-0.254039E-01
1.07056,4.12101,-0.127454E-01
1.07117,4.12336,0.589740E-01
1.07178,4.12571,0.392135E-01
1.07239,4.12806,0.126107E-01
1.07300,4.13041,0.474777E-01
1.07361,4.13276,0.173141E-01
1.07422,4.13510,0.106860E-01
1.07483,4.13745,0.118031
1.07544,4.13980,0.643327E-01
1.07605,4.14215,0.144085E-02
1.07666,4.14450,0.462999E-01
1.07727,4.14685,0.334344E-01
1.07788,4.14920,-0.290624E-01
1.07849,4.15155,-0.637968E-01
1.07910,4.15390,-0.189612E-01
1.07971,4.15625,-0.400202E-02
1.08032,4.15860,0.457279E-01
1.08093,4.16095,0.839367E-01
1.08154,4.16330,-0.591819E-02
1.08215,4.16565,0.512469E-01
1.08276,4.16800,0.227757
1.08337,4.17035,-0.614172E-01
1.08398,4.17270,-0.245348E-01
1.08459,4.17505,0.103675E-01
1.08521,4.17740,0.128438
1.08582,4.17975,-0.239743E-01
1.08643,4.18209,0.139251
1.08704,4.18444,0.228176E-01
1.08765,4.18679,0.214830
1.08826,4.18914,0.345652E-01
1.08887,4.19149,0.969037E-02
1.08948,4.19384,-0.846490E-01
1.09009,4.19619,-0.169542E-01
1.09070,4.19854,0.111391
1.09131,4.20089,0.753769E-01
1.09192,4.20324,0.798328E-01
1.09253,4.20559,0.194308E-01
1.09314,4.20794,0.121602
1.09375,4.21029,-0.331462E-01
1.09436,4.21264,0.225810E-01
1.09497,4.21499,-0.172986
1.09558,4.21734,0.528385E-01
1.09619,4.21969,0.155325
1.09680,4.22204,0.158788
1.09741,4.22439,-0.146956E-01
1.09802,4.22674,0.321399E-01
1.09863,4.22908,-0.145536E-01
1.09924,4.23143,-0.525858E-01
1.09985,4.23378,0.912488E-02
1.10046,4.23613,-0.166857E-01
1.10107,4.23848,-0.124948
1.10168,4.24083,0.162659E-01
1.10229,4.24318,-0.281138E-01
1.10291,4.24553,0.878795E-01
1.10352,4.24788,0.357154E-02
1.10413,4.25023,-0.167552E-01
1.10474,4.25258,0.168382
1.10535,4.25493,0.124316
1.10596,4.25728,0.119582
1.10657,4.25963,-0.113185
1.10718,4.26198,0.706046E-02
1.10779,4.26433,-0.288501E-01
1.10840,4.26668,-0.806812E-02
1.10901,4.26903,-0.547077E-02
1.10962,4.27138,0.974105E-01
1.11023,4.27372,0.513295E-01
1.11084,4.27607,0.419924E-01
1.11145,4.27842,-0.162418E-01
1.11206,4.28077,0.138139
1.11267,4.28312,0.159303E-01
1.11328,4.28547,-0.383867E-01
1.11389,4.28782,-0.847977E-02
1.11450,4.29017,0.356393E-02
1.11511,4.29252,0.276932
1.11572,4.29487,0.137410
1.11633,4.29722,0.156798E-02
1.11694,4.29957,0.157151E-01
1.11755,4.30192,-0.322964E-01
1.11816,4.30427,0.131923
1.11877,4.30662,-0.210635E-01
1.11938,4.30897,0.605186E-01
1.12000,4.31132,0.233258E-01
1.12061,4.31367,0.145557
1.12122,4.31602,-0.441940E-01
1.12183,4.31837,-0.361438E-01
1.12244,4.32071,-0.306977E-02
1.12305,4.32306,0.494342E-02
1.12366,4.32541,0.173944
1.12427,4.32776,0.298678E-02
1.12488,4.33011,0.218669E-01
1.12549,4.33246,0.257378E-02
1.12610,4.33481,-0.131487E-01
1.12671,4.33716,-0.122129E-01
1.12732,4.33951,-0.156440E-01
1.12793,4.34186,0.163840E-02
1.12854,4.34421,-0.445768E-01
1.12915,4.34656,0.907367E-01
1.12976,4.34891,0.481683E-01
1.13037,4.35126,-0.496627E-01
1.13098,4.35361,-0.230583E-02
1.13159,4.35596,0.524060E-01
1.13220,4.35831,-0.315570E-01
1.13281,4.36066,0.465463E-01
1.13342,4.36301,0.186640
1.13403,4.36536,0.847683E-01
1.13464,4.36770,-0.387940E-01
1.13525,4.37005,0.138966E-01
1.13586,4.37240,-0.231076E-01
1.13647,4.37475,-0.187603E-01
1.13708,4.37710,-0.655893E-02
1.13770,4.37945,-0.184942E-01
1.13831,4.38180,-0.107635
1.13892,4.38415,0.744585E-01
1.13953,4.38650,0.117651
1.14014,4.38885,0.332999E-01
1.14075,4.39120,0.884527E-01
1.14136,4.39355,0.302092E-01
1.14197,4.39590,0.516784E-01
1.14258,4.39825,0.524541E-01
1.14319,4.40060,-0.704906E-02
1.14380,4.40295,0.681423E-01
1.14441,4.40530,0.431472E-01
1.14502,4.40765,-0.811015E-01
1.14563,4.41000,0.744576E-01
1.14624,4.41234,-0.259052E-01
1.14685,4.41469,0.165338E-01
1.14746,4.41704,0.323313
1.14807,4.41939,0.173877E-01
1.14868,4.42174,-0.920686E-02
1.14929,4.42409,0.136155
1.14990,4.42644,0.592558E-02
1.15051,4.42879,0.623311E-01
1.15112,4.43114,0.221626E-01
1.15173,4.43349,0.274284
1.15234,4.43584,0.119795E-01
1.15295,4.43819,0.962943E-02
1.15356,4.44054,-0.324849E-03
1.15417,4.44289,0.444528E-01
1.15479,4.44524,0.171264E-01
1.15540,4.44759,-0.552282E-01
1.15601,4.44994,0.823708E-01
1.15662,4.45229,0.601070E-02
1.15723,4.45464,0.674680E-01
1.15784,4.45699,0.134391
1.15845,4.45933,0.124201E-01
1.15906,4.46168,-0.218475E-01
1.15967,4.46403,0.155774
1.16028,4.46638,0.646107E-02
1.16089,4.46873,-0.309990E-01
1.16150,4.47108,0.153422
1.16211,4.47343,-0.678811E-02
1.16272,4.47578,0.240823E-01
1.16333,4.47813,-0.195770E-01
1.16394,4.48048,0.159776E-01
1.16455,4.48283,0.436343E-01
1.16516,4.48518,0.339143E-01
1.16577,4.48753,0.550764E-01
1.16638,4.48988,0.479282E-01
1.16699,4.49223,0.870018E-01
1.16760,4.49458,0.355368E-01
1.16821,4.49693,-0.184442E-01
1.16882,4.49928,-0.458939E-01
1.16943,4.50163,0.830561E-01
1.17004,4.50398,-0.676432E-01
1.17065,4.50632,0.405648E-02
1.17126,4.50867,0.351147E-02
1.17188,4.51102,-0.371503E-02
1.17249,4.51337,-0.106571E-01
1.17310,4.51572,0.177773E-02
1.17371,4.51807,0.105175
1.17432,4.52042,-0.187889E-01
1.17493,4.52277,-0.645675E-02
1.17554,4.52512,0.507498E-01
1.17615,4.52747,-0.107637
1.17676,4.52982,0.114098
1.17737,4.53217,-0.331668E-01
1.17798,4.53452,0.544323E-01
1.17859,4.53687,0.101572
1.17920,4.53922,0.199346
1.17981,4.54157,0.137695
1.18042,4.54392,0.898606E-02
1.18103,4.54627,0.968534E-02
1.18164,4.54862,-0.106118E-01
1.18225,4.55096,0.896762E-01
1.18286,4.55331,0.472721E-01
1.18347,4.55566,-0.748896E-02
1.18408,4.55801,-0.600665E-01
1.18469,4.56036,-0.127422E-01
1.18530,4.56271,-0.331876E-02
1.18591,4.56506,0.200281E-01
1.18652,4.56741,0.706526E-02
1.18713,4.56976,-0.134455E-01
1.18774,4.57211,-0.147292
1.18835,4.57446,-0.197975
1.18896,4.57681,-0.810841E-01
1.18958,4.57916,0.804106E-02
1.19019,4.58151,-0.339249E-01
1.19080,4.58386,0.101725E-01
1.19141,4.58621,-0.128257E-01
1.19202,4.58856,0.216922E-01
1.19263,4.59091,0.172579E-01
1.19324,4.59326,0.119901E-01
1.19385,4.59561,-0.867782E-01
1.19446,4.59795,0.145527E-01
1.19507,4.60030,-0.732548E-02
1.19568,4.60265,0.151760E-01
1.19629,4.60500,0.200871E-01
1.19690,4.60735,0.437004E-01
1.19751,4.60970,0.400532E-01
1.19812,4.61205,0.254614E-01
1.19873,4.61440,-0.232822E-01
1.19934,4.61675,-0.306403E-01
1.19995,4.61910,0.101371
1.20056,4.62145,-0.418362E-01
1.20117,4.62380,0.151319
1.20178,4.62615,-0.101845E-01
1.20239,4.62850,0.112825E-01
1.20300,4.63085,-0.161212
1.20361,4.63320,0.133945
1.20422,4.63555,-0.216591E-01
1.20483,4.63790,-0.262177E-01
1.20544,4.64025,0.484944E-01
1.20605,4.64260,-0.356694E-02
1.20667,4.64494,0.256275E-01
1.20728,4.64729,0.669289E-01
1.20789,4.64964,0.201859E-01
1.20850,4.65199,0.142221
1.20911,4.65434,0.278562E-01
1.20972,4.65669,0.122749
1.21033,4.65904,0.217276E-01
1.21094,4.66139,0.164742E-01
1.21155,4.66374,0.284198E-01
1.21216,4.66609,-0.250642E-01
1.21277,4.66844,0.759779E-01
1.21338,4.67079,0.220881
1.21399,4.67314,0.521658E-02
1.21460,4.67549,0.744756E-01
1.21521,4.67784,-0.225828E-01
1.21582,4.68019,-0.735922E-01
1.21643,4.68254,0.701110E-02
1.21704,4.68489,0.808010E-01
1.21765,4.68724,-0.457338E-01
1.21826,4.68958,0.691389E-01
1.21887,4.69193,0.170372
1.21948,4.69428,0.105409
1.22009,4.69663,0.517421E-01
1.22070,4.69898,0.492543E-01
1.22131,4.70133,0.115450E-01
1.22192,4.70368,0.249309E-01
1.22253,4.70603,0.616827E-01
1.22314,4.70838,0.137996
1.22375,4.71073,0.363192E-01
1.22437,4.71308,0.752400E-01
1.22498,4.71543,0.236120E-01
1.22559,4.71778,-0.679081E-03
1.22620,4.72013,0.151480E-01
1.22681,4.72248,0.177096E-01
1.22742,4.72483,-0.182414E-01
1.22803,4.72718,0.270219E-01
1.22864,4.72953,0.750721E-01
1.22925,4.73188,0.271203
1.22986,4.73423,0.129943
1.23047,4.73657,0.230176
1.23108,4.73892,-0.400811E-01
1.23169,4.74127,-0.390970E-01
1.23230,4.74362,0.808947E-01
1.23291,4.74597,0.713888E-01
1.23352,4.74832,0.115123
1.23413,4.75067,0.164991E-01
1.23474,4.75302,-0.452566E-01
1.23535,4.75537,0.958756E-01
1.23596,4.75772,0.720067E-01
1.23657,4.76007,0.832984E-01
1.23718,4.76242,0.176399
1.23779,4.76477,0.725865E-01
1.23840,4.76712,0.119879
1.23901,4.76947,0.581072E-01
1.23962,4.77182,0.885871E-01
1.24023,4.77417,-0.174933
1.24084,4.77652,0.202247
1.24146,4.77887,-0.320065E-01
1.24207,4.78122,-0.299245E-01
1.24268,4.78356,-0.270832E-01
1.24329,4.78591,0.798460E-03
1.24390,4.78826,0.156582
1.24451,4.79061,0.133916
1.24512,4.79296,-0.386062E-01
1.24573,4.79531,-0.294297E-01
1.24634,4.79766,0.128013E-01
1.24695,4.80001,0.152768E-01
1.24756,4.80236,0.110809
1.24817,4.80471,-0.741959E-01
1.24878,4.80706,-0.585747E-01
1.24939,4.80941,-0.388599E-01
1.25000,4.81176,0.520448E-04
1.25061,4.81411,0.332999E-01
1.25122,4.81646,-0.660261E-01
1.25183,4.81881,0.462627E-01
1.25244,4.82116,-0.758651E-02
1.25305,4.82351,0.202040E-01
1.25366,4.82586,0.102606
1.25427,4.82820,0.910355E-01
1.25488,4.83055,-0.104894
1.25549,4.83290,0.172420E-01
1.25610,4.83525,0.117031E-01
1.25671,4.83760,0.117546
1.25732,4.83995,0.496273E-02
1.25793,4.84230,0.305994E-01
1.25854,4.84465,-0.146209E-01
1.25916,4.84700,0.456351E-01
1.25977,4.84935,0.144412E-01
1.26038,4.85170,-0.225943E-01
1.26099,4.85405,-0.159428E-02
1.26160,4.85640,0.108591
1.26221,4.85875,0.293541E-01
1.26282,4.86110,0.850312E-01
1.26343,4.86345,-0.621141E-01
1.26404,4.86580,0.404547E-01
1.26465,4.86815,-0.287299E-01
1.26526,4.87050,-0.692365E-01
1.26587,4.87285,-0.283625E-01
1.26648,4.87519,0.125955
1.26709,4.87754,0.474303E-01
1.26770,4.87989,0.618676E-02
1.26831,4.88224,0.241877E-01
1.26892,4.88459,-0.301101E-01
1.26953,4.88694,0.428757E-01
1.27014,4.88929,0.935495E-01
1.27075,4.89164,-0.138881E-02
1.27136,4.89399,0.198488E-01
1.27197,4.89634,-0.292994E-01
1.27258,4.89869,0.221420E-01
1.27319,4.90104,0.469045E-01
1.27380,4.90339,0.175423
1.27441,4.90574,0.388590E-01
1.27502,4.90809,-0.275313E-01
1.27563,4.91044,-0.432063E-01
1.27625,4.91279,-0.386459E-01
1.27686,4.91514,-0.297173E-01
1.27747,4.91749,0.260017E-01
1.27808,4.91984,0.407466E-01
1.27869,4.92218,-0.369575E-01
1.27930,4.92453,0.717281E-01
1.27991,4.92688,0.672117E-01
1.28052,4.92923,-0.839597E-01
1.28113,4.93158,0.268067E-01
1.28174,4.93393,0.311518E-01
1.28235,4.93628,-0.717762E-01
1.28296,4.93863,-0.626261E-02
1.28357,4.94098,0.365989E-01
1.28418,4.94333,0.236947E-01
1.28479,4.94568,-0.198813E-01
1.28540,4.94803,0.312755E-01
1.28601,4.95038,0.771168E-01
1.28662,4.95273,-0.258655E-02
1.28723,4.95508,-0.752893E-01
1.28784,4.95743,0.488428E-01
1.28845,4.95978,-0.987545E-02
1.28906,4.96213,0.655508E-01
1.28967,4.96448,0.311135E-01
1.29028,4.96682,-0.305366E-01
1.29089,4.96917,0.214318E-01
1.29150,4.97152,0.238503
1.29211,4.97387,0.249943
1.29272,4.97622,-0.393062E-02
1.29333,4.97857,0.947707E-01
1.29395,4.98092,0.555157E-01
1.29456,4.98327,0.332423E-01
1.29517,4.98562,0.996874E-01
1.29578,4.98797,-0.748543E-02
1.29639,4.99032,0.155605
1.29700,4.99267,0.143917
1.29761,4.99502,0.685959E-01
1.29822,4.99737,0.683854E-01
1.29883,4.99972,0.163132
1.29944,5.00207,0.644395E-01
1.30005,5.00442,0.586590E-01
1.30066,5.00677,0.572915E-01
1.30127,5.00912,0.385757E-01
1.30188,5.01147,0.369131E-01
1.30249,5.01381,0.233810E-01
1.30310,5.01616,-0.186991E-01
1.30371,5.01851,-0.739837E-01
1.30432,5.02086,0.135054
1.30493,5.02321,-0.759125E-01
1.30554,5.02556,-0.339665E-02
1.30615,5.02791,0.133638E-01
1.30676,5.03026,-0.697248E-01
1.30737,5.03261,0.594323E-02
1.30798,5.03496,0.825080E-01
1.30859,5.03731,0.786779E-01
1.30920,5.03966,0.405755E-01
1.30981,5.04201,0.587313E-01
1.31042,5.04436,0.342841E-01
1.31104,5.04671,-0.954780E-02
1.31165,5.04906,0.131131
1.31226,5.05141,0.264682E-01
1.31287,5.05376,0.587062E-01
1.31348,5.05611,-0.822230E-01
1.31409,5.05846,0.635725E-01
1.31470,5.06080,0.708534E-01
1.31531,5.06315,-0.211295E-01
1.31592,5.06550,0.859628E-01
1.31653,5.06785,-0.331160E-01
1.31714,5.07020,0.229184
1.31775,5.07255,0.227211E-01
1.31836,5.07490,0.617025E-01
1.31897,5.07725,-0.577641E-03
1.31958,5.07960,0.155141E-01
1.32019,5.08195,-0.971823E-04
1.32080,5.08430,-0.217473E-01
1.32141,5.08665,-0.102639E-01
1.32202,5.08900,0.384522E-03
1.32263,5.09135,0.113362
1.32324,5.09370,0.487067E-01
1.32385,5.09605,0.980352E-01
1.32446,5.09840,0.116784
1.32507,5.10075,0.470360E-01
1.32568,5.10310,0.695341E-01
1.32629,5.10544,0.146944E-03
1.32690,5.10779,0.102309
1.32751,5.11014,0.201219E-01
1.32812,5.11249,-0.356721E-01
1.32874,5.11484,0.769221E-01
1.32935,5.11719,-0.476468E-01
1.32996,5.11954,-0.347434E-01
1.33057,5.12189,-0.135653E-01
1.33118,5.12424,-0.698863E-01
1.33179,5.12659,-0.225267E-01
1.33240,5.12894,0.726525E-01
1.33301,5.13129,0.123931E-03
1.33362,5.13364,-0.170238E-01
1.33423,5.13599,-0.286371E-01
1.33484,5.13834,0.128031E-01
1.33545,5.14069,0.645932E-01
1.33606,5.14304,0.486214E-01
1.33667,5.14539,0.128391
1.33728,5.14774,-0.613724E-01
1.33789,5.15009,0.213185E-01
1.33850,5.15243,0.191012E-01
1.33911,5.15478,0.670987E-02
1.33972,5.15713,0.126199E-02
1.34033,5.15948,0.139145E-01
1.34094,5.16183,-0.426273E-01
1.34155,5.16418,0.592076E-02
1.34216,5.16653,0.423239E-01
1.34277,5.16888,0.430327E-01
1.34338,5.17123,-0.259164E-02
1.34399,5.17358,0.570741E-02
1.34460,5.17593,-0.506224E-02
1.34521,5.17828,0.301875E-01
1.34583,5.18063,0.218734
1.34644,5.18298,0.198729E-01
1.34705,5.18533,0.832818E-01
1.34766,5.18768,0.460743E-01
1.34827,5.19003,0.990746E-01
1.34888,5.19238,0.108894
1.34949,5.19473,-0.630959E-01
1.35010,5.19707,0.307068E-01
1.35071,5.19942,-0.619403E-03
1.35132,5.20177,0.163880E-03
1.35193,5.20412,0.334233E-01
1.35254,5.20647,0.727725E-01
1.35315,5.20882,0.357725E-01
1.35376,5.21117,0.311123E-02
1.35437,5.21352,0.128604E-01
1.35498,5.21587,0.451806E-01
1.35559,5.21822,0.381867E-01
1.35620,5.22057,-0.119658E-01
1.35681,5.22292,0.420208E-01
1.35742,5.22527,0.305011E-01
1.35803,5.22762,0.872882E-01
1.35864,5.22997,0.594912E-01
1.35925,5.23232,-0.189947E-01
1.35986,5.23467,0.160705E-01
1.36047,5.23702,0.548593E-01
1.36108,5.23937,-0.232447E-03
1.36169,5.24172,-0.366650E-01
1.36230,5.24406,0.683011E-01
1.36292,5.24641,-0.266006E-01
1.36353,5.24876,0.113254
1.36414,5.25111,0.166742
1.36475,5.25346,-0.514677E-01
1.36536,5.25581,0.177237E-01
1.36597,5.25816,0.154950E-01
1.36658,5.26051,-0.125780E-01
1.36719,5.26286,0.681583E-01
1.36780,5.26521,-0.159021E-01
1.36841,5.26756,0.121799
1.36902,5.26991,0.330835E-01
1.36963,5.27226,0.328683E-01
1.37024,5.27461,0.103847
1.37085,5.27696,-0.164064E-01
1.37146,5.27931,0.792620E-01
1.37207,5.28166,0.416836E-02
1.37268,5.28401,0.162676E-01
1.37329,5.28636,0.706894E-01
1.37390,5.28871,-0.606556E-02
1.37451,5.29105,0.353627E-01
1.37512,5.29340,0.399389E-01
1.37573,5.29575,-0.414799E-02
1.37634,5.29810,-0.627299E-03
1.37695,5.30045,0.368987E-01
1.37756,5.30280,0.239928E-01
1.37817,5.30515,0.526169E-01
1.37878,5.30750,-0.121451E-01
1.37939,5.30985,0.359780E-01
1.38000,5.31220,-0.268988E-02
1.38062,5.31455,-0.836019E-03
1.38123,5.31690,-0.541352E-01
1.38184,5.31925,-0.615520E-01
1.38245,5.32160,-0.439190E-01
1.38306,5.32395,0.830098E-02
1.38367,5.32630,0.807123E-02
1.38428,5.32865,-0.269430E-02
1.38489,5.33100,-0.742163E-01
1.38550,5.33335,0.123129
1.38611,5.33569,0.266158E-02
1.38672,5.33804,0.530261E-01
1.38733,5.34039,0.498499E-01
1.38794,5.34274,0.519773E-01
1.38855,5.34509,0.185960
1.38916,5.34744,0.294845E-01
1.38977,5.34979,0.101941
1.39038,5.35214,0.647665E-02
1.39099,5.35449,0.351443E-01
1.39160,5.35684,0.717237E-02
1.39221,5.35919,-0.108956E-01
1.39282,5.36154,-0.142287E-01
1.39343,5.36389,0.219282
1.39404,5.36624,0.679867E-01
1.39465,5.36859,0.165658E-02
1.39526,5.37094,-0.537403E-01
1.39587,5.37329,0.985163E-01
1.39648,5.37564,0.247343E-01
1.39709,5.37799,0.135934E-01
1.39771,5.38034,-0.747632E-01
1.39832,5.38268,0.575683E-01
1.39893,5.38503,0.433811E-01
1.39954,5.38738,-0.203381E-01
1.40015,5.38973,0.706169E-02
1.40076,5.39208,0.800476E-01
1.40137,5.39443,0.173809E-01
1.40198,5.39678,-0.222104E-01
1.40259,5.39913,0.765974E-01
1.40320,5.40148,0.300291E-02
1.40381,5.40383,0.207469E-01
1.40442,5.40618,-0.183815E-02
1.40503,5.40853,0.659126E-01
1.40564,5.41088,-0.902100E-01
1.40625,5.41323,-0.136912E-01
1.40686,5.41558,0.842202E-01
1.40747,5.41793,0.297447E-01
1.40808,5.42028,0.125967E-02
1.40869,5.42263,-0.339517E-01
1.40930,5.42498,0.140761E-01
1.40991,5.42733,0.763529E-01
1.41052,5.42967,-0.563396E-01
1.41113,5.43202,0.606059E-02
1.41174,5.43437,0.548970E-01
1.41235,5.43672,0.424368E-01
1.41296,5.43907,0.262285
1.41357,5.44142,0.377022E-01
1.41418,5.44377,0.710366E-01
1.41479,5.44612,-0.142919
1.41541,5.44847,0.812077E-02
1.41602,5.45082,0.456417E-01
1.41663,5.45317,0.845032E-03
1.41724,5.45552,0.198626
1.41785,5.45787,0.102638
1.41846,5.46022,0.155854E-01
1.41907,5.46257,0.132300E-01
1.41968,5.46492,0.501614E-01
1.42029,5.46727,0.213159E-02
1.42090,5.46962,0.835919E-02
1.42151,5.47197,0.683348E-01
1.42212,5.47431,0.495924E-01
1.42273,5.47666,-0.651913E-01
1.42334,5.47901,0.878833E-01
1.42395,5.48136,0.189969
1.42456,5.48371,-0.256731E-02
1.42517,5.48606,-0.133595E-01
1.42578,5.48841,0.805432E-02
1.42639,5.49076,0.107409
1.42700,5.49311,-0.558395E-02
1.42761,5.49546,0.697026E-02
1.42822,5.49781,0.666189E-01
1.42883,5.50016,0.284333E-01
1.42944,5.50251,0.144675E-01
1.43005,5.50486,0.393861E-01
1.43066,5.50721,0.198930
1.43127,5.50956,0.514235E-01
1.43188,5.51191,0.417979E-01
1.43250,5.51426,0.109980E-01
1.43311,5.51661,0.599120E-01
1.43372,5.51896,0.746836E-01
1.43433,5.52130,0.579373E-02
1.43494,5.52365,0.296105E-01
1.43555,5.52600,-0.402420E-01
1.43616,5.52835,0.149683
1.43677,5.53070,0.874704E-01
1.43738,5.53305,-0.381859E-01
1.43799,5.53540,0.131157E-01
1.43860,5.53775,0.101802
1.43921,5.54010,0.221260
1.43982,5.54245,0.825447E-01
1.44043,5.54480,0.149616
1.44104,5.54715,0.123449
1.44165,5.54950,-0.916934E-02
1.44226,5.55185,0.170764E-01
1.44287,5.55420,0.343304E-01
1.44348,5.55655,0.503407E-01
1.44409,5.55890,0.328630E-01
1.44470,5.56125,0.263019E-01
1.44531,5.56360,0.789611E-01
1.44592,5.56595,0.292887E-01
1.44653,5.56829,0.186810
1.44714,5.57064,0.359351E-01
1.44775,5.57299,-0.136128E-03
1.44836,5.57534,0.413866E-01
1.44897,5.57769,0.149877
1.44958,5.58004,-0.709183E-01
1.45020,5.58239,0.257494E-01
1.45081,5.58474,0.130016
1.45142,5.58709,0.111352
1.45203,5.58944,-0.144912E-01
1.45264,5.59179,-0.541971E-01
1.45325,5.59414,-0.529791E-01
1.45386,5.59649,0.396084E-01
1.45447,5.59884,-0.346406E-03
1.45508,5.60119,0.229091
1.45569,5.60354,0.216807E-01
1.45630,5.60589,0.920773E-02
1.45691,5.60824,-0.760962E-01
1.45752,5.61059,0.609823E-01
1.45813,5.61293,0.180995
1.45874,5.61528,-0.983875E-03
1.45935,5.61763,0.613218E-01
1.45996,5.61998,-0.455236E-01
1.46057,5.62233,-0.417959E-02
1.46118,5.62468,0.177715
1.46179,5.62703,0.104978E-02
1.46240,5.62938,0.124387E-01
1.46301,5.63173,0.814808E-02
1.46362,5.63408,-0.388604E-01
1.46423,5.63643,0.482154E-01
1.46484,5.63878,-0.400787E-01
1.46545,5.64113,0.427770E-01
1.46606,5.64348,0.649935E-01
1.46667,5.64583,0.158502E-02
1.46729,5.64818,0.989778E-01
1.46790,5.65053,-0.730624E-01
1.46851,5.65288,0.259421E-01
1.46912,5.65523,0.937730E-01
1.46973,5.65758,-0.663951E-02
1.47034,5.65992,0.105940E-01
1.47095,5.66227,0.154783
1.47156,5.66462,0.328765E-02
1.47217,5.66697,0.104427
1.47278,5.66932,0.161090E-01
1.47339,5.67167,-0.709566E-01
1.47400,5.67402,-0.148540E-02
1.47461,5.67637,0.315605E-02
1.47522,5.67872,0.165010E-01
1.47583,5.68107,0.452806E-01
1.47644,5.68342,0.129367
1.47705,5.68577,0.240224E-01
1.47766,5.68812,0.103340
1.47827,5.69047,0.377905E-01
1.47888,5.69282,0.514541E-03
1.47949,5.69517,-0.114355E-01
1.48010,5.69752,-0.163875E-01
1.48071,5.69987,0.609642E-01
1.48132,5.70222,0.184169E-01
1.48193,5.70457,-0.715838E-01
1.48254,5.70691,-0.694079E-02
1.48315,5.70926,-0.812678E-01
1.48376,5.71161,0.135845
1.48438,5.71396,0.213736E-02
1.48499,5.71631,0.185214E-03
1.48560,5.71866,-0.416720E-01
1.48621,5.72101,0.698114E-01
1.48682,5.72336,0.237689E-01
1.48743,5.72571,-0.168764E-01
1.48804,5.72806,0.886895E-01
1.48865,5.73041,0.512395E-01
1.48926,5.73276,-0.481953E-01
1.48987,5.73511,0.820323E-01
1.49048,5.73746,-0.146274E-01
1.49109,5.73981,-0.410037E-02
1.49170,5.74216,-0.546396E-01
1.49231,5.74451,0.744588E-01
1.49292,5.74686,0.367701E-01
1.49353,5.74921,0.974635E-01
1.49414,5.75155,0.236074E-01
1.49475,5.75390,-0.664010E-02
1.49536,5.75625,0.520016E-01
1.49597,5.75860,-0.926994E-03
1.49658,5.76095,-0.283133E-02
1.49719,5.76330,0.826098E-02
1.49780,5.76565,0.124807
1.49841,5.76800,-0.946405E-01
1.49902,5.77035,0.607575E-01
1.49963,5.77270,0.541952E-01
1.50024,5.77505,-0.178594E-02
1.50085,5.77740,0.335188E-01
1.50146,5.77975,0.138217
1.50208,5.78210,0.195846E-01
1.50269,5.78445,0.323182E-01
1.50330,5.78680,0.253351E-02
1.50391,5.78915,0.467598E-01
1.50452,5.79150,0.298710E-01
1.50513,5.79385,-0.308548E-01
1.50574,5.79620,-0.247634E-03
1.50635,5.79854,0.201208E-02
1.50696,5.80089,-0.451634E-01
1.50757,5.80324,0.127431
1.50818,5.80559,0.358539E-01
1.50879,5.80794,0.327213E-01
1.50940,5.81029,0.220378E-01
1.51001,5.81264,0.172730E-01
1.51062,5.81499,0.294679E-01
1.51123,5.81734,0.752325E-01
1.51184,5.81969,-0.232739E-01
1.51245,5.82204,-0.328926E-01
1.51306,5.82439,0.608878E-01
1.51367,5.82674,0.494652E-01
1.51428,5.82909,0.115801
1.51489,5.83144,-0.109539E-01
1.51550,5.83379,-0.696000E-02
1.51611,5.83614,0.103552
1.51672,5.83849,-0.155624
1.51733,5.84084,-0.108090E-01
1.51794,5.84319,0.211318E-02
1.51855,5.84553,0.253215E-02
1.51917,5.84788,0.984985E-02
1.51978,5.85023,-0.727813E-03
1.52039,5.85258,0.639100E-02
1.52100,5.85493,0.710367E-01
1.52161,5.85728,0.975674E-01
1.52222,5.85963,0.508773E-02
1.52283,5.86198,0.116700E-01
1.52344,5.86433,0.681040E-01
1.52405,5.86668,-0.412311E-01
1.52466,5.86903,-0.151847E-02
1.52527,5.87138,-0.345341E-01
1.52588,5.87373,0.104744E-01
1.52649,5.87608,0.592158E-01
1.52710,5.87843,0.918181E-01
1.52771,5.88078,-0.103489E-01
1.52832,5.88313,0.815755E-01
1.52893,5.88548,0.133509E-01
1.52954,5.88783,0.317989E-01
1.53015,5.89017,0.103089
1.53076,5.89252,0.107336
1.53137,5.89487,0.208237
1.53198,5.89722,-0.583773E-01
1.53259,5.89957,0.172457
1.53320,5.90192,0.244391E-01
1.53381,5.90427,-0.181333E-01
1.53442,5.90662,-0.160991E-01
1.53503,5.90897,-0.130597E-01
1.53564,5.91132,0.903239E-01
1.53625,5.91367,-0.256490E-01
1.53687,5.91602,0.355122E-01
1.53748,5.91837,-0.163101E-01
1.53809,5.92072,-0.652642E-02
1.53870,5.92307,-0.134703E-01
1.53931,5.92542,0.174870
1.53992,5.92777,0.421609E-02
1.54053,5.93012,0.580110E-01
1.54114,5.93247,-0.919577E-02
1.54175,5.93482,-0.304592E-01
1.54236,5.93716,-0.268698E-01
1.54297,5.93951,0.123817
1.54358,5.94186,-0.106692
1.54419,5.94421,0.266846E-01
1.54480,5.94656,0.894524E-02
1.54541,5.94891,0.392543E-01
1.54602,5.95126,-0.109761E-01
1.54663,5.95361,-0.102192E-01
1.54724,5.95596,-0.543484E-01
1.54785,5.95831,0.539375E-01
1.54846,5.96066,-0.197656E-01
1.54907,5.96301,-0.361778E-02
1.54968,5.96536,-0.160534
1.55029,5.96771,-0.399338E-04
1.55090,5.97006,0.333331E-01
1.55151,5.97241,0.130933
1.55212,5.97476,0.685616E-01
1.55273,5.97711,-0.251093E-01
1.55334,5.97946,0.338616E-01
1.55396,5.98181,0.513755E-01
1.55457,5.98415,-0.163445E-01
1.55518,5.98650,0.131711
1.55579,5.98885,-0.948223E-01
1.55640,5.99120,0.893570E-01
1.55701,5.99355,-0.930741E-01
1.55762,5.99590,0.268691E-01
1.55823,5.99825,0.327893E-02
1.55884,6.00060,0.594370E-02
1.55945,6.00295,-0.963337E-01
1.56006,6.00530,0.162204
1.56067,6.00765,0.915555E-01
1.56128,6.01000,0.165824
1.56189,6.01235,0.999331E-01
1.56250,6.01470,-0.654041E-01
1.56311,6.01705,0.443954E-01
1.56372,6.01940,0.222902E-01
1.56433,6.02175,0.262183E-01
1.56494,6.02410,0.487434E-01
1.56555,6.02645,-0.607006E-01
1.56616,6.02879,-0.199699E-01
1.56677,6.03114,0.158521E-01
1.56738,6.03349,-0.426595E-01
1.56799,6.03584,0.843551E-02
1.56860,6.03819,0.133784E-02
1.56921,6.04054,0.156856E-01
1.56982,6.04289,0.210385E-01
1.57043,6.04524,0.742138E-02
1.57104,6.04759,-0.421015E-01
1.57166,6.04994,0.119201
1.57227,6.05229,0.121632E-01
1.57288,6.05464,-0.425831E-01
1.57349,6.05699,0.315238
1.57410,6.05934,0.322145E-01
1.57471,6.06169,-0.164956E-01
1.57532,6.06404,0.184975E-01
1.57593,6.06639,-0.304774E-01
1.57654,6.06874,-0.162276E-01
1.57715,6.07109,-0.304537E-01
1.57776,6.07344,0.145305
1.57837,6.07578,0.350001E-01
1.57898,6.07813,0.842446E-01
1.57959,6.08048,0.897311E-01
1.58020,6.08283,0.165386E-03
1.58081,6.08518,0.754652E-01
1.58142,6.08753,0.396199E-01
1.58203,6.08988,0.239187E-01
1.58264,6.09223,-0.255697E-01
1.58325,6.09458,0.546814E-01
1.58386,6.09693,0.831060E-01
1.58447,6.09928,-0.783719E-02
1.58508,6.10163,-0.137616
1.58569,6.10398,0.745289E-01
1.58630,6.10633,-0.234325E-01
1.58691,6.10868,-0.900144E-02
1.58752,6.11103,-0.726665E-03
1.58813,6.11338,-0.290952E-01
1.58875,6.11573,0.175704E-01
1.58936,6.11808,-0.158056
1.58997,6.12043,0.649175E-01
1.59058,6.12277,0.125800E-01
1.59119,6.12512,0.675952E-01
1.59180,6.12747,0.192038E-01
1.59241,6.12982,0.294561E-01
1.59302,6.13217,0.962900E-02
1.59363,6.13452,0.660779E-01
1.59424,6.13687,-0.101392
1.59485,6.13922,0.586398E-01
1.59546,6.14157,-0.149737
1.59607,6.14392,0.985472E-01
1.59668,6.14627,-0.118411
1.59729,6.14862,-0.305778E-01
1.59790,6.15097,0.271471E-01
1.59851,6.15332,0.239870E-01
1.59912,6.15567,0.764993E-01
1.59973,6.15802,-0.425990E-02
1.60034,6.16037,0.275989E-01
1.60095,6.16272,-0.377596E-01
1.60156,6.16507,-0.564207E-01
1.60217,6.16741,0.489122E-01
1.60278,6.16976,-0.538145E-01
1.60339,6.17211,0.180156E-03
1.60400,6.17446,0.101665
1.60461,6.17681,-0.459307E-01
1.60522,6.17916,-0.839647E-01
1.60583,6.18151,-0.124568E-02
1.60645,6.18386,0.877009E-01
1.60706,6.18621,0.558739E-02
1.60767,6.18856,-0.612239E-01
1.60828,6.19091,0.737151E-01
1.60889,6.19326,-0.326431E-01
1.60950,6.19561,0.302262E-02
1.61011,6.19796,0.579882E-02
1.61072,6.20031,-0.109699E-01
1.61133,6.20266,0.103526E-02
1.61194,6.20501,-0.946783E-02
1.61255,6.20736,-0.535830E-02
1.61316,6.20971,0.434850E-01
1.61377,6.21206,-0.182598E-01
1.61438,6.21440,0.108973E-01
1.61499,6.21675,0.571018E-02
1.61560,6.21910,0.785436E-03
1.61621,6.22145,0.423600E-01
1.61682,6.22380,0.141574E-01
1.61743,6.22615,0.859621E-02
1.61804,6.22850,0.593558E-01
1.61865,6.23085,0.772894E-01
1.61926,6.23320,-0.493162E-02
1.61987,6.23555,-0.201752E-02
1.62048,6.23790,0.643474E-01
1.62109,6.24025,-0.512642E-01
1.62170,6.24260,0.402761E-01
1.62231,6.24495,0.252784E-02
1.62292,6.24730,0.221572E-01
1.62354,6.24965,-0.114743E-01
1.62415,6.25200,-0.325476E-01
1.62476,6.25435,0.100662E-01
1.62537,6.25670,-0.224531E-01
1.62598,6.25905,0.411717E-01
1.62659,6.26139,0.163119E-01
1.62720,6.26374,-0.878813E-02
1.62781,6.26609,0.134779
1.62842,6.26844,0.239220
1.62903,6.27079,0.252313E-01
1.62964,6.27314,0.145045
1.63025,6.27549,-0.776441E-01
1.63086,6.27784,-0.168511E-01
1.63147,6.28019,-0.212599E-01
1.63208,6.28254,0.507028E-01
1.63269,6.28489,-0.287944E-01
1.63330,6.28724,-0.308523E-01
1.63391,6.28959,0.124436
1.63452,6.29194,0.108692
1.63513,6.29429,0.228208E-01
1.63574,6.29664,0.549748E-01
1.63635,6.29899,-0.142192E-01
1.63696,6.30134,0.991777E-01
1.63757,6.30369,0.870795E-01
1.63818,6.30603,0.257872
1.63879,6.30838,0.248305
1.63940,6.31073,0.639461E-02
1.64001,6.31308,0.883288E-01
1.64062,6.31543,-0.165384E-01
1.64124,6.31778,0.310727E-01
1.64185,6.32013,0.244235E-01
1.64246,6.32248,0.434566E-01
1.64307,6.32483,0.398184E-01
1.64368,6.32718,0.331851E-01
1.64429,6.32953,0.453954E-01
1.64490,6.33188,-0.138695E-01
1.64551,6.33423,-0.214536E-01
1.64612,6.33658,0.175561E-01
1.64673,6.33893,0.380573E-01
1.64734,6.34128,-0.210477E-01
1.64795,6.34363,-0.182702E-04
1.64856,6.34598,0.478062E-01
1.64917,6.34833,0.176350E-02
1.64978,6.35068,0.162174
1.65039,6.35302,-0.311998E-01
1.65100,6.35537,0.117543E-01
1.65161,6.35772,0.283279E-01
1.65222,6.36007,0.141030E-02
1.65283,6.36242,0.922043E-01
1.65344,6.36477,-0.214265E-01
1.65405,6.36712,-0.322973E-01
1.65466,6.36947,0.184759E-01
1.65527,6.37182,0.172058E-01
1.65588,6.37417,0.103086
1.65649,6.37652,0.506140E-01
1.65710,6.37887,0.391958E-01
1.65771,6.38122,-0.236062E-02
1.65833,6.38357,-0.112912E-01
1.65894,6.38592,0.508905E-01
1.65955,6.38827,0.233440E-01
1.66016,6.39062,0.133694E-01
1.66077,6.39297,0.127084E-02
1.66138,6.39532,0.162862
1.66199,6.39767,0.253972E-02
1.66260,6.40001,0.432997E-01
1.66321,6.40236,0.732992E-01
1.66382,6.40471,0.836138E-01
1.66443,6.40706,0.165128
1.66504,6.40941,-0.483404E-01
1.66565,6.41176,-0.149252E-02
1.66626,6.41411,0.140475E-01
1.66687,6.41646,0.224373E-01
1.66748,6.41881,0.181694E-02
1.66809,6.42116,-0.754200E-02
1.66870,6.42351,0.310755E-01
1.66931,6.42586,-0.494713E-02
1.66992,6.42821,0.264628E-01
1.67053,6.43056,0.685366E-01
1.67114,6.43291,-0.132498E-02
1.67175,6.43526,-0.282044E-01
1.67236,6.43761,0.409986E-01
1.67297,6.43996,0.122139
1.67358,6.44231,0.265586E-01
1.67419,6.44465,0.200695E-01
1.67480,6.44700,0.230790E-01
1.67542,6.44935,0.116519
1.67603,6.45170,-0.122927E-01
1.67664,6.45405,0.983127E-02
1.67725,6.45640,0.640433E-03
1.67786,6.45875,0.139850E-01
1.67847,6.46110,-0.292056E-01
1.67908,6.46345,0.147412E-01
1.67969,6.46580,0.920417E-01
1.68030,6.46815,0.254328E-03
1.68091,6.47050,0.211188E-01
1.68152,6.47285,-0.482910E-01
1.68213,6.47520,0.182076
1.68274,6.47755,-0.428510E-01
1.68335,6.47990,-0.106623E-01
1.68396,6.48225,0.501645E-01
1.68457,6.48460,-0.580363E-01
1.68518,6.48695,0.130925
1.68579,6.48930,0.303640E-01
1.68640,6.49164,-0.698907E-02
1.68701,6.49399,0.451122E-01
1.68762,6.49634,0.607087E-02
1.68823,6.49869,0.167958E-02
1.68884,6.50104,0.114092
1.68945,6.50339,-0.570479E-02
1.69006,6.50574,-0.135707E-02
1.69067,6.50809,0.891521E-03
1.69128,6.51044,0.840886E-01
1.69189,6.51279,0.945150E-01
1.69250,6.51514,-0.418874E-02
1.69312,6.51749,0.884552E-01
1.69373,6.51984,-0.540082E-01
1.69434,6.52219,-0.679891E-01
1.69495,6.52454,0.212953
1.69556,6.52689,0.754495E-01
1.69617,6.52924,0.572567E-01
1.69678,6.53159,0.129843E-01
1.69739,6.53394,0.808700E-01
1.69800,6.53629,0.180064E-01
1.69861,6.53863,0.916113E-01
1.69922,6.54098,0.641055E-01
1.69983,6.54333,0.334821E-01
1.70044,6.54568,0.380031E-01
1.70105,6.54803,-0.262082E-02
1.70166,6.55038,0.706861E-01
1.70227,6.55273,0.396354E-01
1.70288,6.55508,0.190717
1.70349,6.55743,0.667934E-01
1.70410,6.55978,0.179775
1.70471,6.56213,-0.133749E-01
1.70532,6.56448,-0.571778E-03
1.70593,6.56683,0.108732E-02
1.70654,6.56918,0.143109
1.70715,6.57153,-0.236434E-01
1.70776,6.57388,0.262767E-01
1.70837,6.57623,-0.146247
1.70898,6.57858,0.164658
1.70959,6.58093,-0.135792E-02
1.71021,6.58327,0.597215E-01
1.71082,6.58562,0.690539E-01
1.71143,6.58797,-0.186164E-01
1.71204,6.59032,0.312914E-01
1.71265,6.59267,-0.185974E-01
1.71326,6.59502,0.138187E-01
1.71387,6.59737,0.303378E-01
1.71448,6.59972,0.932951E-01
1.71509,6.60207,-0.138301E-01
1.71570,6.60442,-0.271314E-01
1.71631,6.60677,-0.630836E-01
1.71692,6.60912,-0.194378E-01
1.71753,6.61147,0.343521E-01
1.71814,6.61382,0.469033E-01
1.71875,6.61617,0.103752
1.71936,6.61852,0.147102
1.71997,6.62087,-0.500885E-01
1.72058,6.62322,-0.311961E-01
1.72119,6.62557,-0.764897E-01
1.72180,6.62792,0.132606E-01
1.72241,6.63026,-0.274954E-01
1.72302,6.63261,-0.177398E-01
1.72363,6.63496,0.870405E-01
1.72424,6.63731,0.100600E-02
1.72485,6.63966,0.348021E-02
1.72546,6.64201,0.540379E-01
1.72607,6.64436,-0.110694E-02
1.72668,6.64671,0.590434E-02
1.72729,6.64906,0.520468E-02
1.72791,6.65141,-0.979578E-02
1.72852,6.65376,-0.590011E-01
1.72913,6.65611,0.512661E-01
1.72974,6.65846,-0.757583E-01
1.73035,6.66081,0.366947E-01
1.73096,6.66316,0.197320E-01
1.73157,6.66551,-0.309033E-01
1.73218,6.66786,-0.126679E-01
1.73279,6.67021,0.766492E-01
1.73340,6.67256,0.795125E-01
1.73401,6.67491,0.962203E-01
1.73462,6.67725,0.876071E-01
1.73523,6.67960,-0.176476E-01
1.73584,6.68195,0.172380E-01
1.73645,6.68430,0.735292E-01
1.73706,6.68665,-0.154691E-01
1.73767,6.68900,0.225864E-01
1.73828,6.69135,-0.261402E-01
1.73889,6.69370,-0.286773E-01
1.73950,6.69605,-0.675094E-02
1.74011,6.69840,-0.426071E-01
1.74072,6.70075,-0.832054E-01
1.74133,6.70310,-0.712758E-02
1.74194,6.70545,0.899516E-02
1.74255,6.70780,-0.975344E-01
1.74316,6.71015,-0.763149E-02
1.74377,6.71250,0.584097E-01
1.74438,6.71485,0.355921E-02
1.74500,6.71720,0.168283
1.74561,6.71955,0.176727
1.74622,6.72189,-0.694275E-01
1.74683,6.72424,0.449412E-01
1.74744,6.72659,-0.521526E-02
1.74805,6.72894,0.130075
1.74866,6.73129,-0.546966E-02
1.74927,6.73364,-0.312036E-01
1.74988,6.73599,-0.190392E-02
1.75049,6.73834,0.151639E-01
1.75110,6.74069,-0.831679E-02
1.75171,6.74304,0.219709
1.75232,6.74539,0.217899E-01
1.75293,6.74774,-0.389165E-01
1.75354,6.75009,0.375605E-01
1.75415,6.75244,0.679816E-01
1.75476,6.75479,0.137532E-01
1.75537,6.75714,0.303382E-01
1.75598,6.75949,-0.451203E-02
1.75659,6.76184,-0.806875E-02
1.75720,6.76419,0.119630E-01
1.75781,6.76654,-0.107131
1.75842,6.76888,0.416964E-02
1.75903,6.77123,-0.387341E-01
1.75964,6.77358,0.107665
1.76025,6.77593,0.170546E-01
1.76086,6.77828,0.707430E-03
1.76147,6.78063,0.210703E-02
1.76208,6.78298,-0.155293E-01
1.76270,6.78533,0.105618
1.76331,6.78768,0.153856E-01
1.76392,6.79003,0.159017
1.76453,6.79238,0.783877E-01
1.76514,6.79473,-0.866250E-01
1.76575,6.79708,0.188689E-02
1.76636,6.79943,0.345366E-01
1.76697,6.80178,-0.116880E-01
1.76758,6.80413,-0.160963E-01
1.76819,6.80648,-0.635871E-02
1.76880,6.80883,-0.510571E-01
1.76941,6.81118,-0.111819
1.77002,6.81353,0.114544E-01
1.77063,6.81587,0.217994E-01
1.77124,6.81822,0.751053E-01
1.77185,6.82057,0.778590E-01
1.77246,6.82292,-0.160529E-02
1.77307,6.82527,-0.313586E-01
1.77368,6.82762,0.387013E-03
1.77429,6.82997,-0.754748E-02
1.77490,6.83232,-0.569172E-03
1.77551,6.83467,0.120420E-01
1.77612,6.83702,0.203528E-01
1.77673,6.83937,0.187040
1.77734,6.84172,-0.647248E-02
1.77795,6.84407,-0.191055E-01
1.77856,6.84642,0.377291E-01
1.77917,6.84877,0.143377
1.77979,6.85112,0.117819E-01
1.78040,6.85347,0.790394E-01
1.78101,6.85582,0.353273E-01
1.78162,6.85817,0.131058E-01
1.78223,6.86051,0.925668E-02
1.78284,6.86286,0.544909E-01
1.78345,6.86521,-0.346751E-01
1.78406,6.86756,-0.554804E-01
1.78467,6.86991,-0.390465E-01
1.78528,6.87226,0.549635E-01
1.78589,6.87461,0.626074E-02
1.78650,6.87696,0.270983E-01
1.78711,6.87931,0.194561E-01
1.78772,6.88166,0.290323E-02
1.78833,6.88401,0.112379
1.78894,6.88636,-0.152037E-01
1.78955,6.88871,-0.168858E-02
1.79016,6.89106,0.491021E-02
1.79077,6.89341,0.117740
1.79138,6.89576,-0.271288E-01
1.79199,6.89811,-0.280474E-01
1.79260,6.90046,-0.143544
1.79321,6.90281,-0.171433E-01
1.79382,6.90516,0.392283E-01
1.79443,6.90750,-0.307407E-02
1.79504,6.90985,0.376231E-01
1.79565,6.91220,-0.339046E-01
1.79626,6.91455,-0.167518E-01
1.79688,6.91690,0.125371
1.79749,6.91925,0.671961E-01
1.79810,6.92160,0.105468
1.79871,6.92395,-0.364147E-01
1.79932,6.92630,-0.169826E-02
1.79993,6.92865,-0.465120E-01
1.80054,6.93100,0.261647E-01
1.80115,6.93335,0.700755E-01
1.80176,6.93570,-0.497720E-01
1.80237,6.93805,0.280841E-01
1.80298,6.94040,0.685466E-01
1.80359,6.94275,0.130308E-01
1.80420,6.94510,-0.106197
1.80481,6.94745,0.436630E-01
1.80542,6.94980,-0.722417E-01
1.80603,6.95215,-0.105153E-01
1.80664,6.95449,-0.359042E-03
1.80725,6.95684,0.851020E-01
1.80786,6.95919,-0.663629E-01
1.80847,6.96154,-0.269913E-01
1.80908,6.96389,-0.338771E-01
1.80969,6.96624,-0.272473E-01
1.81030,6.96859,-0.789749E-01
1.81091,6.97094,0.297900E-01
1.81152,6.97329,-0.318523E-01
1.81213,6.97564,-0.977186E-01
1.81274,6.97799,0.124880E-01
1.81335,6.98034,0.325319E-02
1.81396,6.98269,0.379746E-01
1.81458,6.98504,0.471739E-01
1.81519,6.98739,0.393802E-01
1.81580,6.98974,0.407215E-01
1.81641,6.99209,-0.612196E-02
1.81702,6.99444,0.150454E-01
1.81763,6.99679,-0.304087E-01
1.81824,6.99913,0.337053E-02
1.81885,7.00148,-0.335625E-01
1.81946,7.00383,-0.621632E-01
1.82007,7.00618,-0.361441E-01
1.82068,7.00853,-0.185779E-02
1.82129,7.01088,-0.337667E-01
1.82190,7.01323,-0.684398E-01
1.82251,7.01558,0.407687E-01
1.82312,7.01793,-0.257358E-01
1.82373,7.02028,0.494071E-01
1.82434,7.02263,0.557040E-02
1.82495,7.02498,0.474170E-01
1.82556,7.02733,0.965383E-02
1.82617,7.02968,-0.135315
1.82678,7.03203,-0.141359E-01
1.82739,7.03438,-0.582228E-01
1.82800,7.03673,0.118607E-01
1.82861,7.03908,0.842895E-02
1.82922,7.04143,-0.127102E-01
1.82983,7.04378,0.702783E-01
1.83044,7.04612,-0.153129E-01
1.83105,7.04847,-0.164801E-01
1.83167,7.05082,0.232385E-01
1.83228,7.05317,0.190827E-02
1.83289,7.05552,0.338547E-01
1.83350,7.05787,0.712715E-02
1.83411,7.06022,-0.565173E-01
1.83472,7.06257,0.119175
1.83533,7.06492,0.192566E-01
1.83594,7.06727,0.326957E-01
1.83655,7.06962,-0.988077E-01
1.83716,7.07197,0.205591E-01
1.83777,7.07432,-0.414771E-01
1.83838,7.07667,-0.115096E-02
1.83899,7.07902,-0.491495E-01
1.83960,7.08137,-0.254586E-01
1.84021,7.08372,0.737167E-01
1.84082,7.08607,0.177667E-01
1.84143,7.08842,0.103707
1.84204,7.09077,-0.115172E-01
1.84265,7.09311,0.146607E-01
1.84326,7.09546,-0.281642E-01
1.84387,7.09781,0.929846E-02
1.84448,7.10016,0.372237E-01
1.84509,7.10251,0.730399E-01
1.84570,7.10486,0.389461E-01
1.84631,7.10721,0.375623E-02
1.84692,7.10956,0.152943E-01
1.84753,7.11191,0.938006E-02
1.84814,7.11426,-0.643623E-02
1.84875,7.11661,0.700948E-02
1.84937,7.11896,0.403317E-01
1.84998,7.12131,0.211740E-01
1.85059,7.12366,0.794160E-02
1.85120,7.12601,0.454774E-01
1.85181,7.12836,0.180884E-01
1.85242,7.13071,0.137304E-01
1.85303,7.13306,0.743186E-01
1.85364,7.13541,0.713907E-01
1.85425,7.13775,0.531617E-01
1.85486,7.14010,0.713173E-01
1.85547,7.14245,0.290626E-01
1.85608,7.14480,0.982972E-02
1.85669,7.14715,0.151508
1.85730,7.14950,0.344878E-01
1.85791,7.15185,-0.380961E-01
1.85852,7.15420,0.820035E-01
1.85913,7.15655,0.429592E-01
1.85974,7.15890,0.221217
1.86035,7.16125,0.133259E-01
1.86096,7.16360,0.786107E-01
1.86157,7.16595,-0.643471E-02
1.86218,7.16830,0.245222E-01
1.86279,7.17065,-0.117479
1.86340,7.17300,-0.383464E-01
1.86401,7.17535,0.651200E-01
1.86462,7.17770,0.271736E-02
1.86523,7.18005,0.102998E-02
1.86584,7.18240,0.521715E-01
1.86646,7.18474,0.583178E-01
1.86707,7.18709,-0.204624E-01
1.86768,7.18944,0.726400E-01
1.86829,7.19179,0.183552E-01
1.86890,7.19414,-0.230931E-02
1.86951,7.19649,0.848863E-01
1.87012,7.19884,0.310464E-01
1.87073,7.20119,0.441909E-01
1.87134,7.20354,0.437087E-02
1.87195,7.20589,0.226037E-01
1.87256,7.20824,0.133411E-01
1.87317,7.21059,0.103958
1.87378,7.21294,0.122392E-01
1.87439,7.21529,0.699455E-01
1.87500,7.21764,-0.160916E-02
1.87561,7.21999,0.485934E-01
1.87622,7.22234,0.708594E-02
1.87683,7.22469,0.118422E-01
1.87744,7.22704,0.844575E-01
1.87805,7.22939,0.670827E-01
1.87866,7.23173,0.109653E-01
1.87927,7.23408,0.106464
1.87988,7.23643,0.338059E-01
1.88049,7.23878,-0.522842E-01
1.88110,7.24113,-0.505346E-03
1.88171,7.24348,-0.114242E-02
1.88232,7.24583,-0.458819E-01
1.88293,7.24818,-0.470412E-01
1.88354,7.25053,0.130093E-01
1.88416,7.25288,0.174193
1.88477,7.25523,-0.107123E-02
1.88538,7.25758,-0.703925E-02
1.88599,7.25993,-0.256482E-01
1.88660,7.26228,0.889066E-01
1.88721,7.26463,0.102428
1.88782,7.26698,-0.610185E-01
1.88843,7.26933,0.673233E-01
1.88904,7.27168,0.164807E-02
1.88965,7.27403,0.172708
1.89026,7.27637,0.584057E-01
1.89087,7.27872,0.190363E-01
1.89148,7.28107,0.238792E-01
1.89209,7.28342,0.256323E-01
1.89270,7.28577,-0.196433E-01
1.89331,7.28812,0.194877E-01
1.89392,7.29047,0.140497E-02
1.89453,7.29282,-0.154241
1.89514,7.29517,-0.973471E-01
1.89575,7.29752,0.175515E-01
1.89636,7.29987,0.575799E-01
1.89697,7.30222,0.637171E-02
1.89758,7.30457,-0.110259E-01
1.89819,7.30692,0.745692E-01
1.89880,7.30927,0.939896E-01
1.89941,7.31162,-0.986902E-02
1.90002,7.31397,-0.394554E-01
1.90063,7.31632,-0.462907E-01
1.90125,7.31867,0.778855E-01
1.90186,7.32102,0.694711E-02
1.90247,7.32336,-0.290290E-02
1.90308,7.32571,0.266310E-01
1.90369,7.32806,0.119973E-01
1.90430,7.33041,-0.122099
1.90491,7.33276,0.400937E-01
1.90552,7.33511,0.617817E-01
1.90613,7.33746,0.355370E-01
1.90674,7.33981,-0.576238E-02
1.90735,7.34216,0.419691E-01
1.90796,7.34451,-0.355823E-01
1.90857,7.34686,-0.307155E-01
1.90918,7.34921,-0.586484E-03
1.90979,7.35156,0.414442E-02
1.91040,7.35391,0.684144E-01
1.91101,7.35626,0.871174E-01
1.91162,7.35861,0.616260E-01
1.91223,7.36096,0.214549E-01
1.91284,7.36331,0.217134E-01
1.91345,7.36566,0.225032E-01
1.91406,7.36801,0.553175E-01
1.91467,7.37035,-0.298767E-01
1.91528,7.37270,0.344589E-02
1.91589,7.37505,-0.953063E-01
1.91650,7.37740,0.123322
1.91711,7.37975,0.525785E-01
1.91772,7.38210,0.277810E-02
1.91833,7.38445,0.530808E-01
1.91895,7.38680,-0.173023E-01
1.91956,7.38915,0.571446E-01
1.92017,7.39150,0.250851E-01
1.92078,7.39385,-0.159549E-02
1.92139,7.39620,-0.212072E-01
1.92200,7.39855,0.252945E-01
1.92261,7.40090,-0.462056E-01
1.92322,7.40325,0.392768E-01
1.92383,7.40560,0.131856E-01
1.92444,7.40795,0.223850E-02
1.92505,7.41030,-0.376598E-01
1.92566,7.41265,-0.961884E-03
1.92627,7.41499,0.583273E-01
1.92688,7.41734,-0.162001E-01
1.92749,7.41969,0.539666E-01
1.92810,7.42204,0.261246E-02
1.92871,7.42439,0.933485E-01
1.92932,7.42674,0.434167E-01
1.92993,7.42909,0.506852E-03
1.93054,7.43144,0.148486
1.93115,7.43379,-0.629051E-01
1.93176,7.43614,0.282291E-01
1.93237,7.43849,0.155502E-01
1.93298,7.44084,0.232234E-01
1.93359,7.44319,0.516663E-01
1.93420,7.44554,-0.145897E-01
1.93481,7.44789,0.648633E-01
1.93542,7.45024,-0.218811E-01
1.93604,7.45259,-0.738748E-01
1.93665,7.45494,0.764319E-01
1.93726,7.45729,0.121232E-01
1.93787,7.45964,0.101144E-01
1.93848,7.46198,0.516459E-01
1.93909,7.46433,-0.276408E-01
1.93970,7.46668,0.109881E-02
1.94031,7.46903,0.141520E-01
1.94092,7.47138,-0.542772E-01
1.94153,7.47373,-0.196208E-01
1.94214,7.47608,0.568251E-02
1.94275,7.47843,0.341568E-01
1.94336,7.48078,0.992104E-02
1.94397,7.48313,0.142887
1.94458,7.48548,-0.850471E-02
1.94519,7.48783,-0.108344E-01
1.94580,7.49018,0.195760E-01
1.94641,7.49253,0.143939E-01
1.94702,7.49488,0.273523E-01
1.94763,7.49723,0.102525
1.94824,7.49958,0.166367E-02
1.94885,7.50193,0.211306
1.94946,7.50428,-0.337288E-01
1.95007,7.50663,0.942032E-02
1.95068,7.50897,0.203655E-01
1.95129,7.51132,-0.806384E-02
1.95190,7.51367,0.882719E-01
1.95251,7.51602,0.390348E-01
1.95312,7.51837,0.287957E-01
1.95374,7.52072,0.111667
1.95435,7.52307,0.324594E-01
1.95496,7.52542,-0.748588E-02
1.95557,7.52777,-0.379601E-01
1.95618,7.53012,0.457548E-01
1.95679,7.53247,-0.344301E-01
1.95740,7.53482,0.606630E-01
1.95801,7.53717,0.286404E-01
1.95862,7.53952,0.541315E-01
1.95923,7.54187,-0.821392E-01
1.95984,7.54422,-0.158347E-01
1.96045,7.54657,0.922787E-01
1.96106,7.54892,-0.272199E-01
1.96167,7.55127,0.454392E-01
1.96228,7.55361,0.674762E-01
1.96289,7.55596,0.105395
1.96350,7.55831,-0.231952E-01
1.96411,7.56066,0.421029E-02
1.96472,7.56301,-0.612603E-02
1.96533,7.56536,-0.209279E-02
1.96594,7.56771,-0.379663E-02
1.96655,7.57006,0.113587
1.96716,7.57241,0.361448E-01
1.96777,7.57476,0.326445E-01
1.96838,7.57711,0.655104E-01
1.96899,7.57946,0.109141
1.96960,7.58181,-0.216633E-01
1.97021,7.58416,-0.219563E-01
1.97083,7.58651,0.156052E-01
1.97144,7.58886,0.662550E-02
1.97205,7.59121,-0.529323E-02
1.97266,7.59356,-0.118930E-01
1.97327,7.59591,-0.188564E-01
1.97388,7.59826,-0.208791E-01
1.97449,7.60060,-0.532295E-01
1.97510,7.60295,0.677867E-01
1.97571,7.60530,0.407640E-01
1.97632,7.60765,0.654429E-01
1.97693,7.61000,0.235995E-01
1.97754,7.61235,0.340428E-01
1.97815,7.61470,0.797844E-01
1.97876,7.61705,0.387062E-01
1.97937,7.61940,-0.271511E-01
1.97998,7.62175,0.502339E-01
1.98059,7.62410,0.176033E-01
1.98120,7.62645,-0.117178E-02
1.98181,7.62880,0.105483
1.98242,7.63115,-0.658594E-02
1.98303,7.63350,0.282674E-01
1.98364,7.63585,0.371336E-01
1.98425,7.63820,-0.490817E-02
1.98486,7.64055,0.110283E-01
1.98547,7.64290,0.999584E-01
1.98608,7.64525,0.274688E-01
1.98669,7.64759,0.108454E-01
1.98730,7.64994,0.138938
1.98792,7.65229,0.176266
1.98853,7.65464,-0.366420E-01
1.98914,7.65699,-0.280831E-01
1.98975,7.65934,0.466888E-01
1.99036,7.66169,0.142242
1.99097,7.66404,-0.591699E-01
1.99158,7.66639,0.583338E-02
1.99219,7.66874,-0.620795E-01
1.99280,7.67109,-0.973529E-02
1.99341,7.67344,0.123149E-01
1.99402,7.67579,0.126870E-01
1.99463,7.67814,0.378344E-01
1.99524,7.68049,0.163565
1.99585,7.68284,0.866055E-01
1.99646,7.68519,0.101618E-01
1.99707,7.68754,-0.220383E-01
1.99768,7.68989,0.152875E-02
1.99829,7.69223,-0.499045E-01
1.99890,7.69458,-0.127001E-01
1.99951,7.69693,-0.811051E-03
2.00012,7.69928,0.105475E-01
2.00073,7.70163,0.395207E-01
2.00134,7.70398,-0.101844E-01
2.00195,7.70633,0.256808E-01
2.00256,7.70868,0.488488E-01
2.00317,7.71103,-0.206580E-01
2.00378,7.71338,-0.176055E-02
2.00439,7.71573,0.268689E-01
2.00500,7.71808,-0.516946E-01
2.00562,7.72043,0.203599E-01
2.00623,7.72278,0.732729E-01
2.00684,7.72513,-0.492961E-01
2.00745,7.72748,0.867986E-02
2.00806,7.72983,0.398190E-01
2.00867,7.73218,0.964000E-02
2.00928,7.73453,-0.111414E-01
2.00989,7.73688,0.225097E-01
2.01050,7.73922,0.654903E-02
2.01111,7.74157,0.198498E-01
2.01172,7.74392,-0.187126E-01
2.01233,7.74627,0.125762
2.01294,7.74862,-0.810087E-01
2.01355,7.75097,0.935134E-01
2.01416,7.75332,0.110646E-02
2.01477,7.75567,0.620925E-01
2.01538,7.75802,-0.379130E-01
2.01599,7.76037,0.975223E-02
2.01660,7.76272,0.462940E-01
2.01721,7.76507,0.989617E-01
2.01782,7.76742,0.224666E-01
2.01843,7.76977,0.411472E-01
2.01904,7.77212,0.694509E-01
2.01965,7.77447,-0.990153E-01
2.02026,7.77682,0.142843
2.02087,7.77917,0.716043E-01
2.02148,7.78152,-0.196643E-01
2.02209,7.78387,0.227693E-01
2.02271,7.78621,0.293540E-01
2.02332,7.78856,0.132043E-01
2.02393,7.79091,-0.287721E-01
2.02454,7.79326,-0.304271E-01
2.02515,7.79561,-0.505848E-01
2.02576,7.79796,0.478912E-01
2.02637,7.80031,0.132353
2.02698,7.80266,-0.329030E-01
2.02759,7.80501,-0.290702E-01
2.02820,7.80736,0.188465E-02
2.02881,7.80971,0.252211E-02
2.02942,7.81206,0.219824E-02
2.03003,7.81441,-0.315822E-02
2.03064,7.81676,-0.843392E-02
2.03125,7.81911,0.199763
2.03186,7.82146,0.136213
2.03247,7.82381,-0.546281E-01
2.03308,7.82616,-0.345239E-01
2.03369,7.82851,-0.350794E-01
2.03430,7.83085,0.583803E-01
2.03491,7.83320,0.216240E-01
2.03552,7.83555,-0.996244E-02
2.03613,7.83790,-0.654824E-01
2.03674,7.84025,-0.764395E-02
2.03735,7.84260,0.741606E-01
2.03796,7.84495,0.892692E-01
2.03857,7.84730,0.883110E-02
2.03918,7.84965,0.566319E-01
2.03979,7.85200,0.441598E-01
2.04041,7.85435,-0.171733E-01
2.04102,7.85670,-0.435827E-01
2.04163,7.85905,-0.688601E-01
2.04224,7.86140,0.261521E-01
2.04285,7.86375,0.296845E-01
2.04346,7.86610,0.655810E-01
2.04407,7.86845,0.246855E-01
2.04468,7.87080,-0.478622E-02
2.04529,7.87315,0.105718
2.04590,7.87550,0.331674E-01
2.04651,7.87784,-0.145203E-03
2.04712,7.88019,0.402137E-01
2.04773,7.88254,0.981523E-01
2.04834,7.88489,0.668637E-01
2.04895,7.88724,0.233381E-01
2.04956,7.88959,0.581865E-01
2.05017,7.89194,-0.352921E-01
2.05078,7.89429,-0.247071E-01
2.05139,7.89664,0.187773E-01
2.05200,7.89899,0.439953E-01
2.05261,7.90134,0.111183
2.05322,7.90369,0.229847E-01
2.05383,7.90604,0.406763E-01
2.05444,7.90839,0.582197E-01
2.05505,7.91074,-0.372792E-02
2.05566,7.91309,0.984112E-01
2.05627,7.91544,-0.832252E-02
2.05688,7.91779,0.222148E-01
2.05750,7.92014,-0.808517E-02
2.05811,7.92249,0.148865
2.05872,7.92483,-0.346900E-01
2.05933,7.92718,0.254453E-01
2.05994,7.92953,0.638481E-01
2.06055,7.93188,0.793477E-02
2.06116,7.93423,0.486487E-02
2.06177,7.93658,-0.554590E-01
2.06238,7.93893,0.340397E-01
2.06299,7.94128,0.157754E-01
2.06360,7.94363,0.174293E-01
2.06421,7.94598,0.231163E-01
2.06482,7.94833,0.178145E-01
2.06543,7.95068,0.107168
2.06604,7.95303,-0.786435E-02
2.06665,7.95538,0.123015E-01
2.06726,7.95773,-0.165697E-01
2.06787,7.96008,-0.196694E-02
2.06848,7.96243,-0.211834E-01
2.06909,7.96478,0.167523E-01
2.06970,7.96713,0.396036E-01
2.07031,7.96947,0.277223E-02
2.07092,7.97182,-0.997153E-02
2.07153,7.97417,0.158352E-01
2.07214,7.97652,0.261157E-02
2.07275,7.97887,0.166859
2.07336,7.98122,0.149680E-01
2.07397,7.98357,-0.167895E-01
2.07458,7.98592,0.754671E-01
2.07520,7.98827,0.680946E-01
2.07581,7.99062,0.543775E-01
2.07642,7.99297,0.936211E-01
2.07703,7.99532,0.314928E-01
2.07764,7.99767,-0.465700E-01
2.07825,8.00002,0.116361
2.07886,8.00237,0.845140E-01
2.07947,8.00472,0.199567E-01
2.08008,8.00707,0.336904E-01
2.08069,8.00942,-0.106619E-01
2.08130,8.01177,0.701176E-02
2.08191,8.01412,-0.149106E-01
2.08252,8.01646,0.190240E-01
2.08313,8.01881,-0.100015
2.08374,8.02116,-0.308112E-01
2.08435,8.02351,0.157733
2.08496,8.02586,-0.351266E-01
2.08557,8.02821,0.347946E-01
2.08618,8.03056,0.367654E-01
2.08679,8.03291,-0.298387E-01
2.08740,8.03526,-0.522977E-02
2.08801,8.03761,0.116135
2.08862,8.03996,-0.124404E-02
2.08923,8.04231,0.564630E-02
2.08984,8.04466,0.362503E-01
2.09045,8.04701,-0.954698E-02
2.09106,8.04936,0.851054E-01
2.09167,8.05171,0.738533E-01
2.09229,8.05406,-0.500354E-01
2.09290,8.05641,0.231255E-01
2.09351,8.05876,0.400931E-01
2.09412,8.06111,0.884803E-01
2.09473,8.06345,0.178825E-01
2.09534,8.06580,0.240276E-01
2.09595,8.06815,-0.985831E-02
2.09656,8.07050,0.454912E-01
2.09717,8.07285,-0.166090E-02
2.09778,8.07520,0.262671E-02
2.09839,8.07755,0.719141E-01
2.09900,8.07990,0.694363E-01
2.09961,8.08225,0.514141E-01
2.10022,8.08460,0.276753E-01
2.10083,8.08695,0.828187E-01
2.10144,8.08930,-0.331893E-02
2.10205,8.09165,0.377555E-02
2.10266,8.09400,0.344571E-02
2.10327,8.09635,0.976768E-03
2.10388,8.09870,0.488787E-01
2.10449,8.10105,0.219865E-01
2.10510,8.10340,0.121018E-02
2.10571,8.10575,0.151809E-01
2.10632,8.10809,0.353933E-01
2.10693,8.11044,0.315762E-01
2.10754,8.11279,-0.447740E-01
2.10815,8.11514,0.305800E-01
2.10876,8.11749,-0.829463E-01
2.10938,8.11984,-0.909771E-01
2.10999,8.12219,-0.870081E-01
2.11060,8.12454,-0.570190E-01
2.11121,8.12689,0.601158E-01
2.11182,8.12924,0.217580E-01
2.11243,8.13159,0.105356E-01
2.11304,8.13394,0.112586
2.11365,8.13629,0.439183E-01
2.11426,8.13864,0.407017E-01
2.11487,8.14099,0.233157E-01
2.11548,8.14334,-0.500007E-01
2.11609,8.14569,0.470314E-01
2.11670,8.14804,-0.200968E-01
2.11731,8.15039,0.495896E-01
2.11792,8.15274,-0.356994E-01
2.11853,8.15508,0.581574E-01
2.11914,8.15743,-0.463661E-01
2.11975,8.15978,0.288687E-01
2.12036,8.16213,0.141045E-01
2.12097,8.16448,0.665838E-01
2.12158,8.16683,0.162122E-01
2.12219,8.16918,-0.273892E-01
2.12280,8.17153,-0.391299E-01
2.12341,8.17388,0.616483E-01
2.12402,8.17623,-0.542509E-02
2.12463,8.17858,0.665370E-02
2.12524,8.18093,0.683652E-01
2.12585,8.18328,-0.128537E-01
2.12646,8.18563,0.733962E-02
2.12708,8.18798,0.417393E-01
2.12769,8.19033,0.683719E-01
2.12830,8.19268,0.354104E-01
2.12891,8.19503,0.429483E-01
2.12952,8.19738,-0.525603E-01
2.13013,8.19973,-0.476443E-02
2.13074,8.20207,-0.316779E-01
2.13135,8.20442,0.457603E-02
2.13196,8.20677,0.848365E-01
2.13257,8.20912,-0.386322E-02
2.13318,8.21147,0.134309E-01
2.13379,8.21382,-0.625470E-01
2.13440,8.21617,-0.378579E-01
2.13501,8.21852,0.133722E-01
2.13562,8.22087,0.160485
2.13623,8.22322,0.136243E-01
2.13684,8.22557,0.272494E-01
2.13745,8.22792,0.117782
2.13806,8.23027,-0.295988E-01
2.13867,8.23262,0.922969E-01
2.13928,8.23497,0.723555E-01
2.13989,8.23732,0.976588E-01
2.14050,8.23967,0.237513E-01
2.14111,8.24202,-0.738227E-01
2.14172,8.24437,-0.305822E-01
2.14233,8.24671,0.679065E-03
2.14294,8.24906,-0.171177E-01
2.14355,8.25141,0.344291E-01
2.14417,8.25376,-0.678750E-02
2.14478,8.25611,-0.325486E-01
2.14539,8.25846,-0.512627E-01
2.14600,8.26081,-0.718666E-02
2.14661,8.26316,0.391234E-01
2.14722,8.26551,0.937402E-02
2.14783,8.26786,0.185783E-01
2.14844,8.27021,-0.283761E-01
2.14905,8.27256,-0.482661E-03
2.14966,8.27491,0.500306E-01
2.15027,8.27726,0.404278E-01
2.15088,8.27961,0.173863E-01
2.15149,8.28196,-0.128452E-02
2.15210,8.28431,0.650289E-02
2.15271,8.28666,0.378959E-01
2.15332,8.28901,0.181472
2.15393,8.29136,0.106166
2.15454,8.29370,0.183879E-01
2.15515,8.29605,0.125916E-01
2.15576,8.29840,-0.318129E-01
2.15637,8.30075,0.279877E-01
2.15698,8.30310,-0.121467E-01
2.15759,8.30545,0.611406E-01
2.15820,8.30780,0.195384E-01
2.15881,8.31015,0.133237
2.15942,8.31250,0.429255E-02
2.16003,8.31485,0.269750E-01
2.16064,8.31720,0.106446E-01
2.16125,8.31955,0.111624
2.16187,8.32190,0.288611E-01
2.16248,8.32425,0.145890E-01
2.16309,8.32660,0.121586
2.16370,8.32895,0.554365E-02
2.16431,8.33130,-0.108015E-01
2.16492,8.33365,0.330810E-01
2.16553,8.33600,0.203331E-01
2.16614,8.33835,0.396934E-01
2.16675,8.34069,0.156337E-01
2.16736,8.34304,-0.231361E-01
2.16797,8.34539,-0.706586E-02
2.16858,8.34774,-0.169632E-01
2.16919,8.35009,-0.331759E-01
2.16980,8.35244,0.416777E-01
2.17041,8.35479,0.664331E-01
2.17102,8.35714,0.740483E-01
2.17163,8.35949,0.633483E-01
2.17224,8.36184,0.804610E-01
2.17285,8.36419,0.177206
2.17346,8.36654,-0.119156E-01
2.17407,8.36889,-0.141649E-01
2.17468,8.37124,-0.118904E-02
2.17529,8.37359,-0.168328
2.17590,8.37594,-0.502741E-02
2.17651,8.37829,-0.453230E-02
2.17712,8.38064,0.276031E-01
2.17773,8.38299,0.152498E-01
2.17834,8.38533,0.401667
2.17896,8.38768,0.102904E-03
2.17957,8.39003,0.733048E-01
2.18018,8.39238,-0.108233E-01
2.18079,8.39473,0.221372E-01
2.18140,8.39708,-0.477988E-01
2.18201,8.39943,0.323699E-01
2.18262,8.40178,-0.597871E-02
2.18323,8.40413,-0.301954E-01
2.18384,8.40648,-0.737347E-02
2.18445,8.40883,0.143562E-01
2.18506,8.41118,0.514445E-01
2.18567,8.41353,0.149928
2.18628,8.41588,0.244329E-01
2.18689,8.41823,0.124059
2.18750,8.42058,-0.431311E-02
2.18811,8.42293,0.776018E-01
2.18872,8.42528,-0.306542E-01
2.18933,8.42763,0.124075
2.18994,8.42998,-0.168303
2.19055,8.43232,0.111154E-02
2.19116,8.43467,0.749403E-01
2.19177,8.43702,0.294359E-01
2.19238,8.43937,0.285532E-02
2.19299,8.44172,-0.100847
2.19360,8.44407,0.204295E-02
2.19421,8.44642,-0.414383E-01
2.19482,8.44877,0.524764E-01
2.19543,8.45112,-0.322836E-01
2.19604,8.45347,-0.186231E-01
2.19666,8.45582,-0.303840E-01
2.19727,8.45817,-0.251227E-01
2.19788,8.46052,0.478785E-01
2.19849,8.46287,0.174419
2.19910,8.46522,-0.423247E-01
2.19971,8.46757,-0.244537E-01
2.20032,8.46992,0.437122E-01
2.20093,8.47227,-0.220523E-01
2.20154,8.47462,0.312623E-01
2.20215,8.47697,-0.120064E-01
2.20276,8.47931,-0.322904E-01
2.20337,8.48166,0.445669E-01
2.20398,8.48401,-0.104753
2.20459,8.48636,0.436728E-01
2.20520,8.48871,0.108464
2.20581,8.49106,0.472817E-02
2.20642,8.49341,0.421171E-01
2.20703,8.49576,0.192572E-01
2.20764,8.49811,-0.675627E-01
2.20825,8.50046,0.322029E-02
2.20886,8.50281,-0.798087E-01
2.20947,8.50516,0.225530E-02
2.21008,8.50751,0.700147E-02
2.21069,8.50986,0.171279E-01
2.21130,8.51221,0.418343E-01
2.21191,8.51456,-0.194243E-01
2.21252,8.51691,0.897546E-03
2.21313,8.51926,-0.402720E-02
2.21375,8.52161,-0.197003E-01
2.21436,8.52395,0.686313E-01
2.21497,8.52630,0.416419E-01
2.21558,8.52865,0.149692
2.21619,8.53100,0.625197E-02
2.21680,8.53335,-0.329923E-01
2.21741,8.53570,-0.207174E-01
2.21802,8.53805,-0.378064E-02
2.21863,8.54040,0.208001E-02
2.21924,8.54275,-0.260642E-02
2.21985,8.54510,-0.358161E-01
2.22046,8.54745,0.250559E-01
2.22107,8.54980,0.699637E-01
2.22168,8.55215,0.115194E-01
2.22229,8.55450,-0.256965E-01
2.22290,8.55685,0.194755E-01
2.22351,8.55920,0.390230E-02
2.22412,8.56155,0.148602E-02
2.22473,8.56390,0.812128E-03
2.22534,8.56625,0.594031E-01
2.22595,8.56860,0.104177E-01
2.22656,8.57094,0.981281E-02
2.22717,8.57329,0.551453E-02
2.22778,8.57564,0.129307E-01
2.22839,8.57799,0.843326E-02
2.22900,8.58034,-0.928501E-02
2.22961,8.58269,-0.256051E-02
2.23022,8.58504,-0.555521E-01
2.23083,8.58739,0.132114E-01
2.23145,8.58974,-0.343952E-01
2.23206,8.59209,-0.332091E-01
2.23267,8.59444,0.171838E-01
2.23328,8.59679,0.562471E-01
2.23389,8.59914,0.111292E-01
2.23450,8.60149,0.149069E-01
2.23511,8.60384,0.148650E-02
2.23572,8.60619,0.125785E-01
2.23633,8.60854,0.202855E-01
2.23694,8.61089,0.356638E-01
2.23755,8.61324,-0.709833E-02
2.23816,8.61558,0.864493E-02
2.23877,8.61793,0.184402E-01
2.23938,8.62028,0.584108E-01
2.23999,8.62263,0.424472E-01
2.24060,8.62498,-0.443410E-02
2.24121,8.62733,0.229906E-01
2.24182,8.62968,-0.491196E-01
2.24243,8.63203,0.934070E-01
2.24304,8.63438,0.232340E-02
2.24365,8.63673,0.750372E-02
2.24426,8.63908,0.485731E-01
2.24487,8.64143,-0.625702E-01
2.24548,8.64378,-0.469428E-02
2.24609,8.64613,0.516328E-01
2.24670,8.64848,0.158502
2.24731,8.65083,0.161869E-01
2.24792,8.65318,0.247248E-01
2.24854,8.65553,0.984992E-01
2.24915,8.65788,-0.258635E-01
2.24976,8.66023,0.185536E-01
2.25037,8.66257,0.117024E-01
2.25098,8.66492,0.114175E-04
2.25159,8.66727,-0.788473E-02
2.25220,8.66962,0.447677E-01
2.25281,8.67197,-0.101451E-01
2.25342,8.67432,0.138900
2.25403,8.67667,-0.929404E-01
2.25464,8.67902,0.757221E-01
2.25525,8.68137,0.399306E-01
2.25586,8.68372,0.125138
2.25647,8.68607,0.317071E-01
2.25708,8.68842,0.706452E-01
2.25769,8.69077,0.628828E-01
2.25830,8.69312,0.553357E-01
2.25891,8.69547,0.897150E-01
2.25952,8.69782,0.512766E-01
2.26013,8.70017,0.194526E-01
2.26074,8.70252,0.797519E-02
2.26135,8.70487,-0.609379E-01
2.26196,8.70722,-0.228653E-01
2.26257,8.70956,-0.250352E-01
2.26318,8.71191,-0.348573E-01
2.26379,8.71426,0.829120E-01
2.26440,8.71661,-0.671040E-02
2.26501,8.71896,0.667563E-01
2.26562,8.72131,0.100054E-02
2.26624,8.72366,0.359557E-01
2.26685,8.72601,-0.781943E-02
2.26746,8.72836,-0.243742E-01
2.26807,8.73071,-0.930289E-02
2.26868,8.73306,-0.144234E-01
2.26929,8.73541,-0.117475E-01
2.26990,8.73776,0.225484E-01
2.27051,8.74011,0.363949E-01
2.27112,8.74246,0.980508E-01
2.27173,8.74481,0.112825E-01
2.27234,8.74716,-0.135061E-02
2.27295,8.74951,-0.764348E-01
2.27356,8.75186,0.378813E-01
2.27417,8.75420,0.400475E-01
2.27478,8.75655,0.518126E-02
2.27539,8.75890,0.646264E-02
2.27600,8.76125,0.283318E-01
2.27661,8.76360,0.514009E-02
2.27722,8.76595,0.187720E-02
2.27783,8.76830,-0.316482E-01
2.27844,8.77065,-0.289306E-01
2.27905,8.77300,0.559822E-02
2.27966,8.77535,0.474728E-01
2.28027,8.77770,0.132070E-01
2.28088,8.78005,0.255841E-01
2.28149,8.78240,0.317917E-01
2.28210,8.78475,0.640460E-01
2.28271,8.78710,-0.796116E-02
2.28333,8.78945,-0.294206E-01
2.28394,8.79180,-0.601057E-01
2.28455,8.79415,-0.534745E-02
2.28516,8.79650,0.564993E-01
2.28577,8.79885,-0.198533E-01
2.28638,8.80119,0.103815E-01
2.28699,8.80354,0.150572E-01
2.28760,8.80589,-0.425074E-03
2.28821,8.80824,0.176039E-01
2.28882,8.81059,-0.494366E-01
2.28943,8.81294,0.190083E-01
2.29004,8.81529,0.792472E-01
2.29065,8.81764,0.124017
2.29126,8.81999,0.390239E-01
2.29187,8.82234,0.180491E-01
2.29248,8.82469,0.487337E-01
2.29309,8.82704,0.248247
2.29370,8.82939,0.125265E-01
2.29431,8.83174,-0.522588E-01
2.29492,8.83409,-0.405414E-01
2.29553,8.83644,-0.202284E-02
2.29614,8.83879,-0.116751E-01
2.29675,8.84114,-0.683527E-01
2.29736,8.84349,0.222864E-01
2.29797,8.84584,0.109595
2.29858,8.84818,0.354625E-01
2.29919,8.85053,0.163288E-01
2.29980,8.85288,-0.837775E-01
2.30042,8.85523,0.242394E-01
2.30103,8.85758,-0.152277E-01
2.30164,8.85993,-0.122873E-01
2.30225,8.86228,-0.421813E-02
2.30286,8.86463,0.243121E-01
2.30347,8.86698,0.240563E-01
2.30408,8.86933,0.779205E-01
2.30469,8.87168,-0.963533E-01
2.30530,8.87403,-0.161784E-01
2.30591,8.87638,-0.260435E-01
2.30652,8.87873,-0.341021E-01
2.30713,8.88108,-0.136291E-01
2.30774,8.88343,0.348121E-01
2.30835,8.88578,0.767410E-01
2.30896,8.88813,0.366874E-01
2.30957,8.89048,0.384361E-01
2.31018,8.89282,0.199541E-01
2.31079,8.89517,0.745531E-01
2.31140,8.89752,0.671575E-01
2.31201,8.89987,0.517650E-01
2.31262,8.90222,-0.372938E-02
2.31323,8.90457,0.256328
2.31384,8.90692,0.562287E-02
2.31445,8.90927,-0.111623
2.31506,8.91162,-0.139440E-01
2.31567,8.91397,0.590447E-02
2.31628,8.91632,-0.460572E-01
2.31689,8.91867,-0.235492E-03
2.31750,8.92102,-0.141462E-01
2.31812,8.92337,0.272909E-01
2.31873,8.92572,-0.107945E-01
2.31934,8.92807,0.964076E-02
2.31995,8.93042,0.255330E-01
2.32056,8.93277,0.328532E-01
2.32117,8.93512,-0.171606E-02
2.32178,8.93747,-0.701629E-01
2.32239,8.93981,0.137583
2.32300,8.94216,0.660168E-02
2.32361,8.94451,-0.407551E-02
2.32422,8.94686,-0.126169E-01
2.32483,8.94921,-0.310453E-01
2.32544,8.95156,0.209708E-01
2.32605,8.95391,0.782986E-01
2.32666,8.95626,0.941833E-01
2.32727,8.95861,0.149244
2.32788,8.96096,0.665383E-01
2.32849,8.96331,0.657737E-01
2.32910,8.96566,0.557921E-01
2.32971,8.96801,0.331595E-01
2.33032,8.97036,-0.209757E-02
2.33093,8.97271,-0.101195E-01
2.33154,8.97506,-0.172579E-03
2.33215,8.97741,0.937380E-01
2.33276,8.97976,0.858302E-01
2.33337,8.98211,0.750857E-01
2.33398,8.98446,0.135836E-01
2.33459,8.98680,0.109713E-01
2.33521,8.98915,0.200754E-01
2.33582,8.99150,-0.690601E-01
2.33643,8.99385,0.168748
2.33704,8.99620,0.212667E-01
2.33765,8.99855,0.942361E-02
2.33826,9.00090,0.124490E-02
2.33887,9.00325,-0.118181E-01
2.33948,9.00560,0.804350E-01
2.34009,9.00795,-0.176955
2.34070,9.01030,0.584741E-01
2.34131,9.01265,0.142220
2.34192,9.01500,-0.680246E-03
2.34253,9.01735,0.149994
2.34314,9.01970,0.726690E-01
2.34375,9.02205,-0.233239E-01
2.34436,9.02440,0.140148
2.34497,9.02675,-0.378622E-01
2.34558,9.02910,0.248743E-01
2.34619,9.03144,0.978649E-01
2.34680,9.03379,-0.466340E-01
2.34741,9.03614,-0.121756E-01
2.34802,9.03849,0.134726
2.34863,9.04084,0.471750E-04
2.34924,9.04319,-0.806187E-01
2.34985,9.04554,-0.394226E-01
2.35046,9.04789,-0.801461E-01
2.35107,9.05024,0.142717E-01
2.35168,9.05259,0.116888E-01
2.35229,9.05494,0.240727E-01
2.35291,9.05729,0.104913
2.35352,9.05964,0.236181E-01
2.35413,9.06199,0.751658E-02
2.35474,9.06434,0.382314E-01
2.35535,9.06669,-0.741713E-01
2.35596,9.06904,0.491063E-02
2.35657,9.07139,-0.116005E-01
2.35718,9.07374,0.260990E-01
2.35779,9.07609,-0.901809E-02
2.35840,9.07843,0.196826
2.35901,9.08078,-0.355687E-01
2.35962,9.08313,0.474238E-02
2.36023,9.08548,-0.764508E-02
2.36084,9.08783,0.253281E-01
2.36145,9.09018,-0.627663E-01
2.36206,9.09253,-0.586480E-02
2.36267,9.09488,-0.418265E-01
2.36328,9.09723,-0.923133E-02
2.36389,9.09958,-0.765042E-01
2.36450,9.10193,-0.196171E-01
2.36511,9.10428,0.164320E-01
2.36572,9.10663,-0.366793E-01
2.36633,9.10898,-0.923115E-03
2.36694,9.11133,-0.841169E-02
2.36755,9.11368,0.153095
2.36816,9.11603,0.207956E-01
2.36877,9.11838,-0.227662E-01
2.36938,9.12073,0.521043E-01
2.37000,9.12308,-0.153948
2.37061,9.12542,0.115187
2.37122,9.12777,0.983245E-02
2.37183,9.13012,-0.451087E-01
2.37244,9.13247,-0.297498E-01
2.37305,9.13482,-0.546773E-01
2.37366,9.13717,0.723740E-02
2.37427,9.13952,-0.557602E-01
2.37488,9.14187,-0.382218E-02
2.37549,9.14422,0.178469
2.37610,9.14657,0.947169E-02
2.37671,9.14892,0.109677E-01
2.37732,9.15127,-0.293640E-01
2.37793,9.15362,-0.434643E-02
2.37854,9.15597,-0.728843E-01
2.37915,9.15832,0.239697E-01
2.37976,9.16067,0.791993E-01
2.38037,9.16302,0.633419E-01
2.38098,9.16537,-0.591306E-01
2.38159,9.16772,-0.371270E-01
2.38220,9.17006,0.460088E-01
2.38281,9.17241,-0.150959E-01
2.38342,9.17476,0.654308E-01
2.38403,9.17711,0.270450E-01
2.38464,9.17946,0.227520E-01
2.38525,9.18181,0.800632E-01
2.38586,9.18416,-0.160342E-01
2.38647,9.18651,0.352193E-01
2.38708,9.18886,-0.166475E-03
2.38770,9.19121,-0.389157E-01
2.38831,9.19356,-0.290004E-01
2.38892,9.19591,0.400320E-02
2.38953,9.19826,-0.307126E-02
2.39014,9.20061,-0.377398E-01
2.39075,9.20296,0.280441
2.39136,9.20531,0.441730E-01
2.39197,9.20766,-0.664776E-01
2.39258,9.21001,0.244517E-03
2.39319,9.21236,0.349754E-01
2.39380,9.21471,0.681300E-01
2.39441,9.21705,0.236038E-01
2.39502,9.21940,0.671857E-01
2.39563,9.22175,0.124465
2.39624,9.22410,0.584432E-01
2.39685,9.22645,-0.290717E-02
2.39746,9.22880,0.353438E-01
2.39807,9.23115,-0.242860E-01
2.39868,9.23350,0.612279E-01
2.39929,9.23585,-0.141244E-01
2.39990,9.23820,0.928721E-02
2.40051,9.24055,0.568248E-02
2.40112,9.24290,-0.872512E-02
2.40173,9.24525,0.404469E-02
2.40234,9.24760,-0.268386E-01
2.40295,9.24995,-0.563861E-02
2.40356,9.25230,0.336951E-01
2.40417,9.25465,0.354997E-01
2.40479,9.25700,-0.215088E-01
2.40540,9.25935,-0.106233E-01
2.40601,9.26170,-0.820769E-02
2.40662,9.26404,0.393443E-01
2.40723,9.26639,0.295212E-01
2.40784,9.26874,0.429670E-02
2.40845,9.27109,0.202078E-01
2.40906,9.27344,0.342595E-01
2.40967,9.27579,-0.250575E-01
2.41028,9.27814,-0.126464E-01
2.41089,9.28049,0.196954E-01
2.41150,9.28284,0.416280E-01
2.41211,9.28519,-0.872070E-02
2.41272,9.28754,0.111954
2.41333,9.28989,-0.793326E-02
2.41394,9.29224,0.379635E-02
2.41455,9.29459,0.901196E-01
2.41516,9.29694,-0.412648E-01
2.41577,9.29929,-0.745383E-01
2.41638,9.30164,-0.262448E-01
2.41699,9.30399,0.274463E-01
2.41760,9.30634,0.626746E-02
2.41821,9.30868,0.735330E-02
2.41882,9.31103,0.892682E-01
2.41943,9.31338,0.362642E-01
2.42004,9.31573,0.178927E-01
2.42065,9.31808,0.690637E-01
2.42126,9.32043,0.875111E-01
2.42188,9.32278,-0.225509E-01
2.42249,9.32513,0.776617E-01
2.42310,9.32748,0.109631E-01
2.42371,9.32983,-0.104772
2.42432,9.33218,0.759101E-02
2.42493,9.33453,-0.214509E-01
2.42554,9.33688,0.227287E-01
2.42615,9.33923,0.905378E-01
2.42676,9.34158,-0.121532E-01
2.42737,9.34393,-0.910383E-02
2.42798,9.34628,0.236033E-01
2.42859,9.34863,-0.729683E-01
2.42920,9.35098,0.994128E-02
2.42981,9.35333,-0.167689E-01
2.43042,9.35567,-0.332985E-01
2.43103,9.35802,0.169620E-01
2.43164,9.36037,0.444674E-01
2.43225,9.36272,0.106098E-01
2.43286,9.36507,0.200955E-02
2.43347,9.36742,-0.415475E-02
2.43408,9.36977,0.403325E-01
2.43469,9.37212,-0.104503E-01
2.43530,9.37447,0.101905
2.43591,9.37682,0.768391E-02
2.43652,9.37917,0.608901E-01
2.43713,9.38152,0.261037E-01
2.43774,9.38387,0.531716E-01
2.43835,9.38622,-0.272399E-02
2.43896,9.38857,0.112153E-01
2.43958,9.39092,0.275080E-01
2.44019,9.39327,0.726198E-01
2.44080,9.39562,0.233392E-01
2.44141,9.39797,-0.108649E-02
2.44202,9.40032,0.797118E-02
2.44263,9.40266,-0.833852E-02
2.44324,9.40501,-0.237862E-01
2.44385,9.40736,0.116019E-01
2.44446,9.40971,-0.129800E-01
2.44507,9.41206,0.305815E-01
2.44568,9.41441,-0.296848E-01
2.44629,9.41676,-0.116912E-01
2.44690,9.41911,0.167599E-02
2.44751,9.42146,0.877079E-01
2.44812,9.42381,0.171455E-01
2.44873,9.42616,-0.695980E-02
2.44934,9.42851,0.160445E-01
2.44995,9.43086,0.127633E-01
2.45056,9.43321,0.128604
2.45117,9.43556,0.352465E-01
2.45178,9.43791,0.102474E-01
2.45239,9.44026,-0.357327E-01
2.45300,9.44261,0.895018E-01
2.45361,9.44496,-0.382147E-03
2.45422,9.44730,0.117205E-01
2.45483,9.44965,-0.173905E-01
2.45544,9.45200,0.877427E-01
2.45605,9.45435,-0.284971E-02
2.45667,9.45670,0.969842E-02
2.45728,9.45905,0.421111E-02
2.45789,9.46140,-0.470192E-02
2.45850,9.46375,-0.461382E-01
2.45911,9.46610,0.377373E-01
2.45972,9.46845,0.962181E-01
2.46033,9.47080,0.188293E-01
2.46094,9.47315,-0.224229E-01
2.46155,9.47550,-0.550463E-02
2.46216,9.47785,0.728276E-03
2.46277,9.48020,0.132948
2.46338,9.48255,-0.114754
2.46399,9.48490,-0.191012E-01
2.46460,9.48725,0.520162E-01
2.46521,9.48960,-0.308678E-02
2.46582,9.49195,-0.516976E-02
2.46643,9.49429,-0.325919E-01
2.46704,9.49664,0.103433
2.46765,9.49899,0.188176
2.46826,9.50134,-0.465817E-01
2.46887,9.50369,-0.506862E-01
2.46948,9.50604,0.284067E-01
2.47009,9.50839,0.869848E-02
2.47070,9.51074,-0.187598E-01
2.47131,9.51309,0.161317E-01
2.47192,9.51544,0.472426E-01
2.47253,9.51779,0.453252E-03
2.47314,9.52014,0.621504E-01
2.47375,9.52249,0.116890E-01
2.47437,9.52484,-0.693989E-02
2.47498,9.52719,-0.228696E-02
2.47559,9.52954,-0.532971E-02
2.47620,9.53189,-0.298316E-01
2.47681,9.53424,0.180875E-01
2.47742,9.53659,0.293695E-01
2.47803,9.53894,-0.179564E-01
2.47864,9.54128,0.627704E-01
2.47925,9.54363,-0.872417E-02
2.47986,9.54598,0.559413E-01
2.48047,9.54833,-0.557614E-01
2.48108,9.55068,0.169327E-01
2.48169,9.55303,-0.213039E-01
2.48230,9.55538,-0.102019E-01
2.48291,9.55773,0.646496E-01
2.48352,9.56008,0.114479
2.48413,9.56243,0.463756E-01
2.48474,9.56478,0.221969E-02
2.48535,9.56713,0.429815E-01
2.48596,9.56948,0.621075E-02
2.48657,9.57183,-0.535317E-02
2.48718,9.57418,0.144156E-02
2.48779,9.57653,-0.465639E-01
2.48840,9.57888,-0.456322E-01
2.48901,9.58123,0.293507E-01
2.48962,9.58358,0.698150E-02
2.49023,9.58592,0.791324E-02
2.49084,9.58827,-0.569103E-01
2.49146,9.59062,0.754823E-03
2.49207,9.59297,0.984998E-02
2.49268,9.59532,0.778520E-02
2.49329,9.59767,0.173516E-02
2.49390,9.60002,0.157175
2.49451,9.60237,-0.217605E-01
2.49512,9.60472,-0.323127E-01
2.49573,9.60707,-0.244092E-01
2.49634,9.60942,-0.216909E-02
2.49695,9.61177,0.387383E-01
2.49756,9.61412,-0.100211E-01
2.49817,9.61647,0.655870E-01
2.49878,9.61882,0.412274E-02
2.49939,9.62117,-0.644328E-03
2.50000,9.62352,-0.346276E-01
2.50061,9.62587,-0.470484E-02
2.50122,9.62822,0.260472E-01
2.50183,9.63057,-0.152833
2.50244,9.63291,-0.410928E-01
2.50305,9.63526,0.195687E-01
2.50366,9.63761,-0.930535E-01
2.50427,9.63996,-0.718871E-02
2.50488,9.64231,0.396766E-02
2.50549,9.64466,0.273060E-01
2.50610,9.64701,-0.287115E-01
2.50671,9.64936,0.371387E-02
2.50732,9.65171,0.935686E-01
2.50793,9.65406,0.331034E-01
2.50854,9.65641,0.266132E-02
2.50916,9.65876,0.375723E-02
2.50977,9.66111,0.114463E-01
2.51038,9.66346,-0.217048E-01
2.51099,9.66581,0.470690E-01
2.51160,9.66816,0.835090E-02
2.51221,9.67051,0.125585
2.51282,9.67286,0.355386E-02
2.51343,9.67521,0.850422E-01
2.51404,9.67756,0.247884E-01
2.51465,9.67990,0.815699E-01
2.51526,9.68225,0.598907E-01
2.51587,9.68460,-0.664993E-01
2.51648,9.68695,0.781017E-01
2.51709,9.68930,-0.710383E-02
2.51770,9.69165,-0.179695E-01
2.51831,9.69400,0.746967E-02
2.51892,9.69635,0.126016E-01
2.51953,9.69870,0.459169E-01
2.52014,9.70105,-0.899287E-03
2.52075,9.70340,-0.292486E-02
2.52136,9.70575,0.775194E-03
2.52197,9.70810,-0.701387E-02
2.52258,9.71045,0.222582E-01
2.52319,9.71280,-0.832423E-02
2.52380,9.71515,0.463084E-01
2.52441,9.71750,0.512480E-01
2.52502,9.71985,-0.262313E-01
2.52563,9.72220,-0.705789E-01
2.52625,9.72454,-0.130420E-01
2.52686,9.72689,-0.204545
2.52747,9.72924,-0.322427E-01
2.52808,9.73159,-0.589215E-02
2.52869,9.73394,-0.225140E-01
2.52930,9.73629,-0.302803E-03
2.52991,9.73864,0.270396E-02
2.53052,9.74099,0.403230E-01
2.53113,9.74334,0.118664
2.53174,9.74569,0.266411E-01
2.53235,9.74804,0.153570E-01
2.53296,9.75039,0.253430E-01
2.53357,9.75274,0.437039E-01
2.53418,9.75509,0.157189E-01
2.53479,9.75744,-0.152512
2.53540,9.75979,0.355915E-02
2.53601,9.76214,-0.467287E-02
2.53662,9.76449,0.213307E-01
2.53723,9.76684,0.493240E-01
2.53784,9.76919,-0.222293E-02
2.53845,9.77153,0.241610E-01
2.53906,9.77388,0.180048E-01
2.53967,9.77623,0.310476E-01
2.54028,9.77858,0.764657E-02
2.54089,9.78093,0.504684E-01
2.54150,9.78328,0.111997E-01
2.54211,9.78563,0.135591E-01
2.54272,9.78798,0.460963E-01
2.54333,9.79033,-0.195288E-01
2.54395,9.79268,-0.550685E-01
2.54456,9.79503,-0.680507E-01
2.54517,9.79738,0.103121
2.54578,9.79973,0.107233E-01
2.54639,9.80208,0.176823E-01
2.54700,9.80443,-0.444251E-01
2.54761,9.80678,-0.114374E-01
2.54822,9.80913,-0.523526E-02
2.54883,9.81148,0.310815E-01
2.54944,9.81383,0.271780E-02
2.55005,9.81618,-0.376373E-01
2.55066,9.81852,0.904718E-01
2.55127,9.82087,0.207839E-01
2.55188,9.82322,-0.179411E-01
2.55249,9.82557,0.357940E-02
2.55310,9.82792,0.167837E-01
2.55371,9.83027,0.118420E-01
2.55432,9.83262,0.177558E-01
2.55493,9.83497,0.134004
2.55554,9.83732,0.286299E-01
2.55615,9.83967,-0.147408E-01
2.55676,9.84202,-0.359835E-01
2.55737,9.84437,0.111479
2.55798,9.84672,-0.431749E-01
2.55859,9.84907,0.154825
2.55920,9.85142,-0.102781E-01
2.55981,9.85377,-0.157027E-01
2.56042,9.85612,-0.225672E-02
2.56104,9.85847,0.184596E-01
2.56165,9.86082,0.164050E-02
2.56226,9.86316,0.124205E-01
2.56287,9.86551,0.676297E-01
2.56348,9.86786,0.175746E-01
2.56409,9.87021,-0.569587E-02
2.56470,9.87256,0.497206E-01
2.56531,9.87491,0.206679E-02
2.56592,9.87726,-0.208984E-01
2.56653,9.87961,0.579672E-02
2.56714,9.88196,-0.197051E-01
2.56775,9.88431,-0.122262E-02
2.56836,9.88666,-0.283454E-01
2.56897,9.88901,0.102674E-02
2.56958,9.89136,0.493945E-01
2.57019,9.89371,0.151455
2.57080,9.89606,-0.130292
2.57141,9.89841,0.311090E-02
2.57202,9.90076,-0.571990E-02
2.57263,9.90311,0.973093E-01
2.57324,9.90546,0.263832E-01
2.57385,9.90781,0.102054E-01
2.57446,9.91015,0.911155E-01
2.57507,9.91250,-0.243194E-01
2.57568,9.91485,0.404796E-01
2.57629,9.91720,0.312524E-01
2.57690,9.91955,-0.194548E-02
2.57751,9.92190,0.321291E-01
2.57812,9.92425,-0.568134E-01
2.57874,9.92660,0.157930E-02
2.57935,9.92895,-0.278119E-01
2.57996,9.93130,0.167899E-01
2.58057,9.93365,0.788587E-01
2.58118,9.93600,0.404240E-01
2.58179,9.93835,0.333668E-01
2.58240,9.94070,0.482616E-01
2.58301,9.94305,0.259938
2.58362,9.94540,0.280218E-02
2.58423,9.94775,0.117226
2.58484,9.95010,0.161809
2.58545,9.95245,-0.350515E-01
2.58606,9.95480,0.396055E-01
2.58667,9.95714,0.829220E-03
2.58728,9.95949,0.644997E-01
2.58789,9.96184,0.158854E-01
2.58850,9.96419,-0.741614E-01
2.58911,9.96654,0.254001E-01
2.58972,9.96889,0.114288E-01
2.59033,9.97124,0.144697
2.59094,9.97359,0.180071E-01
2.59155,9.97594,0.503087E-01
2.59216,9.97829,0.634264E-02
2.59277,9.98064,-0.782322E-02
2.59338,9.98299,0.218503E-01
2.59399,9.98534,0.940117E-01
2.59460,9.98769,-0.743889E-02
2.59521,9.99004,0.445246E-01
2.59583,9.99239,0.205368E-01
2.59644,9.99474,-0.495587E-02
2.59705,9.99709,0.515047E-01
2.59766,9.99944,0.821434E-02
2.59827,10.0018,0.447328E-01
2.59888,10.0041,0.516062E-01
2.59949,10.0065,0.234851E-03
2.60010,10.0088,0.171565E-02
2.60071,10.0112,0.184303E-01
2.60132,10.0135,-0.653244E-01
2.60193,10.0159,0.251657E-01
2.60254,10.0182,-0.130177E-01
2.60315,10.0206,-0.962017E-02
2.60376,10.0229,-0.665633E-01
2.60437,10.0253,-0.131100E-01
2.60498,10.0276,-0.173869E-02
2.60559,10.0300,0.179721E-01
2.60620,10.0323,0.117029E-01
2.60681,10.0347,0.768738E-02
2.60742,10.0370,0.515787E-01
2.60803,10.0394,0.632613E-01
2.60864,10.0417,0.193492E-01
2.60925,10.0441,0.682989E-02
2.60986,10.0464,0.363990E-01
2.61047,10.0488,0.230138E-02
2.61108,10.0511,0.128149E-01
2.61169,10.0535,0.247971E-01
2.61230,10.0558,-0.177771E-01
2.61292,10.0582,0.701433E-01
2.61353,10.0605,0.128062E-01
2.61414,10.0629,0.102393
2.61475,10.0652,0.156960E-01
2.61536,10.0676,0.874720E-01
2.61597,10.0699,0.629764E-01
2.61658,10.0723,0.125203
2.61719,10.0746,0.609480E-01
2.61780,10.0770,0.775997E-01
2.61841,10.0793,-0.771760E-01
2.61902,10.0817,-0.590169E-04
2.61963,10.0840,0.156386
2.62024,10.0864,-0.567994E-01
2.62085,10.0887,0.310718E-01
2.62146,10.0911,-0.246867E-01
2.62207,10.0934,-0.139841E-01
2.62268,10.0958,-0.605939E-01
2.62329,10.0981,0.403616E-02
2.62390,10.1005,-0.607954E-01
2.62451,10.1028,-0.113739E-02
2.62512,10.1052,0.899370E-02
2.62573,10.1075,0.704799E-01
2.62634,10.1099,-0.249244E-01
2.62695,10.1122,-0.287000E-01
2.62756,10.1146,0.912744E-02
2.62817,10.1169,0.326182E-01
2.62878,10.1193,-0.710683E-01
2.62939,10.1216,0.789489E-01
2.63000,10.1240,0.137224E-01
2.63062,10.1263,0.315945E-01
2.63123,10.1287,0.547889E-01
2.63184,10.1310,0.755159E-02
2.63245,10.1334,-0.785794E-01
2.63306,10.1357,0.430754E-01
2.63367,10.1381,0.914369E-02
2.63428,10.1404,0.982345E-01
2.63489,10.1428,0.551619E-01
2.63550,10.1451,0.358595E-02
2.63611,10.1475,0.504770E-02
2.63672,10.1498,0.749677E-02
2.63733,10.1522,-0.612582E-01
2.63794,10.1545,0.230712E-01
2.63855,10.1569,-0.483236E-02
2.63916,10.1592,0.491971E-01
2.63977,10.1616,0.933578E-02
2.64038,10.1639,-0.370302E-02
2.64099,10.1662,0.601393E-01
2.64160,10.1686,0.438554E-01
2.64221,10.1709,-0.132200E-01
2.64282,10.1733,0.117582
2.64343,10.1756,0.130860
2.64404,10.1780,-0.143611E-01
2.64465,10.1803,0.547672E-01
2.64526,10.1827,-0.445351E-02
2.64587,10.1850,-0.855956E-01
2.64648,10.1874,0.249546E-01
2.64709,10.1897,-0.211958E-01
2.64771,10.1921,0.154698E-01
2.64832,10.1944,-0.997345E-01
2.64893,10.1968,0.632455E-02
2.64954,10.1991,-0.121901E-01
2.65015,10.2015,0.123142
2.65076,10.2038,0.862232E-02
2.65137,10.2062,-0.599181E-01
2.65198,10.2085,0.794734E-01
2.65259,10.2109,0.687158E-02
2.65320,10.2132,0.822260E-04
2.65381,10.2156,-0.171447E-01
2.65442,10.2179,-0.238153E-01
2.65503,10.2203,0.209460E-01
2.65564,10.2226,-0.594138E-03
2.65625,10.2250,0.195051E-01
2.65686,10.2273,0.978295E-01
2.65747,10.2297,0.224498E-01
2.65808,10.2320,0.265520E-02
2.65869,10.2344,0.168256E-01
2.65930,10.2367,0.523114E-01
2.65991,10.2391,-0.326688E-01
2.66052,10.2414,0.671315E-01
2.66113,10.2438,0.160240E-01
2.66174,10.2461,-0.288471E-01
2.66235,10.2485,0.865208E-02
2.66296,10.2508,0.398210E-02
2.66357,10.2532,0.149193
2.66418,10.2555,0.511404E-01
2.66479,10.2579,0.828900E-01
2.66541,10.2602,-0.612574E-03
2.66602,10.2626,-0.316326E-01
2.66663,10.2649,-0.489487E-01
2.66724,10.2673,0.752151E-01
2.66785,10.2696,-0.205951E-01
2.66846,10.2720,-0.586575E-01
2.66907,10.2743,0.425759E-02
2.66968,10.2767,-0.646689E-02
2.67029,10.2790,0.319453E-01
2.67090,10.2814,-0.392807E-01
2.67151,10.2837,0.276129E-01
2.67212,10.2861,-0.182231E-02
2.67273,10.2884,-0.115743E-01
2.67334,10.2908,0.236463E-01
2.67395,10.2931,0.165439E-01
2.67456,10.2955,0.285150E-02
2.67517,10.2978,0.177412
2.67578,10.3002,0.274407E-01
2.67639,10.3025,-0.496609E-02
2.67700,10.3049,-0.976705E-02
2.67761,10.3072,0.915671E-01
2.67822,10.3096,0.100125E-01
2.67883,10.3119,0.950577E-04
2.67944,10.3143,-0.198816E-01
2.68005,10.3166,0.242646E-01
2.68066,10.3190,0.485449E-01
2.68127,10.3213,0.339800E-01
2.68188,10.3237,-0.884200E-02
2.68250,10.3260,0.972981E-01
2.68311,10.3284,-0.640561E-01
2.68372,10.3307,0.715649E-02
2.68433,10.3331,-0.208029E-01
2.68494,10.3354,-0.440307E-01
2.68555,10.3378,0.805756E-01
2.68616,10.3401,0.157828E-01
2.68677,10.3425,-0.237846E-01
2.68738,10.3448,0.556768E-01
2.68799,10.3472,-0.476394E-02
2.68860,10.3495,-0.169341E-01
2.68921,10.3519,-0.687916E-01
2.68982,10.3542,0.300492E-01
2.69043,10.3566,0.852189E-02
2.69104,10.3589,0.123884
2.69165,10.3613,-0.405837E-02
2.69226,10.3636,0.121936E-01
2.69287,10.3660,-0.998004E-02
2.69348,10.3683,0.148600E-01
2.69409,10.3707,-0.149166E-02
2.69470,10.3730,0.193114E-02
2.69531,10.3754,0.762466E-03
2.69592,10.3777,-0.187930E-01
2.69653,10.3801,-0.111285E-02
2.69714,10.3824,0.936886E-01
2.69775,10.3848,0.815746E-02
2.69836,10.3871,-0.357453E-01
2.69897,10.3895,0.208890E-01
2.69958,10.3918,-0.289350E-02
2.70020,10.3941,0.369271E-02
2.70081,10.3965,0.347133E-01
2.70142,10.3988,0.324164E-02
2.70203,10.4012,0.858963E-02
2.70264,10.4035,0.719207E-01
2.70325,10.4059,-0.688530E-01
2.70386,10.4082,0.982963E-02
2.70447,10.4106,0.317414E-02
2.70508,10.4129,0.561105E-01
2.70569,10.4153,-0.416063E-01
2.70630,10.4176,0.637172E-01
2.70691,10.4200,-0.581028E-01
2.70752,10.4223,0.210787E-01
2.70813,10.4247,0.984520E-03
2.70874,10.4270,0.893192E-01
2.70935,10.4294,0.469636E-01
2.70996,10.4317,0.590283E-01
2.71057,10.4341,0.495048E-02
2.71118,10.4364,0.509698E-02
2.71179,10.4388,-0.189669E-01
2.71240,10.4411,-0.185449E-01
2.71301,10.4435,0.665345E-01
2.71362,10.4458,0.185834E-01
2.71423,10.4482,0.181245E-01
2.71484,10.4505,0.216146E-01
2.71545,10.4529,0.729106E-01
2.71606,10.4552,0.323923E-01
2.71667,10.4576,0.308286E-01
2.71729,10.4599,-0.147228
2.71790,10.4623,-0.499384E-01
2.71851,10.4646,0.469090E-02
2.71912,10.4670,-0.157589E-01
2.71973,10.4693,0.274076E-01
2.72034,10.4717,-0.321744E-02
2.72095,10.4740,0.368647E-01
2.72156,10.4764,0.769132E-01
2.72217,10.4787,0.128781E-01
2.72278,10.4811,-0.615942E-01
2.72339,10.4834,-0.332642E-01
2.72400,10.4858,-0.250364E-01
2.72461,10.4881,-0.123686E-01
2.72522,10.4905,-0.816353E-01
2.72583,10.4928,0.497587E-01
2.72644,10.4952,0.177233E-02
2.72705,10.4975,-0.919825E-02
2.72766,10.4999,0.189060E-01
2.72827,10.5022,0.637472E-01
2.72888,10.5046,0.399084E-02
2.72949,10.5069,0.390714E-01
2.73010,10.5093,0.946766E-02
2.73071,10.5116,-0.205646E-01
2.73132,10.5140,0.515125E-01
2.73193,10.5163,-0.584838E-01
2.73254,10.5187,-0.253439E-01
2.73315,10.5210,-0.215325E-02
2.73376,10.5234,0.102063
2.73438,10.5257,0.248890E-01
2.73499,10.5281,0.345273E-01
2.73560,10.5304,0.105115E-01
2.73621,10.5328,-0.881419E-02
2.73682,10.5351,0.103289E-01
2.73743,10.5375,0.321899E-01
2.73804,10.5398,-0.196980E-01
2.73865,10.5422,0.223988E-01
2.73926,10.5445,0.241486E-01
2.73987,10.5469,0.300092E-03
2.74048,10.5492,0.347080E-01
2.74109,10.5516,0.642740E-01
2.74170,10.5539,-0.179430E-01
2.74231,10.5563,0.370244E-01
2.74292,10.5586,0.236610E-01
2.74353,10.5610,-0.493525E-03
2.74414,10.5633,-0.264500E-01
2.74475,10.5657,-0.319884E-01
2.74536,10.5680,-0.182598E-01
2.74597,10.5704,0.255758E-01
2.74658,10.5727,-0.138279E-01
2.74719,10.5751,0.339493E-02
2.74780,10.5774,0.107469
2.74841,10.5798,0.946054E-02
2.74902,10.5821,0.610586E-01
2.74963,10.5845,0.103435
2.75024,10.5868,-0.328884E-01
2.75085,10.5892,0.290065E-01
2.75146,10.5915,0.246586E-01
2.75208,10.5939,0.985150E-02
2.75269,10.5962,-0.308729E-02
2.75330,10.5986,-0.307437E-03
2.75391,10.6009,0.917511E-01
2.75452,10.6033,-0.259774E-01
2.75513,10.6056,-0.400341E-01
2.75574,10.6080,0.692311E-01
2.75635,10.6103,-0.491800E-01
2.75696,10.6127,-0.868045E-01
2.75757,10.6150,-0.423363E-01
2.75818,10.6174,-0.334863E-01
2.75879,10.6197,-0.275155E-01
2.75940,10.6221,0.635331E-01
2.76001,10.6244,0.919855E-02
2.76062,10.6267,0.155227E-01
2.76123,10.6291,0.122358
2.76184,10.6314,0.676382E-01
2.76245,10.6338,-0.121753E-01
2.76306,10.6361,0.187230E-01
2.76367,10.6385,0.151738E-02
2.76428,10.6408,0.220265E-01
2.76489,10.6432,-0.709034E-01
2.76550,10.6455,0.458110E-02
2.76611,10.6479,0.725024E-01
2.76672,10.6502,0.184277E-01
2.76733,10.6526,0.589635E-01
2.76794,10.6549,0.122571
2.76855,10.6573,0.972498E-01
2.76917,10.6596,0.359390E-01
2.76978,10.6620,0.192532E-01
2.77039,10.6643,0.211571E-01
2.77100,10.6667,0.366148E-01
2.77161,10.6690,0.763422E-01
2.77222,10.6714,0.162511E-01
2.77283,10.6737,-0.913158E-02
2.77344,10.6761,-0.182673E-01
2.77405,10.6784,0.327747E-01
2.77466,10.6808,0.275659E-01
2.77527,10.6831,0.788998E-01
2.77588,10.6855,0.429577E-01
2.77649,10.6878,0.103423
2.77710,10.6902,0.348843E-01
2.77771,10.6925,0.967383E-02
2.77832,10.6949,0.106503E-01
2.77893,10.6972,-0.161594E-01
2.77954,10.6996,0.548871E-02
2.78015,10.7019,-0.126613E-01
2.78076,10.7043,0.591415E-01
2.78137,10.7066,0.221443E-01
2.78198,10.7090,0.627536E-01
2.78259,10.7113,0.862156E-02
2.78320,10.7137,0.278609E-02
2.78381,10.7160,0.158453E-01
2.78442,10.7184,0.967391E-02
2.78503,10.7207,0.191667E-01
2.78564,10.7231,-0.211473E-01
2.78625,10.7254,-0.540782E-01
2.78687,10.7278,0.376907E-01
2.78748,10.7301,0.191298E-01
2.78809,10.7325,-0.437283E-01
2.78870,10.7348,-0.784530E-01
2.78931,10.7372,0.343810E-01
2.78992,10.7395,0.570588E-01
2.79053,10.7419,0.118037E-01
2.79114,10.7442,0.394123E-01
2.79175,10.7466,-0.415396E-01
2.79236,10.7489,0.906157E-02
2.79297,10.7513,0.972818E-01
2.79358,10.7536,0.306360E-01
2.79419,10.7560,0.136867E-01
2.79480,10.7583,0.661241E-01
2.79541,10.7607,0.740344E-01
2.79602,10.7630,-0.375558E-01
2.79663,10.7654,0.172714E-01
2.79724,10.7677,-0.125716E-01
2.79785,10.7701,-0.560129E-02
2.79846,10.7724,-0.321473E-01
2.79907,10.7748,-0.424885E-01
2.79968,10.7771,0.221638E-01
2.80029,10.7795,0.168256E-01
2.80090,10.7818,-0.192145E-01
2.80151,10.7842,-0.188057E-01
2.80212,10.7865,0.520072E-01
2.80273,10.7889,0.905823E-02
2.80334,10.7912,0.175831E-01
2.80396,10.7936,-0.693321E-01
2.80457,10.7959,0.752876E-02
2.80518,10.7983,-0.270878E-02
2.80579,10.8006,0.183836E-01
2.80640,10.8030,0.404383E-01
2.80701,10.8053,0.493168E-01
2.80762,10.8077,0.591405E-02
2.80823,10.8100,0.232415E-02
2.80884,10.8124,0.193824E-02
2.80945,10.8147,0.212601E-02
2.81006,10.8171,0.390260E-01
2.81067,10.8194,0.167206E-01
2.81128,10.8218,0.114315
2.81189,10.8241,-0.666304E-02
2.81250,10.8265,-0.688442E-02
2.81311,10.8288,0.487360E-01
2.81372,10.8312,-0.409388E-02
2.81433,10.8335,0.691846E-02
2.81494,10.8359,0.110524
2.81555,10.8382,0.157132E-01
2.81616,10.8406,0.395481E-01
2.81677,10.8429,-0.887355E-01
2.81738,10.8453,-0.317650E-01
2.81799,10.8476,-0.324256E-02
2.81860,10.8500,0.506036E-01
2.81921,10.8523,-0.528629E-02
2.81982,10.8547,0.535017E-01
2.82043,10.8570,0.964619E-01
2.82104,10.8593,-0.367385E-01
2.82166,10.8617,-0.196827E-01
2.82227,10.8640,0.156184
2.82288,10.8664,0.116898
2.82349,10.8687,-0.984238E-02
2.82410,10.8711,0.628229E-02
2.82471,10.8734,0.350649E-01
2.82532,10.8758,0.259029E-01
2.82593,10.8781,-0.306084E-01
2.82654,10.8805,0.147903E-01
2.82715,10.8828,0.424538E-02
2.82776,10.8852,0.486077E-01
2.82837,10.8875,0.118165
2.82898,10.8899,-0.814800E-01
2.82959,10.8922,-0.160374E-01
2.83020,10.8946,0.296438E-01
2.83081,10.8969,0.646809E-01
2.83142,10.8993,0.191627E-01
2.83203,10.9016,0.451445E-01
2.83264,10.9040,-0.106247E-02
2.83325,10.9063,-0.478435E-01
2.83386,10.9087,0.272004E-02
2.83447,10.9110,-0.401349E-01
2.83508,10.9134,-0.605333E-01
2.83569,10.9157,-0.144140
2.83630,10.9181,0.208493
2.83691,10.9204,0.122404E-01
2.83752,10.9228,0.251715E-01
2.83813,10.9251,-0.201716E-01
2.83875,10.9275,-0.110294E-01
2.83936,10.9298,0.164633E-02
2.83997,10.9322,-0.700860E-01
2.84058,10.9345,-0.198473E-01
2.84119,10.9369,-0.597890E-01
2.84180,10.9392,-0.386612E-02
2.84241,10.9416,0.295352E-01
2.84302,10.9439,-0.758660E-01
2.84363,10.9463,0.188482
2.84424,10.9486,0.133369E-01
2.84485,10.9510,-0.964502E-02
2.84546,10.9533,0.288765E-01
2.84607,10.9557,0.264785E-01
2.84668,10.9580,-0.770118E-02
2.84729,10.9604,0.182265
2.84790,10.9627,-0.910060E-01
2.84851,10.9651,0.725069E-02
2.84912,10.9674,0.624598E-02
2.84973,10.9698,-0.271800E-01
2.85034,10.9721,-0.269167E-01
2.85095,10.9745,0.124638
2.85156,10.9768,0.664236E-01
2.85217,10.9792,-0.657860E-02
2.85278,10.9815,0.229745E-01
2.85339,10.9839,0.469677E-01
2.85400,10.9862,-0.338490E-02
2.85461,10.9886,-0.114634E-01
2.85522,10.9909,-0.334836E-02
2.85583,10.9933,-0.200748E-01
2.85645,10.9956,0.286699E-01
2.85706,10.9980,0.269290E-01
2.85767,11.0003,-0.346121E-01
2.85828,11.0027,0.419280E-02
2.85889,11.0050,-0.794973E-02
2.85950,11.0074,0.730968E-01
2.86011,11.0097,-0.100419E-02
2.86072,11.0121,-0.232672E-01
2.86133,11.0144,0.556769E-02
2.86194,11.0168,0.968691E-04
2.86255,11.0191,-0.705828E-03
2.86316,11.0215,-0.236730E-01
2.86377,11.0238,0.370693E-02
2.86438,11.0262,-0.483838E-01
2.86499,11.0285,-0.376579E-02
2.86560,11.0309,0.499903E-01
2.86621,11.0332,0.534316E-01
2.86682,11.0356,0.201914E-01
2.86743,11.0379,0.541321E-01
2.86804,11.0403,-0.390890E-01
2.86865,11.0426,0.514081E-01
2.86926,11.0450,0.110311E-03
2.86987,11.0473,0.129452E-01
2.87048,11.0497,0.649844E-02
2.87109,11.0520,0.641030E-02
2.87170,11.0544,0.153447E-02
2.87231,11.0567,0.207621E-01
2.87292,11.0591,0.619303E-01
2.87354,11.0614,-0.199371E-01
2.87415,11.0638,-0.299492E-01
2.87476,11.0661,-0.402311E-01
2.87537,11.0685,-0.172637E-01
2.87598,11.0708,-0.742834E-02
2.87659,11.0732,0.310785E-01
2.87720,11.0755,0.174076E-01
2.87781,11.0779,-0.727296E-01
2.87842,11.0802,0.199380E-02
2.87903,11.0826,0.748144E-01
2.87964,11.0849,0.745913E-01
2.88025,11.0872,0.580394E-01
2.88086,11.0896,0.348025E-01
2.88147,11.0919,0.569080E-02
2.88208,11.0943,0.395222E-01
2.88269,11.0966,-0.245198E-01
2.88330,11.0990,0.564564E-01
2.88391,11.1013,-0.339038E-01
2.88452,11.1037,-0.223101E-02
2.88513,11.1060,0.216233E-01
2.88574,11.1084,0.109214
2.88635,11.1107,0.884972E-01
2.88696,11.1131,-0.119133E-01
2.88757,11.1154,0.702163E-02
2.88818,11.1178,0.138163
2.88879,11.1201,-0.660955E-02
2.88940,11.1225,-0.642827E-02
2.89001,11.1248,0.710444E-01
2.89062,11.1272,-0.629559E-01
2.89124,11.1295,0.119117E-01
2.89185,11.1319,0.281876E-02
2.89246,11.1342,0.283348E-02
2.89307,11.1366,0.359245E-01
2.89368,11.1389,0.818509E-01
2.89429,11.1413,0.264326E-01
2.89490,11.1436,0.237011E-01
2.89551,11.1460,0.504126E-01
2.89612,11.1483,-0.679839E-01
2.89673,11.1507,-0.172241E-01
2.89734,11.1530,0.971033E-01
2.89795,11.1554,0.891878E-01
2.89856,11.1577,-0.297057E-02
2.89917,11.1601,-0.139987E-02
2.89978,11.1624,0.122772E-01
2.90039,11.1648,0.195041E-01
2.90100,11.1671,0.172222E-01
2.90161,11.1695,-0.206948E-01
2.90222,11.1718,-0.864662E-01
2.90283,11.1742,-0.983290E-02
2.90344,11.1765,0.332253E-02
2.90405,11.1789,0.145564
2.90466,11.1812,0.785766E-01
2.90527,11.1836,0.259147E-02
2.90588,11.1859,-0.346869E-01
2.90649,11.1883,0.807795E-03
2.90710,11.1906,0.385831E-01
2.90771,11.1930,-0.847895E-02
2.90833,11.1953,0.420006E-01
2.90894,11.1977,-0.409635E-03
2.90955,11.2000,0.777540E-02
2.91016,11.2024,-0.163248E-01
2.91077,11.2047,-0.494631E-01
2.91138,11.2071,0.727765E-01
2.91199,11.2094,0.301530E-01
2.91260,11.2118,0.261309E-01
2.91321,11.2141,-0.211666E-01
2.91382,11.2165,-0.751720E-01
2.91443,11.2188,0.228775E-01
2.91504,11.2212,0.166079E-01
2.91565,11.2235,0.304964E-01
2.91626,11.2259,0.112509E-02
2.91687,11.2282,0.271889E-02
2.91748,11.2306,0.177134E-02
2.91809,11.2329,-0.137218E-01
2.91870,11.2353,0.405568E-01
2.91931,11.2376,-0.990138E-02
2.91992,11.2400,0.911922E-01
2.92053,11.2423,0.327754E-02
2.92114,11.2447,0.485315E-02
2.92175,11.2470,0.148761
2.92236,11.2494,-0.152796E-01
2.92297,11.2517,-0.502226E-01
2.92358,11.2541,0.963461E-01
2.92419,11.2564,0.181497E-01
2.92480,11.2588,-0.163979E-01
2.92542,11.2611,0.116646
2.92603,11.2635,0.316826E-01
2.92664,11.2658,-0.112595E-01
2.92725,11.2682,-0.199895E-01
2.92786,11.2705,0.678843E-02
2.92847,11.2729,0.945830E-01
2.92908,11.2752,-0.203164E-01
2.92969,11.2776,-0.283030E-01
2.93030,11.2799,0.868932E-01
2.93091,11.2823,-0.963836E-03
2.93152,11.2846,0.108754E-01
2.93213,11.2870,-0.383531E-01
2.93274,11.2893,-0.398216E-01
2.93335,11.2917,-0.552703E-01
2.93396,11.2940,-0.842495E-02
2.93457,11.2964,0.480718E-02
2.93518,11.2987,-0.426859E-01
2.93579,11.3011,0.162198
2.93640,11.3034,0.325520E-01
2.93701,11.3058,-0.105319E-01
2.93762,11.3081,-0.433320E-01
2.93823,11.3105,0.190871E-01
2.93884,11.3128,0.458287E-01
2.93945,11.3152,0.358651E-01
2.94006,11.3175,-0.107673
2.94067,11.3198,-0.574275E-02
2.94128,11.3222,0.269042E-01
2.94189,11.3245,0.615993E-02
2.94250,11.3269,0.696850E-02
2.94312,11.3292,-0.119049E-01
2.94373,11.3316,0.178546E-01
2.94434,11.3339,0.201309E-01
2.94495,11.3363,-0.158847E-02
2.94556,11.3386,0.870362E-02
2.94617,11.3410,0.418585E-01
2.94678,11.3433,-0.699173E-01
2.94739,11.3457,-0.791543E-02
2.94800,11.3480,0.279147E-02
2.94861,11.3504,-0.112632E-01
2.94922,11.3527,0.250289E-01
2.94983,11.3551,0.139148E-02
2.95044,11.3574,-0.361168E-02
2.95105,11.3598,-0.667774E-01
2.95166,11.3621,-0.835437E-02
2.95227,11.3645,-0.998213E-02
2.95288,11.3668,0.148171E-01
2.95349,11.3692,-0.303334E-02
2.95410,11.3715,0.472218E-01
2.95471,11.3739,0.147168E-01
2.95532,11.3762,-0.373255E-02
2.95593,11.3786,0.116120E-01
2.95654,11.3809,-0.963811E-03
2.95715,11.3833,0.170427E-01
2.95776,11.3856,-0.152471E-01
2.95837,11.3880,0.138328E-01
2.95898,11.3903,-0.404672E-01
2.95959,11.3927,-0.417835E-01
2.96021,11.3950,-0.101918E-01
2.96082,11.3974,0.382641E-02
2.96143,11.3997,0.154522E-01
2.96204,11.4021,-0.350486E-02
2.96265,11.4044,0.300565E-01
2.96326,11.4068,0.214629E-01
2.96387,11.4091,0.270778E-01
2.96448,11.4115,0.201099E-01
2.96509,11.4138,-0.694381E-01
2.96570,11.4162,0.579078E-02
2.96631,11.4185,-0.176709E-01
2.96692,11.4209,-0.200538E-01
2.96753,11.4232,-0.317323E-02
2.96814,11.4256,0.372689E-01
2.96875,11.4279,-0.918583E-02
2.96936,11.4303,-0.876047E-02
2.96997,11.4326,-0.434284E-01
2.97058,11.4350,0.333814E-01
2.97119,11.4373,0.210675E-02
2.97180,11.4397,-0.470265E-02
2.97241,11.4420,0.285692E-02
2.97302,11.4444,0.872717E-01
2.97363,11.4467,0.148538E-02
2.97424,11.4491,-0.162502E-01
2.97485,11.4514,0.538165E-01
2.97546,11.4538,0.162003E-01
2.97607,11.4561,-0.607608E-02
2.97668,11.4585,0.885478E-03
2.97729,11.4608,0.106812E-01
2.97791,11.4632,0.821840E-01
2.97852,11.4655,0.183240E-01
2.97913,11.4679,0.787248E-01
2.97974,11.4702,0.297501E-01
2.98035,11.4726,-0.324543E-01
2.98096,11.4749,-0.278707E-01
2.98157,11.4773,0.518236E-01
2.98218,11.4796,0.499296E-01
2.98279,11.4820,-0.227813E-01
2.98340,11.4843,0.510760E-02
2.98401,11.4867,0.164620E-01
2.98462,11.4890,-0.105842
2.98523,11.4914,0.410838E-01
2.98584,11.4937,0.594779E-01
2.98645,11.4961,-0.195227E-01
2.98706,11.4984,-0.315039E-02
2.98767,11.5008,-0.144772E-01
2.98828,11.5031,0.303596E-01
2.98889,11.5055,-0.131294E-01
2.98950,11.5078,0.157001E-01
2.99011,11.5102,-0.943958E-02
2.99072,11.5125,0.826089E-01
2.99133,11.5149,0.432971E-01
2.99194,11.5172,-0.272180E-01
2.99255,11.5196,0.290898E-01
2.99316,11.5219,0.601324E-01
2.99377,11.5243,0.192468E-01
2.99438,11.5266,-0.738330E-02
2.99500,11.5290,0.291336E-01
2.99561,11.5313,-0.251011E-02
2.99622,11.5337,-0.529938E-01
2.99683,11.5360,0.221960E-01
2.99744,11.5384,-0.179105E-02
2.99805,11.5407,-0.100517E-01
2.99866,11.5431,0.135649E-01
2.99927,11.5454,0.365994E-01
2.99988,11.5478,-0.797303E-01
3.00049,11.5501,0.513329E-02
3.00110,11.5524,0.309552E-01
3.00171,11.5548,-0.506056E-01
3.00232,11.5571,0.202163E-01
3.00293,11.5595,0.130713E-02
3.00354,11.5618,0.236318E-01
3.00415,11.5642,0.142560E-01
3.00476,11.5665,0.902425E-02
3.00537,11.5689,-0.765118E-02
3.00598,11.5712,0.668290E-01
3.00659,11.5736,0.123180
3.00720,11.5759,0.415777E-01
3.00781,11.5783,0.763070E-02
3.00842,11.5806,0.212197E-01
3.00903,11.5830,0.211763E-01
3.00964,11.5853,0.363436E-03
3.01025,11.5877,-0.724412E-02
3.01086,11.5900,0.564111E-01
3.01147,11.5924,0.132406E-02
3.01208,11.5947,0.177518E-01
3.01270,11.5971,-0.145603E-02
3.01331,11.5994,0.887918E-02
3.01392,11.6018,0.876259E-01
3.01453,11.6041,-0.758224E-01
3.01514,11.6065,0.229797E-02
3.01575,11.6088,-0.669807E-02
3.01636,11.6112,-0.401235E-01
3.01697,11.6135,0.234612E-01
3.01758,11.6159,-0.276714E-01
3.01819,11.6182,0.283232E-01
3.01880,11.6206,0.491855E-01
3.01941,11.6229,0.414464E-01
3.02002,11.6253,-0.119767E-01
3.02063,11.6276,-0.411985E-01
3.02124,11.6300,0.361563E-01
3.02185,11.6323,0.403957E-01
3.02246,11.6347,0.669101E-02
3.02307,11.6370,-0.382543E-01
3.02368,11.6394,-0.978155E-02
3.02429,11.6417,-0.136246E-01
3.02490,11.6441,0.532220E-01
3.02551,11.6464,0.276754E-01
3.02612,11.6488,-0.770481E-02
3.02673,11.6511,0.161686E-01
3.02734,11.6535,-0.240615E-01
3.02795,11.6558,-0.132348E-01
3.02856,11.6582,-0.548517E-02
3.02917,11.6605,-0.113920
3.02979,11.6629,0.164554E-01
3.03040,11.6652,0.782075E-02
3.03101,11.6676,0.161820E-01
3.03162,11.6699,0.983884E-01
3.03223,11.6723,0.161787E-01
3.03284,11.6746,-0.456263E-02
3.03345,11.6770,0.318521E-01
3.03406,11.6793,0.159651E-01
3.03467,11.6817,-0.104383E-02
3.03528,11.6840,-0.324059E-02
3.03589,11.6864,0.342122E-01
3.03650,11.6887,-0.610347E-02
3.03711,11.6911,-0.383342E-01
3.03772,11.6934,-0.661560E-02
3.03833,11.6958,-0.403177E-01
3.03894,11.6981,0.426173E-02
3.03955,11.7005,0.445124E-01
3.04016,11.7028,-0.109271
3.04077,11.7052,0.112733E-01
3.04138,11.7075,0.810260E-02
3.04199,11.7099,-0.507704E-01
3.04260,11.7122,0.153143E-02
3.04321,11.7146,-0.102929E-01
3.04382,11.7169,0.417164E-01
3.04443,11.7193,0.604510E-01
3.04504,11.7216,0.440315E-01
3.04565,11.7240,0.156296E-01
3.04626,11.7263,-0.138151E-01
3.04688,11.7287,0.125523E-01
3.04749,11.7310,0.307369E-01
3.04810,11.7334,-0.709816E-02
3.04871,11.7357,0.158858E-01
3.04932,11.7381,0.206105E-01
3.04993,11.7404,0.540661E-02
3.05054,11.7428,0.667838E-01
3.05115,11.7451,0.371210E-01
3.05176,11.7475,0.660365E-02
3.05237,11.7498,-0.415327E-01
3.05298,11.7522,-0.417653E-01
3.05359,11.7545,0.756428E-01
3.05420,11.7569,0.301904E-01
3.05481,11.7592,-0.297235E-01
3.05542,11.7616,0.241009E-01
3.05603,11.7639,0.141976
3.05664,11.7663,-0.215110E-01
3.05725,11.7686,0.285322E-02
3.05786,11.7710,-0.405378E-01
3.05847,11.7733,-0.149391E-01
3.05908,11.7757,-0.357551E-02
3.05969,11.7780,-0.124472E-02
3.06030,11.7803,-0.869869E-02
3.06091,11.7827,-0.150184E-02
3.06152,11.7850,0.359228E-02
3.06213,11.7874,-0.339998E-02
3.06274,11.7897,-0.100375
3.06335,11.7921,-0.112937E-02
3.06396,11.7944,0.104491E-01
3.06458,11.7968,0.224015E-02
3.06519,11.7991,0.276562E-01
3.06580,11.8015,-0.380842E-02
3.06641,11.8038,0.782852E-01
3.06702,11.8062,0.470632E-01
3.06763,11.8085,0.297711E-02
3.06824,11.8109,-0.521023E-01
3.06885,11.8132,0.304155E-04
3.06946,11.8156,-0.120933E-01
3.07007,11.8179,0.707248E-01
3.07068,11.8203,-0.253789E-02
3.07129,11.8226,0.913098E-01
3.07190,11.8250,-0.200958E-02
3.07251,11.8273,0.398579E-01
3.07312,11.8297,-0.559952E-01
3.07373,11.8320,0.514404E-01
3.07434,11.8344,-0.179578E-01
3.07495,11.8367,0.614544E-01
3.07556,11.8391,-0.572295E-02
3.07617,11.8414,0.169859E-01
3.07678,11.8438,-0.193504E-01
3.07739,11.8461,-0.251821E-01
3.07800,11.8485,0.281519E-01
3.07861,11.8508,0.198466E-01
3.07922,11.8532,-0.514158E-02
3.07983,11.8555,0.203159E-01
3.08044,11.8579,0.352603E-01
3.08105,11.8602,0.383770E-01
3.08167,11.8626,0.463043E-01
3.08228,11.8649,-0.594808E-02
3.08289,11.8673,0.308583E-01
3.08350,11.8696,0.143667
3.08411,11.8720,0.322268E-01
3.08472,11.8743,0.350972E-01
3.08533,11.8767,-0.131412
3.08594,11.8790,-0.561407E-01
3.08655,11.8814,0.131167E-01
3.08716,11.8837,0.147551E-01
3.08777,11.8861,0.557061E-01
3.08838,11.8884,-0.264415E-01
3.08899,11.8908,-0.180589E-01
3.08960,11.8931,-0.186700E-01
3.09021,11.8955,0.395470E-02
3.09082,11.8978,0.313520E-02
3.09143,11.9002,0.260902E-02
3.09204,11.9025,0.352949E-01
3.09265,11.9049,-0.179518E-01
3.09326,11.9072,0.695333E-01
3.09387,11.9096,0.277081E-01
3.09448,11.9119,0.617422E-01
3.09509,11.9143,-0.179581E-02
3.09570,11.9166,-0.363666E-01
3.09631,11.9190,0.209539E-02
3.09692,11.9213,-0.381085E-01
3.09753,11.9237,0.108664E-01
3.09814,11.9260,0.492658E-01
3.09875,11.9284,0.624973E-02
3.09937,11.9307,0.180534E-01
3.09998,11.9331,0.640716E-01
3.10059,11.9354,-0.162528E-01
3.10120,11.9378,0.180613E-01
3.10181,11.9401,0.588241E-01
3.10242,11.9425,-0.225824E-01
3.10303,11.9448,0.190684E-01
3.10364,11.9472,0.270245E-02
3.10425,11.9495,0.596127E-02
3.10486,11.9519,0.514942E-01
3.10547,11.9542,-0.235420E-01
3.10608,11.9566,-0.474357E-01
3.10669,11.9589,-0.183608E-02
3.10730,11.9613,0.230848E-01
3.10791,11.9636,0.186030E-01
3.10852,11.9660,-0.167188E-01
3.10913,11.9683,0.141581E-01
3.10974,11.9707,-0.172328E-01
3.11035,11.9730,0.199171E-01
3.11096,11.9754,0.323103E-02
3.11157,11.9777,-0.596607E-01
3.11218,11.9801,0.324162E-01
3.11279,11.9824,0.125496
3.11340,11.9848,0.816038E-02
3.11401,11.9871,0.526027E-02
3.11462,11.9895,-0.101651E-01
3.11523,11.9918,-0.173820E-02
3.11584,11.9942,0.954978E-01
3.11646,11.9965,0.195411E-01
3.11707,11.9989,0.597037E-01
3.11768,12.0012,-0.209394E-01
3.11829,12.0036,0.616736E-02
3.11890,12.0059,-0.126628E-01
3.11951,12.0083,0.633554E-01
3.12012,12.0106,0.113890E-01
3.12073,12.0129,0.272165E-01
3.12134,12.0153,-0.534307E-01
3.12195,12.0176,-0.673321E-01
3.12256,12.0200,-0.919115E-02
3.12317,12.0223,0.543542E-01
3.12378,12.0247,-0.176997E-01
3.12439,12.0270,0.199953E-01
3.12500,12.0294,0.370867E-01
3.12561,12.0317,0.285426E-02
3.12622,12.0341,0.109014E-01
3.12683,12.0364,-0.745579E-02
3.12744,12.0388,0.209865E-01
3.12805,12.0411,0.213263E-01
3.12866,12.0435,0.414130E-01
3.12927,12.0458,-0.470957E-01
3.12988,12.0482,-0.100320E-01
3.13049,12.0505,0.108586E-01
3.13110,12.0529,-0.354153E-01
3.13171,12.0552,-0.107496E-01
3.13232,12.0576,-0.413082E-02
3.13293,12.0599,0.232735E-01
3.13354,12.0623,-0.364817E-01
3.13416,12.0646,0.584475E-01
3.13477,12.0670,-0.258495E-03
3.13538,12.0693,0.433254E-01
3.13599,12.0717,0.155557E-01
3.13660,12.0740,-0.152430E-01
3.13721,12.0764,0.530744E-02
3.13782,12.0787,0.394097E-02
3.13843,12.0811,-0.478804E-01
3.13904,12.0834,0.335411E-01
3.13965,12.0858,-0.676616E-01
3.14026,12.0881,0.123701
3.14087,12.0905,0.157215
3.14148,12.0928,-0.107027E-01
3.14209,12.0952,-0.112641
3.14270,12.0975,-0.762367E-02
3.14331,12.0999,0.221714E-01
3.14392,12.1022,0.168302E-01
3.14453,12.1046,0.490638E-02
3.14514,12.1069,-0.129733E-01
3.14575,12.1093,-0.770693E-01
3.14636,12.1116,0.460779E-01
3.14697,12.1140,-0.166232E-02
3.14758,12.1163,0.154923E-02
3.14819,12.1187,-0.180860E-02
3.14880,12.1210,0.840468E-02
3.14941,12.1234,0.455489E-02
3.15002,12.1257,0.676970E-02
3.15063,12.1281,0.306355E-01
3.15125,12.1304,0.311731E-02
3.15186,12.1328,-0.577497E-02
3.15247,12.1351,-0.197872E-01
3.15308,12.1375,-0.393041E-01
3.15369,12.1398,0.333509E-01
3.15430,12.1422,-0.529240E-01
3.15491,12.1445,0.691692E-01
3.15552,12.1469,0.343716E-02
3.15613,12.1492,0.561049E-02
3.15674,12.1516,0.229818E-01
3.15735,12.1539,-0.703196E-01
3.15796,12.1563,0.274102E-01
3.15857,12.1586,0.196627E-01
3.15918,12.1610,-0.240941E-01
3.15979,12.1633,0.201264E-02
3.16040,12.1657,0.220441E-01
3.16101,12.1680,0.529014E-02
3.16162,12.1704,0.261077E-01
3.16223,12.1727,0.420394E-02
3.16284,12.1751,-0.111204E-01
3.16345,12.1774,-0.320753E-02
3.16406,12.1798,0.153192
3.16467,12.1821,0.445022E-01
3.16528,12.1845,0.227378E-01
3.16589,12.1868,0.787261E-01
3.16650,12.1892,0.438117E-01
3.16711,12.1915,0.607199E-03
3.16772,12.1939,0.816719E-02
3.16833,12.1962,-0.175249E-01
3.16895,12.1986,-0.882271E-02
3.16956,12.2009,0.202330E-01
3.17017,12.2033,0.593650E-01
3.17078,12.2056,0.102492
3.17139,12.2080,-0.509581E-01
3.17200,12.2103,-0.161667E-01
3.17261,12.2127,-0.187432E-02
3.17322,12.2150,0.737405E-01
3.17383,12.2174,0.456345E-01
3.17444,12.2197,0.106320
3.17505,12.2221,0.785730E-02
3.17566,12.2244,0.221243E-01
3.17627,12.2268,0.763567E-02
3.17688,12.2291,0.277226E-01
3.17749,12.2315,-0.142289E-01
3.17810,12.2338,0.103882E-01
3.17871,12.2362,-0.403941E-01
3.17932,12.2385,0.375439E-02
3.17993,12.2409,-0.312445E-01
3.18054,12.2432,0.469400E-01
3.18115,12.2455,-0.331452E-01
3.18176,12.2479,-0.184496E-01
3.18237,12.2502,0.322940E-02
3.18298,12.2526,0.220623E-01
3.18359,12.2549,0.997292E-01
3.18420,12.2573,0.978858E-01
3.18481,12.2596,-0.951892E-01
3.18542,12.2620,-0.238633E-01
3.18604,12.2643,0.572279E-01
3.18665,12.2667,-0.102264
3.18726,12.2690,-0.187968E-01
3.18787,12.2714,-0.728587E-01
3.18848,12.2737,-0.107730E-01
3.18909,12.2761,-0.513726E-02
3.18970,12.2784,0.721971E-01
3.19031,12.2808,0.181862E-01
3.19092,12.2831,0.360088E-01
3.19153,12.2855,0.770015E-01
3.19214,12.2878,0.217474E-01
3.19275,12.2902,-0.299507E-01
3.19336,12.2925,-0.451960E-01
3.19397,12.2949,0.257316E-01
3.19458,12.2972,0.129019E-01
3.19519,12.2996,0.508176E-01
3.19580,12.3019,-0.566448E-02
3.19641,12.3043,-0.605095E-01
3.19702,12.3066,0.113687
3.19763,12.3090,0.506642E-01
3.19824,12.3113,-0.686834E-02
3.19885,12.3137,0.977848E-01
3.19946,12.3160,0.611026E-02
3.20007,12.3184,-0.245291E-01
3.20068,12.3207,-0.454090E-02
3.20129,12.3231,0.124277E-01
3.20190,12.3254,-0.739871E-02
3.20251,12.3278,0.143705E-01
3.20312,12.3301,0.208561E-01
3.20374,12.3325,0.344479E-02
3.20435,12.3348,0.152073E-01
3.20496,12.3372,0.407380E-01
3.20557,12.3395,0.344200E-01
3.20618,12.3419,0.801351E-01
3.20679,12.3442,-0.160460E-01
3.20740,12.3466,-0.554053E-01
3.20801,12.3489,0.309420E-01
3.20862,12.3513,0.508141E-02
3.20923,12.3536,-0.713859E-01
3.20984,12.3560,0.122449E-01
3.21045,12.3583,0.184621E-01
3.21106,12.3607,-0.817985E-02
3.21167,12.3630,0.441617E-01
3.21228,12.3654,-0.730087E-02
3.21289,12.3677,0.128113E-02
3.21350,12.3701,0.155108
3.21411,12.3724,-0.126713E-01
3.21472,12.3748,-0.302434E-01
3.21533,12.3771,0.567647E-01
3.21594,12.3795,-0.143178E-01
3.21655,12.3818,0.754493E-01
3.21716,12.3842,-0.507227E-01
3.21777,12.3865,0.888418E-02
3.21838,12.3889,0.185107E-01
3.21899,12.3912,-0.213021E-01
3.21960,12.3936,0.294019E-01
3.22021,12.3959,-0.324438E-01
3.22083,12.3983,-0.234273E-01
3.22144,12.4006,0.510959E-02
3.22205,12.4030,-0.274792E-01
3.22266,12.4053,-0.107293E-01
3.22327,12.4077,0.350520E-01
3.22388,12.4100,0.177554E-01
3.22449,12.4124,0.189179E-01
3.22510,12.4147,-0.296184E-01
3.22571,12.4171,-0.141118E-01
3.22632,12.4194,0.144190E-01
3.22693,12.4218,0.519218E-01
3.22754,12.4241,0.196006E-01
3.22815,12.4265,0.105697E-01
3.22876,12.4288,0.588703E-02
3.22937,12.4312,-0.361281E-02
3.22998,12.4335,0.569739E-01
3.23059,12.4359,-0.138888E-01
3.23120,12.4382,0.241104E-01
3.23181,12.4406,-0.675824E-01
3.23242,12.4429,-0.202544E-02
3.23303,12.4453,-0.803380E-01
3.23364,12.4476,0.790164E-01
3.23425,12.4500,-0.988647E-02
3.23486,12.4523,0.591855E-01
3.23547,12.4547,0.637148E-01
3.23608,12.4570,-0.137914E-02
3.23669,12.4594,-0.822926E-02
3.23730,12.4617,0.555112E-01
3.23792,12.4641,0.316814E-01
3.23853,12.4664,0.174774E-01
3.23914,12.4688,0.178705
3.23975,12.4711,0.350332E-02
3.24036,12.4734,0.529009E-01
3.24097,12.4758,-0.104651E-01
3.24158,12.4781,0.456902E-02
3.24219,12.4805,-0.207642E-01
3.24280,12.4828,-0.798397E-02
3.24341,12.4852,0.822942E-03
3.24402,12.4875,0.803993E-01
3.24463,12.4899,-0.672233E-01
3.24524,12.4922,0.185866E-01
3.24585,12.4946,0.579641E-02
3.24646,12.4969,-0.111595E-01
3.24707,12.4993,-0.574363E-01
3.24768,12.5016,-0.324015E-01
3.24829,12.5040,0.533319E-01
3.24890,12.5063,-0.561325E-01
3.24951,12.5087,-0.178818E-01
3.25012,12.5110,0.197226E-03
3.25073,12.5134,-0.195521E-01
3.25134,12.5157,-0.237759E-01
3.25195,12.5181,-0.349235E-02
3.25256,12.5204,-0.376240E-01
3.25317,12.5228,0.498059E-02
3.25378,12.5251,0.126891E-01
3.25439,12.5275,0.284258E-02
3.25500,12.5298,-0.609197E-02
3.25562,12.5322,0.437486E-01
3.25623,12.5345,0.114671
3.25684,12.5369,0.931758E-02
3.25745,12.5392,0.952555E-01
3.25806,12.5416,-0.193324E-02
3.25867,12.5439,0.981715E-03
3.25928,12.5463,0.129417E-01
3.25989,12.5486,0.589250E-02
3.26050,12.5510,0.176364
3.26111,12.5533,-0.144237E-02
3.26172,12.5557,0.233597E-01
3.26233,12.5580,0.516131E-01
3.26294,12.5604,0.292723E-01
3.26355,12.5627,-0.106582E-01
3.26416,12.5651,0.239254E-01
3.26477,12.5674,0.212535E-01
3.26538,12.5698,-0.513661E-01
3.26599,12.5721,-0.367364E-01
3.26660,12.5745,0.579668E-01
3.26721,12.5768,0.180095
3.26782,12.5792,-0.223539E-01
3.26843,12.5815,0.122838
3.26904,12.5839,-0.907387E-02
3.26965,12.5862,0.521645E-01
3.27026,12.5886,0.134713E-01
3.27087,12.5909,-0.111083E-01
3.27148,12.5933,-0.719632E-01
3.27209,12.5956,0.912709E-02
3.27271,12.5980,-0.907502E-02
3.27332,12.6003,0.104215
3.27393,12.6027,0.289514E-01
3.27454,12.6050,-0.322701E-01
3.27515,12.6074,0.833508E-02
3.27576,12.6097,0.446512E-01
3.27637,12.6121,-0.203327E-01
3.27698,12.6144,0.417595E-03
3.27759,12.6168,0.766008E-02
3.27820,12.6191,0.828011E-01
3.27881,12.6215,0.343990E-01
3.27942,12.6238,-0.983502E-03
3.28003,12.6262,0.655488E-01
3.28064,12.6285,-0.823621E-02
3.28125,12.6309,0.196120E-01
3.28186,12.6332,-0.209093E-02
3.28247,12.6356,0.699776E-01
3.28308,12.6379,0.436126E-02
3.28369,12.6403,-0.375304E-02
3.28430,12.6426,-0.217395E-01
3.28491,12.6450,0.818808E-01
3.28552,12.6473,-0.729670E-02
3.28613,12.6497,0.175655E-01
3.28674,12.6520,-0.326868E-02
3.28735,12.6544,-0.195166E-01
3.28796,12.6567,0.734069E-01
3.28857,12.6591,0.115349
3.28918,12.6614,0.498774E-01
3.28979,12.6638,0.154266E-01
3.29041,12.6661,-0.277591E-01
3.29102,12.6685,0.130331E-01
3.29163,12.6708,-0.485515E-02
3.29224,12.6732,-0.646185E-01
3.29285,12.6755,0.630208E-01
3.29346,12.6779,0.144027
3.29407,12.6802,-0.519235E-01
3.29468,12.6826,0.220862E-01
3.29529,12.6849,-0.408666E-01
3.29590,12.6873,0.235602E-01
3.29651,12.6896,-0.491210E-03
3.29712,12.6920,0.213004E-01
3.29773,12.6943,0.637786E-02
3.29834,12.6967,0.205845E-01
3.29895,12.6990,-0.461129E-01
3.29956,12.7014,0.475861E-01
3.30017,12.7037,-0.269877E-01
3.30078,12.7060,0.189344E-01
3.30139,12.7084,0.891543E-01
3.30200,12.7107,0.517144E-01
3.30261,12.7131,-0.144933E-01
3.30322,12.7154,0.203948E-01
3.30383,12.7178,-0.229217E-01
3.30444,12.7201,0.131520E-01
3.30505,12.7225,0.782961E-02
3.30566,12.7248,0.398966E-01
3.30627,12.7272,0.191273E-01
3.30688,12.7295,0.679977E-03
3.30750,12.7319,0.327543E-02
3.30811,12.7342,-0.153381E-03
3.30872,12.7366,0.759402E-01
3.30933,12.7389,0.137870E-01
3.30994,12.7413,0.106557
3.31055,12.7436,0.128798E-01
3.31116,12.7460,-0.146289E-01
3.31177,12.7483,-0.263309E-01
3.31238,12.7507,0.115582E-01
3.31299,12.7530,0.184205E-01
3.31360,12.7554,0.156082E-01
3.31421,12.7577,-0.329025E-01
3.31482,12.7601,0.346680E-01
3.31543,12.7624,0.103661E-02
3.31604,12.7648,-0.206432E-01
3.31665,12.7671,-0.337751E-01
3.31726,12.7695,-0.874348E-01
3.31787,12.7718,0.707986E-03
3.31848,12.7742,-0.589955E-01
3.31909,12.7765,0.355019E-01
3.31970,12.7789,0.485904E-02
3.32031,12.7812,-0.508134E-02
3.32092,12.7836,0.592232E-02
3.32153,12.7859,-0.519062E-01
3.32214,12.7883,-0.151643E-03
3.32275,12.7906,0.111787
3.32336,12.7930,-0.240620E-01
3.32397,12.7953,0.493923E-01
3.32458,12.7977,0.445984E-01
3.32520,12.8000,0.286935E-01
3.32581,12.8024,0.291647E-01
3.32642,12.8047,0.216247E-02
3.32703,12.8071,-0.109248E-01
3.32764,12.8094,0.296399E-01
3.32825,12.8118,-0.261325E-02
3.32886,12.8141,0.676056E-01
3.32947,12.8165,-0.200960E-01
3.33008,12.8188,-0.286099E-01
3.33069,12.8212,0.401302E-01
3.33130,12.8235,0.188935E-01
3.33191,12.8259,-0.173244E-01
3.33252,12.8282,-0.410025E-01
3.33313,12.8306,0.942190E-01
3.33374,12.8329,0.162502E-01
3.33435,12.8353,-0.361247E-01
3.33496,12.8376,0.209293E-01
3.33557,12.8400,0.410452E-01
3.33618,12.8423,0.330679E-01
3.33679,12.8447,0.607765E-01
3.33740,12.8470,0.739997E-02
3.33801,12.8494,-0.802532E-01
3.33862,12.8517,0.250365E-01
3.33923,12.8541,-0.156804E-01
3.33984,12.8564,0.698338E-01
3.34045,12.8588,0.519526E-01
3.34106,12.8611,0.107327
3.34167,12.8635,0.524584E-01
3.34229,12.8658,0.102860
3.34290,12.8682,0.315854E-01
3.34351,12.8705,0.676381E-01
3.34412,12.8729,-0.130911E-01
3.34473,12.8752,0.802876E-02
3.34534,12.8776,0.437998E-01
3.34595,12.8799,0.579496E-01
3.34656,12.8823,-0.115156E-02
3.34717,12.8846,0.132729
3.34778,12.8870,0.100957E-01
3.34839,12.8893,0.143921E-01
3.34900,12.8917,-0.172317E-03
3.34961,12.8940,-0.358458E-01
3.35022,12.8964,-0.182652E-02
3.35083,12.8987,-0.663316E-02
3.35144,12.9011,-0.555078E-01
3.35205,12.9034,-0.851833E-01
3.35266,12.9058,0.500438E-03
3.35327,12.9081,0.221043E-01
3.35388,12.9105,-0.553910E-01
3.35449,12.9128,-0.210049E-02
3.35510,12.9152,-0.106732E-01
3.35571,12.9175,-0.258403E-03
3.35632,12.9199,0.327874E-01
3.35693,12.9222,-0.595564E-01
3.35754,12.9246,-0.103831E-01
3.35815,12.9269,-0.941496E-01
3.35876,12.9293,0.112943E-01
3.35938,12.9316,-0.534267E-01
3.35999,12.9340,0.177046E-01
3.36060,12.9363,0.543397E-01
3.36121,12.9386,0.412630E-01
3.36182,12.9410,-0.889984E-02
3.36243,12.9433,0.985472E-03
3.36304,12.9457,0.945021E-01
3.36365,12.9480,0.136237E-01
3.36426,12.9504,0.208846E-01
3.36487,12.9527,-0.105009E-01
3.36548,12.9551,0.718888E-01
3.36609,12.9574,0.617194E-01
3.36670,12.9598,-0.942206E-02
3.36731,12.9621,-0.162960E-01
3.36792,12.9645,0.213282E-01
3.36853,12.9668,-0.246454E-01
3.36914,12.9692,0.379811E-01
3.36975,12.9715,-0.179440E-01
3.37036,12.9739,-0.350300E-03
3.37097,12.9762,-0.131057E-01
3.37158,12.9786,0.925888E-02
3.37219,12.9809,0.118138E-01
3.37280,12.9833,0.327351E-01
3.37341,12.9856,0.243106E-03
3.37402,12.9880,0.118063E-01
3.37463,12.9903,0.385721E-01
3.37524,12.9927,0.931252E-01
3.37585,12.9950,-0.437232E-01
3.37646,12.9974,0.124884E-01
3.37708,12.9997,-0.869286E-03
3.37769,13.0021,-0.717683E-01
3.37830,13.0044,-0.218801E-02
3.37891,13.0068,-0.981189E-02
3.37952,13.0091,0.401055E-01
3.38013,13.0115,0.201440E-01
3.38074,13.0138,0.294790E-01
3.38135,13.0162,0.158056
3.38196,13.0185,-0.209959E-01
3.38257,13.0209,0.348324E-01
3.38318,13.0232,0.823762E-02
3.38379,13.0256,0.461928E-02
3.38440,13.0279,-0.159619E-01
3.38501,13.0303,0.536107E-01
3.38562,13.0326,0.630414E-01
3.38623,13.0350,-0.772292E-02
3.38684,13.0373,-0.129353E-01
3.38745,13.0397,0.830546E-02
3.38806,13.0420,-0.183638E-01
3.38867,13.0444,-0.704675E-01
3.38928,13.0467,-0.118505E-01
3.38989,13.0491,0.547053E-02
3.39050,13.0514,0.847399E-02
3.39111,13.0538,0.636422E-02
3.39172,13.0561,0.411529E-01
3.39233,13.0585,-0.374711E-03
3.39294,13.0608,0.206077
3.39355,13.0632,-0.447572E-02
3.39417,13.0655,-0.639246E-01
3.39478,13.0679,-0.137985E-02
3.39539,13.0702,0.250260E-03
3.39600,13.0726,-0.692175E-02
3.39661,13.0749,-0.585461E-02
3.39722,13.0773,0.127120E-01
3.39783,13.0796,-0.364375E-02
3.39844,13.0820,-0.209243E-01
3.39905,13.0843,0.120013E-01
3.39966,13.0867,-0.400804E-01
3.40027,13.0890,0.645488E-01
3.40088,13.0914,0.123992E-01
3.40149,13.0937,0.362495E-01
3.40210,13.0961,0.705809E-01
3.40271,13.0984,0.297919E-03
3.40332,13.1008,0.268335E-01
3.40393,13.1031,0.790083E-01
3.40454,13.1055,0.153495
3.40515,13.1078,0.139437E-02
3.40576,13.1102,0.169367E-01
3.40637,13.1125,-0.131312E-01
3.40698,13.1149,-0.145253E-01
3.40759,13.1172,0.316284E-01
3.40820,13.1196,-0.313057E-02
3.40881,13.1219,0.249858E-02
3.40942,13.1243,0.742749E-01
3.41003,13.1266,0.243910E-01
3.41064,13.1290,0.133930E-01
3.41125,13.1313,0.846431E-01
3.41187,13.1337,-0.855617E-02
3.41248,13.1360,0.320864E-01
3.41309,13.1384,0.480104E-01
3.41370,13.1407,0.140505E-01
3.41431,13.1431,0.548403E-01
3.41492,13.1454,0.114756
3.41553,13.1478,0.265749
3.41614,13.1501,0.195862E-01
3.41675,13.1525,0.178342E-01
3.41736,13.1548,0.191351E-01
3.41797,13.1572,-0.871369E-02
3.41858,13.1595,0.497900E-01
3.41919,13.1619,-0.313245E-01
3.41980,13.1642,-0.170642E-01
3.42041,13.1665,0.394032E-01
3.42102,13.1689,0.843080E-01
3.42163,13.1712,0.141047
3.42224,13.1736,0.170232E-01
3.42285,13.1759,0.396276E-02
3.42346,13.1783,-0.125631E-01
3.42407,13.1806,-0.149658E-01
3.42468,13.1830,-0.337788E-01
3.42529,13.1853,0.197492E-01
3.42590,13.1877,-0.115135E-01
3.42651,13.1900,-0.589304E-01
3.42712,13.1924,0.403697E-01
3.42773,13.1947,-0.148694E-01
3.42834,13.1971,0.171594E-01
3.42896,13.1994,0.133495E-01
3.42957,13.2018,-0.118526E-01
3.43018,13.2041,-0.448706E-01
3.43079,13.2065,-0.212717E-01
3.43140,13.2088,-0.288078E-01
3.43201,13.2112,-0.527011E-02
3.43262,13.2135,0.520909E-04
3.43323,13.2159,0.433173E-01
3.43384,13.2182,0.376585E-01
3.43445,13.2206,0.487495E-02
3.43506,13.2229,0.667927E-01
3.43567,13.2253,0.327583E-01
3.43628,13.2276,-0.301135E-01
3.43689,13.2300,0.293781E-01
3.43750,13.2323,-0.147758E-01
3.43811,13.2347,0.238601E-01
3.43872,13.2370,-0.215435E-01
3.43933,13.2394,0.476209E-01
3.43994,13.2417,0.104157
3.44055,13.2441,0.719801E-02
3.44116,13.2464,0.880484E-02
3.44177,13.2488,0.414710E-01
3.44238,13.2511,0.136553E-01
3.44299,13.2535,0.171791
3.44360,13.2558,0.719338E-01
3.44421,13.2582,0.130570E-01
3.44482,13.2605,0.328166E-01
3.44543,13.2629,-0.352395E-01
3.44604,13.2652,0.946334E-01
3.44666,13.2676,0.421836E-01
3.44727,13.2699,-0.106560
3.44788,13.2723,0.308864E-01
3.44849,13.2746,-0.532157E-01
3.44910,13.2770,-0.142403E-01
3.44971,13.2793,-0.576924E-01
3.45032,13.2817,0.194613E-01
3.45093,13.2840,0.105875E-01
3.45154,13.2864,-0.355304E-01
3.45215,13.2887,0.326525E-01
3.45276,13.2911,0.347088E-01
3.45337,13.2934,0.664302E-01
3.45398,13.2958,0.103696
3.45459,13.2981,0.131084E-01
3.45520,13.3005,-0.935290E-02
3.45581,13.3028,0.833476E-01
3.45642,13.3052,0.177320E-01
3.45703,13.3075,0.110084
3.45764,13.3099,0.842302E-01
3.45825,13.3122,0.425836E-01
3.45886,13.3146,0.133299
3.45947,13.3169,-0.114428E-01
3.46008,13.3193,-0.522425E-02
3.46069,13.3216,0.380461E-01
3.46130,13.3240,-0.391482E-01
3.46191,13.3263,0.107861E-01
3.46252,13.3287,0.133801E-01
3.46313,13.3310,0.651429E-01
3.46375,13.3334,0.135976E-01
3.46436,13.3357,0.106649E-01
3.46497,13.3381,0.172532E-01
3.46558,13.3404,-0.545812E-02
3.46619,13.3428,-0.192662E-02
3.46680,13.3451,0.880497E-01
3.46741,13.3475,0.132004
3.46802,13.3498,-0.501560E-02
3.46863,13.3522,-0.654951E-01
3.46924,13.3545,0.605023E-01
3.46985,13.3569,0.694661E-01
3.47046,13.3592,0.190545E-01
3.47107,13.3616,0.153442E-02
3.47168,13.3639,0.586294E-01
3.47229,13.3663,0.220921E-01
3.47290,13.3686,-0.180991E-01
3.47351,13.3710,0.145506E-01
3.47412,13.3733,-0.643111E-04
3.47473,13.3757,0.222372E-01
3.47534,13.3780,0.158463E-01
3.47595,13.3804,-0.204412E-01
3.47656,13.3827,-0.425844E-01
3.47717,13.3851,0.506457E-01
3.47778,13.3874,-0.856262E-02
3.47839,13.3898,-0.295398E-01
3.47900,13.3921,0.294740E-01
3.47961,13.3945,0.940361E-01
3.48022,13.3968,0.100602E-01
3.48083,13.3991,0.336413E-01
3.48145,13.4015,-0.169662E-01
3.48206,13.4038,0.530266E-01
3.48267,13.4062,-0.154541E-02
3.48328,13.4085,0.137929E-01
3.48389,13.4109,0.437730E-01
3.48450,13.4132,-0.319356E-01
3.48511,13.4156,-0.785009E-02
3.48572,13.4179,-0.913128E-04
3.48633,13.4203,-0.831994E-02
3.48694,13.4226,-0.314053E-02
3.48755,13.4250,-0.687864E-02
3.48816,13.4273,0.881322E-01
3.48877,13.4297,0.805807E-02
3.48938,13.4320,-0.377916E-01
3.48999,13.4344,0.590644E-01
3.49060,13.4367,0.183936E-01
3.49121,13.4391,0.143234E-01
3.49182,13.4414,0.220063
3.49243,13.4438,-0.214093E-01
3.49304,13.4461,0.191773
3.49365,13.4485,0.140269E-01
3.49426,13.4508,-0.238623E-01
3.49487,13.4532,-0.340919E-01
3.49548,13.4555,0.159451E-01
3.49609,13.4579,0.130910
3.49670,13.4602,0.218522E-01
3.49731,13.4626,-0.865171E-01
3.49792,13.4649,0.164218E-01
3.49854,13.4673,-0.557599E-01
3.49915,13.4696,-0.182722E-01
3.49976,13.4720,0.327539E-01
3.50037,13.4743,-0.134792E-01
3.50098,13.4767,-0.303424E-01
3.50159,13.4790,0.291374E-01
3.50220,13.4814,0.345590E-01
3.50281,13.4837,-0.183429E-01
3.50342,13.4861,0.577569E-01
3.50403,13.4884,0.246853E-01
3.50464,13.4908,-0.454865E-02
3.50525,13.4931,-0.196384E-01
3.50586,13.4955,-0.386519E-02
3.50647,13.4978,-0.135657E-01
3.50708,13.5002,0.694035E-02
3.50769,13.5025,-0.348190E-01
3.50830,13.5049,0.405786E-01
3.50891,13.5072,0.650916E-02
3.50952,13.5096,0.509002E-02
3.51013,13.5119,-0.178495E-02
3.51074,13.5143,0.177487E-01
3.51135,13.5166,-0.220887E-01
3.51196,13.5190,-0.244734E-02
3.51257,13.5213,0.948814E-01
3.51318,13.5237,-0.299884E-01
3.51379,13.5260,0.141431
3.51440,13.5284,0.242005E-01
3.51501,13.5307,0.100012
3.51562,13.5331,0.457269E-02
3.51624,13.5354,0.590702E-02
3.51685,13.5378,0.701239E-01
3.51746,13.5401,-0.597082E-02
3.51807,13.5425,0.506735E-02
3.51868,13.5448,-0.670814E-02
3.51929,13.5472,0.173056E-01
3.51990,13.5495,0.554090E-01
3.52051,13.5519,0.105897
3.52112,13.5542,0.268834E-03
3.52173,13.5566,-0.600980E-03
3.52234,13.5589,-0.102260E-01
3.52295,13.5613,-0.316155E-01
3.52356,13.5636,-0.741206E-02
3.52417,13.5660,-0.159323E-01
3.52478,13.5683,0.147168E-02
3.52539,13.5707,0.136072
3.52600,13.5730,0.414279E-03
3.52661,13.5754,-0.723326E-01
3.52722,13.5777,0.446173E-01
3.52783,13.5801,0.106938E-01
3.52844,13.5824,-0.137399E-01
3.52905,13.5848,0.528383E-01
3.52966,13.5871,0.571182E-02
3.53027,13.5895,-0.165232E-01
3.53088,13.5918,0.251558E-01
3.53149,13.5942,-0.576410E-02
3.53210,13.5965,0.118925E-01
3.53271,13.5989,0.296528E-01
3.53333,13.6012,0.357351E-01
3.53394,13.6036,-0.705103E-02
3.53455,13.6059,0.124429E-01
3.53516,13.6083,-0.214893E-01
3.53577,13.6106,-0.462052E-02
3.53638,13.6130,0.481161E-02
3.53699,13.6153,-0.251670E-01
3.53760,13.6177,0.605349E-01
3.53821,13.6200,0.221856E-01
3.53882,13.6224,-0.577586E-01
3.53943,13.6247,0.505470E-01
3.54004,13.6271,-0.469418E-01
3.54065,13.6294,-0.348587E-02
3.54126,13.6317,-0.457710E-03
3.54187,13.6341,0.257427E-01
3.54248,13.6364,-0.477287E-02
3.54309,13.6388,0.102942
3.54370,13.6411,-0.134909E-01
3.54431,13.6435,0.176934E-01
3.54492,13.6458,0.192419E-01
3.54553,13.6482,-0.254395E-01
3.54614,13.6505,-0.112936
3.54675,13.6529,-0.664721E-01
3.54736,13.6552,0.100128E-01
3.54797,13.6576,0.718837E-01
3.54858,13.6599,-0.191671E-01
3.54919,13.6623,-0.713377E-02
3.54980,13.6646,0.175415E-01
3.55042,13.6670,-0.245315E-01
3.55103,13.6693,0.373818E-02
3.55164,13.6717,0.129023E-01
3.55225,13.6740,-0.571466E-01
3.55286,13.6764,0.239705E-01
3.55347,13.6787,0.295750E-01
3.55408,13.6811,0.313209E-01
3.55469,13.6834,0.181045E-01
3.55530,13.6858,0.104137
3.55591,13.6881,-0.209384E-01
3.55652,13.6905,0.149648E-01
3.55713,13.6928,-0.116433E-01
3.55774,13.6952,-0.171032E-01
3.55835,13.6975,0.115428E-01
3.55896,13.6999,0.655938E-01
3.55957,13.7022,-0.595997E-01
3.56018,13.7046,0.132115
3.56079,13.7069,0.522935E-03
3.56140,13.7093,-0.378917E-02
3.56201,13.7116,0.603512E-01
3.56262,13.7140,-0.367224E-01
3.56323,13.7163,-0.246150E-01
3.56384,13.7187,0.154456E-01
3.56445,13.7210,0.294919E-01
3.56506,13.7234,-0.220083E-01
3.56567,13.7257,-0.932531E-02
3.56628,13.7281,-0.147266E-01
3.56689,13.7304,-0.821749E-01
3.56750,13.7328,0.128495E-01
3.56812,13.7351,-0.171780E-01
3.56873,13.7375,0.161840
3.56934,13.7398,0.719020E-01
3.56995,13.7422,0.288540E-01
3.57056,13.7445,-0.148880E-01
3.57117,13.7469,-0.241362E-01
3.57178,13.7492,0.275478E-01
3.57239,13.7516,-0.539076E-02
3.57300,13.7539,0.382737E-01
3.57361,13.7563,0.269355E-01
3.57422,13.7586,0.333159E-01
3.57483,13.7610,0.400437E-01
3.57544,13.7633,-0.654609E-01
3.57605,13.7657,0.803825E-01
3.57666,13.7680,-0.673544E-02
3.57727,13.7704,-0.127222E-02
3.57788,13.7727,-0.360312E-01
3.57849,13.7751,-0.139536E-01
3.57910,13.7774,-0.480645E-01
3.57971,13.7798,0.409560E-01
3.58032,13.7821,0.406529E-01
3.58093,13.7845,-0.248479E-01
3.58154,13.7868,0.578841E-01
3.58215,13.7892,-0.199683E-01
3.58276,13.7915,-0.270911E-01
3.58337,13.7939,0.580805E-02
3.58398,13.7962,-0.121348E-01
3.58459,13.7986,0.412621E-01
3.58521,13.8009,0.401586E-03
3.58582,13.8033,0.532070E-02
3.58643,13.8056,0.415921E-02
3.58704,13.8080,0.165961E-01
3.58765,13.8103,-0.337942E-01
3.58826,13.8127,0.368794E-01
3.58887,13.8150,-0.488393E-01
3.58948,13.8174,-0.405123E-01
3.59009,13.8197,0.190272E-01
3.59070,13.8221,-0.847874E-02
3.59131,13.8244,-0.241530E-01
3.59192,13.8268,0.127137E-01
3.59253,13.8291,0.206387E-01
3.59314,13.8315,0.686685E-01
3.59375,13.8338,-0.193341E-01
3.59436,13.8362,-0.408167E-03
3.59497,13.8385,-0.198357E-02
3.59558,13.8409,0.170987E-02
3.59619,13.8432,-0.373212E-02
3.59680,13.8456,0.526958E-02
3.59741,13.8479,0.203394E-01
3.59802,13.8503,-0.101218E-01
3.59863,13.8526,0.708965E-01
3.59924,13.8550,0.827140E-01
3.59985,13.8573,-0.110265E-01
3.60046,13.8596,-0.151095E-01
3.60107,13.8620,0.128653E-01
3.60168,13.8643,0.160236
3.60229,13.8667,0.934725E-01
3.60291,13.8690,-0.357531E-02
3.60352,13.8714,0.230434
3.60413,13.8737,-0.898190E-02
3.60474,13.8761,-0.107017E-01
3.60535,13.8784,-0.883671E-02
3.60596,13.8808,-0.465052E-01
3.60657,13.8831,-0.128458E-01
3.60718,13.8855,0.159883E-01
3.60779,13.8878,0.198991E-01
3.60840,13.8902,0.527479E-01
3.60901,13.8925,-0.339827E-01
3.60962,13.8949,0.765175E-02
3.61023,13.8972,-0.303674E-02
3.61084,13.8996,0.900294E-02
3.61145,13.9019,-0.540470E-02
3.61206,13.9043,0.340616E-01
3.61267,13.9066,0.126373E-01
3.61328,13.9090,0.109939E-01
3.61389,13.9113,-0.158387E-01
3.61450,13.9137,-0.669348E-02
3.61511,13.9160,-0.836255E-02
3.61572,13.9184,0.193986E-01
3.61633,13.9207,-0.149574E-01
3.61694,13.9231,0.650735E-02
3.61755,13.9254,0.257094E-01
3.61816,13.9278,-0.255656E-01
3.61877,13.9301,0.571053E-01
3.61938,13.9325,-0.119726E-01
3.62000,13.9348,0.406069E-01
3.62061,13.9372,0.727995E-01
3.62122,13.9395,-0.390429E-02
3.62183,13.9419,-0.558494E-01
3.62244,13.9442,0.257590E-01
3.62305,13.9466,0.967767E-01
3.62366,13.9489,0.961156E-03
3.62427,13.9513,-0.672653E-01
3.62488,13.9536,-0.272712E-01
3.62549,13.9560,-0.511758E-01
3.62610,13.9583,-0.144593
3.62671,13.9607,-0.120465E-02
3.62732,13.9630,0.420157E-02
3.62793,13.9654,-0.745784E-01
3.62854,13.9677,-0.605170E-01
3.62915,13.9701,-0.785635E-02
3.62976,13.9724,-0.534322E-01
3.63037,13.9748,0.308524E-01
3.63098,13.9771,0.646358E-01
3.63159,13.9795,0.266262E-01
3.63220,13.9818,0.128555E-01
3.63281,13.9842,0.229247E-02
3.63342,13.9865,0.774522E-02
3.63403,13.9889,0.115779E-01
3.63464,13.9912,-0.116748E-02
3.63525,13.9936,0.810646E-03
3.63586,13.9959,0.473752E-02
3.63647,13.9983,0.727869E-01
3.63708,14.0006,0.310574E-01
3.63770,14.0030,0.174719E-01
3.63831,14.0053,-0.214037E-01
3.63892,14.0077,-0.185805E-01
3.63953,14.0100,0.315850E-01
3.64014,14.0124,-0.332808E-01
3.64075,14.0147,0.273258E-01
3.64136,14.0171,0.441922E-02
3.64197,14.0194,-0.155347E-01
3.64258,14.0218,0.475313E-01
3.64319,14.0241,0.476753E-02
3.64380,14.0265,-0.146518E-02
3.64441,14.0288,0.378534E-01
3.64502,14.0312,0.124715E-02
3.64563,14.0335,0.104706
3.64624,14.0359,-0.122804E-01
3.64685,14.0382,0.254266E-03
3.64746,14.0406,0.999946E-03
3.64807,14.0429,0.831107E-01
3.64868,14.0453,0.387387E-01
3.64929,14.0476,0.476097E-01
3.64990,14.0500,-0.251158E-01
3.65051,14.0523,0.268257E-01
3.65112,14.0547,0.794635E-01
3.65173,14.0570,-0.555034E-02
3.65234,14.0594,0.142685E-01
3.65295,14.0617,-0.329702E-01
3.65356,14.0641,0.199342E-01
3.65417,14.0664,-0.294534E-01
3.65479,14.0688,-0.893230E-02
3.65540,14.0711,0.515399E-02
3.65601,14.0735,0.127511
3.65662,14.0758,-0.539741E-01
3.65723,14.0782,0.135323
3.65784,14.0805,0.267859E-01
3.65845,14.0829,-0.151446E-01
3.65906,14.0852,-0.784336E-01
3.65967,14.0876,-0.161743E-01
3.66028,14.0899,0.761251E-01
3.66089,14.0922,-0.222698E-01
3.66150,14.0946,0.188342E-01
3.66211,14.0969,-0.159417E-01
3.66272,14.0993,-0.978523E-02
3.66333,14.1016,0.465413E-01
3.66394,14.1040,-0.548952E-01
3.66455,14.1063,0.302633E-01
3.66516,14.1087,0.175956E-01
3.66577,14.1110,0.104135E-01
3.66638,14.1134,-0.473091E-02
3.66699,14.1157,0.464214E-01
3.66760,14.1181,-0.295055E-01
3.66821,14.1204,0.426168E-03
3.66882,14.1228,0.307182E-01
3.66943,14.1251,-0.526121E-01
3.67004,14.1275,0.203544
3.67065,14.1298,-0.259071E-01
3.67126,14.1322,0.199295E-01
3.67188,14.1345,0.735035E-01
3.67249,14.1369,0.143609E-01
3.67310,14.1392,-0.455189E-02
3.67371,14.1416,-0.409694E-01
3.67432,14.1439,-0.113409
3.67493,14.1463,0.906728E-03
3.67554,14.1486,0.299230E-01
3.67615,14.1510,-0.168827E-01
3.67676,14.1533,-0.634261E-02
3.67737,14.1557,-0.142887E-01
3.67798,14.1580,0.665681E-01
3.67859,14.1604,-0.426025E-01
3.67920,14.1627,0.365439E-01
3.67981,14.1651,0.802255E-03
3.68042,14.1674,0.187855E-01
3.68103,14.1698,-0.239934E-01
3.68164,14.1721,-0.102511
3.68225,14.1745,0.766823E-01
3.68286,14.1768,-0.149686E-01
3.68347,14.1792,-0.131876E-01
3.68408,14.1815,0.850409E-01
3.68469,14.1839,0.240177E-01
3.68530,14.1862,-0.626517E-01
3.68591,14.1886,-0.855006E-02
3.68652,14.1909,0.567706E-02
3.68713,14.1933,-0.514419E-02
3.68774,14.1956,0.223399E-01
3.68835,14.1980,-0.316584E-01
3.68896,14.2003,0.497717E-01
3.68958,14.2027,0.418830E-01
3.69019,14.2050,0.903714E-01
3.69080,14.2074,-0.392337E-01
3.69141,14.2097,-0.478881E-01
3.69202,14.2121,0.381152E-01
3.69263,14.2144,0.436128E-02
3.69324,14.2168,-0.127815E-02
3.69385,14.2191,0.805650E-01
3.69446,14.2215,0.276873E-01
3.69507,14.2238,0.250519E-01
3.69568,14.2262,-0.379324E-01
3.69629,14.2285,0.231532E-01
3.69690,14.2309,-0.247233E-01
3.69751,14.2332,0.110843
3.69812,14.2356,0.765787E-01
3.69873,14.2379,-0.159764E-02
3.69934,14.2403,0.119853
3.69995,14.2426,0.133558E-01
3.70056,14.2450,0.249723E-01
3.70117,14.2473,-0.900957E-02
3.70178,14.2497,0.175211E-01
3.70239,14.2520,0.307297E-01
3.70300,14.2544,0.510111E-01
3.70361,14.2567,0.524132E-01
3.70422,14.2591,-0.250554E-02
3.70483,14.2614,-0.499315E-01
3.70544,14.2638,-0.511537E-01
3.70605,14.2661,-0.286854E-02
3.70667,14.2685,0.283589E-01
3.70728,14.2708,-0.942437E-02
3.70789,14.2732,0.326976E-03
3.70850,14.2755,0.232023E-01
3.70911,14.2779,0.261967
3.70972,14.2802,0.523891E-01
3.71033,14.2826,0.703817E-02
3.71094,14.2849,0.366728E-01
3.71155,14.2873,0.380052E-01
3.71216,14.2896,-0.476165E-02
3.71277,14.2920,0.240027E-01
3.71338,14.2943,0.453899E-02
3.71399,14.2967,0.163544E-01
3.71460,14.2990,0.132484E-02
3.71521,14.3014,0.219975E-01
3.71582,14.3037,-0.150049E-01
3.71643,14.3061,0.115181
3.71704,14.3084,0.597289E-02
3.71765,14.3108,0.823173E-01
3.71826,14.3131,0.189902
3.71887,14.3155,0.265766E-01
3.71948,14.3178,0.325776E-01
3.72009,14.3202,0.298631E-01
3.72070,14.3225,-0.805636E-02
3.72131,14.3248,-0.218680E-01
3.72192,14.3272,-0.311206E-02
3.72253,14.3295,-0.124776E-02
3.72314,14.3319,0.235762E-01
3.72375,14.3342,-0.166972E-01
3.72437,14.3366,0.275534E-01
3.72498,14.3389,0.502544E-01
3.72559,14.3413,-0.630996E-02
3.72620,14.3436,-0.412635E-02
3.72681,14.3460,0.698135E-02
3.72742,14.3483,-0.722692E-01
3.72803,14.3507,0.627301E-01
3.72864,14.3530,0.618436E-02
3.72925,14.3554,-0.136442E-01
3.72986,14.3577,0.127941
3.73047,14.3601,0.199091E-02
3.73108,14.3624,0.625405E-02
3.73169,14.3648,0.982075E-01
3.73230,14.3671,0.212380E-01
3.73291,14.3695,0.331796E-01
3.73352,14.3718,0.275920E-01
3.73413,14.3742,0.354571E-02
3.73474,14.3765,0.180842
3.73535,14.3789,0.220545E-02
3.73596,14.3812,0.346675E-01
3.73657,14.3836,-0.125492E-01
3.73718,14.3859,-0.432858E-01
3.73779,14.3883,0.722820E-01
3.73840,14.3906,0.394376E-01
3.73901,14.3930,-0.195995E-01
3.73962,14.3953,0.304459E-01
3.74023,14.3977,0.449751E-01
3.74084,14.4000,-0.554519E-01
3.74146,14.4024,0.459012E-03
3.74207,14.4047,-0.173992E-02
3.74268,14.4071,-0.109436E-01
3.74329,14.4094,-0.329765E-02
3.74390,14.4118,-0.325869E-01
3.74451,14.4141,0.147357E-01
3.74512,14.4165,-0.264086E-02
3.74573,14.4188,0.137946E-01
3.74634,14.4212,0.250617E-01
3.74695,14.4235,0.208602E-02
3.74756,14.4259,0.217707E-01
3.74817,14.4282,-0.191953E-01
3.74878,14.4306,0.710282E-02
3.74939,14.4329,-0.488179E-01
3.75000,14.4353,0.303672E-01
3.75061,14.4376,0.113111
3.75122,14.4400,0.343550E-01
3.75183,14.4423,0.313914E-01
3.75244,14.4447,0.317942E-01
3.75305,14.4470,0.853178E-01
3.75366,14.4494,0.336092E-01
3.75427,14.4517,-0.165679E-02
3.75488,14.4541,-0.237685E-02
3.75549,14.4564,0.486676E-01
3.75610,14.4588,0.249207E-02
3.75671,14.4611,-0.499836E-01
3.75732,14.4635,0.101042
3.75793,14.4658,0.375667E-01
3.75854,14.4682,0.142394E-01
3.75916,14.4705,-0.250319E-01
3.75977,14.4729,0.260118E-01
3.76038,14.4752,-0.605128E-01
3.76099,14.4776,-0.283103E-01
3.76160,14.4799,-0.314938E-01
3.76221,14.4823,-0.172140E-02
3.76282,14.4846,-0.539640E-01
3.76343,14.4870,-0.346838E-01
3.76404,14.4893,-0.991488E-02
3.76465,14.4917,0.126613E-01
3.76526,14.4940,0.250692E-01
3.76587,14.4964,0.703253E-01
3.76648,14.4987,-0.360917E-02
3.76709,14.5011,0.800085E-01
3.76770,14.5034,0.176504E-01
3.76831,14.5058,0.260212E-01
3.76892,14.5081,0.816632E-02
3.76953,14.5105,-0.110990E-02
3.77014,14.5128,0.681420E-01
3.77075,14.5152,-0.205678E-01
3.77136,14.5175,0.554763E-01
3.77197,14.5199,0.643042E-01
3.77258,14.5222,-0.236720E-01
3.77319,14.5246,0.136815E-01
3.77380,14.5269,0.882758E-01
3.77441,14.5293,0.222924E-01
3.77502,14.5316,-0.913784E-02
3.77563,14.5340,-0.129282E-01
3.77625,14.5363,-0.617554E-01
3.77686,14.5387,-0.343798E-02
3.77747,14.5410,0.659864E-02
3.77808,14.5434,0.172842E-02
3.77869,14.5457,0.115311
3.77930,14.5481,0.167674E-01
3.77991,14.5504,0.904240E-02
3.78052,14.5527,0.165557E-01
3.78113,14.5551,0.210380E-01
3.78174,14.5574,-0.573328E-02
3.78235,14.5598,0.303774E-01
3.78296,14.5621,0.266715E-01
3.78357,14.5645,0.201263E-01
3.78418,14.5668,0.136132E-01
3.78479,14.5692,-0.162457E-01
3.78540,14.5715,-0.246917E-02
3.78601,14.5739,0.103741E-01
3.78662,14.5762,0.412411E-01
3.78723,14.5786,-0.275765E-01
3.78784,14.5809,0.193737E-01
3.78845,14.5833,0.377095E-01
3.78906,14.5856,0.426529E-01
3.78967,14.5880,0.132448E-01
3.79028,14.5903,0.377903E-01
3.79089,14.5927,-0.327520E-01
3.79150,14.5950,-0.310277E-02
3.79211,14.5974,0.673745E-01
3.79272,14.5997,-0.217309E-01
3.79333,14.6021,-0.197666E-02
3.79395,14.6044,0.464851E-02
3.79456,14.6068,-0.658839E-01
3.79517,14.6091,0.806947E-01
3.79578,14.6115,0.839910E-03
3.79639,14.6138,0.836424E-01
3.79700,14.6162,-0.881914E-02
3.79761,14.6185,-0.185302E-01
3.79822,14.6209,0.128921E-01
3.79883,14.6232,0.462391E-02
3.79944,14.6256,-0.110230
3.80005,14.6279,-0.968823E-02
3.80066,14.6303,0.238713E-01
3.80127,14.6326,0.815215E-02
3.80188,14.6350,0.404308E-01
3.80249,14.6373,0.203056E-01
3.80310,14.6397,0.884528E-01
3.80371,14.6420,0.545089E-01
3.80432,14.6444,0.661263E-01
3.80493,14.6467,0.375731E-01
3.80554,14.6491,-0.237217E-01
3.80615,14.6514,-0.346372E-01
3.80676,14.6538,-0.324163E-01
3.80737,14.6561,0.170194E-01
3.80798,14.6585,0.101848
3.80859,14.6608,0.851384E-02
3.80920,14.6632,-0.747460E-02
3.80981,14.6655,-0.130843E-01
3.81042,14.6679,-0.407812E-03
3.81104,14.6702,-0.124667E-01
3.81165,14.6726,-0.166928E-01
3.81226,14.6749,0.975239E-02
3.81287,14.6773,0.289955E-01
3.81348,14.6796,0.791816E-01
3.81409,14.6820,0.955053E-02
3.81470,14.6843,-0.404318E-01
3.81531,14.6867,-0.455284E-01
3.81592,14.6890,0.116496
3.81653,14.6914,0.763137E-01
3.81714,14.6937,0.463044E-01
3.81775,14.6961,-0.475734E-02
3.81836,14.6984,-0.324634E-01
3.81897,14.7008,0.185261E-01
3.81958,14.7031,-0.226613E-01
3.82019,14.7055,-0.205457E-01
3.82080,14.7078,0.203481E-01
3.82141,14.7102,-0.142266E-01
3.82202,14.7125,0.138942E-01
3.82263,14.7149,-0.579864E-01
3.82324,14.7172,0.848368E-02
3.82385,14.7196,0.188565E-01
3.82446,14.7219,0.485792E-01
3.82507,14.7243,0.697973E-01
3.82568,14.7266,0.876467E-01
3.82629,14.7290,0.869117E-01
3.82690,14.7313,-0.644730E-01
3.82751,14.7337,0.273491E-01
3.82812,14.7360,-0.499587E-01
3.82874,14.7384,0.348987E-01
3.82935,14.7407,-0.859462E-01
3.82996,14.7431,0.990924E-01
3.83057,14.7454,-0.989600E-02
3.83118,14.7478,0.912514E-03
3.83179,14.7501,-0.646785E-01
3.83240,14.7525,0.181628E-01
3.83301,14.7548,-0.602273E-01
3.83362,14.7572,0.113046
3.83423,14.7595,0.262001E-01
3.83484,14.7619,0.562965E-01
3.83545,14.7642,-0.205249E-01
3.83606,14.7666,0.433343E-01
3.83667,14.7689,-0.350977E-02
3.83728,14.7713,-0.837232E-02
3.83789,14.7736,0.192188E-01
3.83850,14.7760,0.392133E-01
3.83911,14.7783,0.807278E-01
3.83972,14.7807,-0.356921E-01
3.84033,14.7830,-0.938705E-02
3.84094,14.7853,0.900154E-01
3.84155,14.7877,0.925920E-01
3.84216,14.7900,-0.134434E-01
3.84277,14.7924,0.214526E-01
3.84338,14.7947,0.246828E-01
3.84399,14.7971,0.401433E-01
3.84460,14.7994,0.111197
3.84521,14.8018,-0.944874E-02
3.84583,14.8041,-0.153589E-01
3.84644,14.8065,0.448788E-01
3.84705,14.8088,0.308666E-01
3.84766,14.8112,-0.183011E-02
3.84827,14.8135,-0.905613E-02
3.84888,14.8159,-0.693086E-01
3.84949,14.8182,0.203265E-01
3.85010,14.8206,0.112695E-01
3.85071,14.8229,0.212125E-01
3.85132,14.8253,-0.264668E-01
3.85193,14.8276,0.223473E-01
3.85254,14.8300,0.712454E-01
3.85315,14.8323,0.705170E-02
3.85376,14.8347,0.108944E-01
3.85437,14.8370,0.257155E-01
3.85498,14.8394,0.611055E-01
3.85559,14.8417,-0.113357
3.85620,14.8441,-0.184385E-01
3.85681,14.8464,-0.231953E-01
3.85742,14.8488,0.852657E-01
3.85803,14.8511,0.114956E-01
3.85864,14.8535,0.292559E-01
3.85925,14.8558,0.488955E-01
3.85986,14.8582,0.107438
3.86047,14.8605,-0.457697E-01
3.86108,14.8629,-0.465909E-01
3.86169,14.8652,0.178803E-01
3.86230,14.8676,0.242112E-01
3.86292,14.8699,0.570056E-01
3.86353,14.8723,0.154707E-01
3.86414,14.8746,0.351408E-01
3.86475,14.8770,-0.125026E-01
3.86536,14.8793,-0.163992E-01
3.86597,14.8817,-0.168297E-01
3.86658,14.8840,-0.250668E-01
3.86719,14.8864,0.137309E-01
3.86780,14.8887,-0.198200E-02
3.86841,14.8911,-0.762509E-02
3.86902,14.8934,0.299495E-01
3.86963,14.8958,-0.423160E-01
3.87024,14.8981,-0.202893E-02
3.87085,14.9005,-0.136978E-02
3.87146,14.9028,-0.574196E-02
3.87207,14.9052,-0.628622E-01
3.87268,14.9075,0.236224E-01
3.87329,14.9099,-0.933323E-04
3.87390,14.9122,-0.659595E-02
3.87451,14.9146,-0.176304E-01
3.87512,14.9169,-0.666547E-02
3.87573,14.9193,0.859976E-01
3.87634,14.9216,0.506563E-02
3.87695,14.9240,-0.530717E-01
3.87756,14.9263,0.980244E-01
3.87817,14.9287,-0.142688E-01
3.87878,14.9310,0.325382E-01
3.87939,14.9334,-0.405408E-01
3.88000,14.9357,-0.787709E-03
3.88062,14.9381,-0.360327E-02
3.88123,14.9404,0.247848E-01
3.88184,14.9428,0.300425E-02
3.88245,14.9451,0.471528E-01
3.88306,14.9475,-0.476752E-02
3.88367,14.9498,-0.501926E-01
3.88428,14.9522,0.124775E-01
3.88489,14.9545,0.213352E-01
3.88550,14.9569,0.151269
3.88611,14.9592,-0.125096E-01
3.88672,14.9616,0.319575E-01
3.88733,14.9639,0.180750E-01
3.88794,14.9663,-0.371146E-02
3.88855,14.9686,0.816368E-03
3.88916,14.9710,-0.237790E-01
3.88977,14.9733,-0.123747
3.89038,14.9757,-0.184984E-01
3.89099,14.9780,0.709013E-02
3.89160,14.9804,-0.976450E-02
3.89221,14.9827,-0.205836E-01
3.89282,14.9851,-0.242462E-02
3.89343,14.9874,0.733136E-02
3.89404,14.9898,-0.482633E-01
3.89465,14.9921,0.324191E-01
3.89526,14.9945,0.303438E-01
3.89587,14.9968,0.378447
3.89648,14.9992,0.373652E-01
3.89709,15.0015,-0.855735E-02
3.89771,15.0039,0.762505E-01
3.89832,15.0062,-0.117382
3.89893,15.0086,0.298753E-01
3.89954,15.0109,0.380293E-01
3.90015,15.0133,0.267672E-02
3.90076,15.0156,0.543637E-01
3.90137,15.0179,-0.942263E-01
3.90198,15.0203,0.682266E-02
3.90259,15.0226,0.351992E-01
3.90320,15.0250,-0.291915E-01
3.90381,15.0273,-0.198987E-01
3.90442,15.0297,0.536253E-01
3.90503,15.0320,0.275484E-01
3.90564,15.0344,0.755943E-02
3.90625,15.0367,-0.449926E-01
3.90686,15.0391,-0.853404E-01
3.90747,15.0414,-0.398699E-01
3.90808,15.0438,-0.108974
3.90869,15.0461,0.250976E-01
3.90930,15.0485,-0.659014E-03
3.90991,15.0508,-0.328292E-02
3.91052,15.0532,-0.289604E-01
3.91113,15.0555,-0.772084E-03
3.91174,15.0579,0.615056E-01
3.91235,15.0602,-0.200269E-01
3.91296,15.0626,0.489522E-01
3.91357,15.0649,0.636718E-02
3.91418,15.0673,-0.357426E-02
3.91479,15.0696,0.114990
3.91541,15.0720,-0.491282E-02
3.91602,15.0743,-0.651667E-02
3.91663,15.0767,0.689078E-02
3.91724,15.0790,0.355617E-02
3.91785,15.0814,-0.330217E-01
3.91846,15.0837,-0.188830E-01
3.91907,15.0861,0.331977E-01
3.91968,15.0884,-0.482893E-01
3.92029,15.0908,-0.547549E-01
3.92090,15.0931,0.983800E-01
3.92151,15.0955,0.261841E-01
3.92212,15.0978,-0.232494E-01
3.92273,15.1002,0.259735E-01
3.92334,15.1025,-0.930289E-02
3.92395,15.1049,0.963978E-01
3.92456,15.1072,-0.146609E-01
3.92517,15.1096,-0.163000E-01
3.92578,15.1119,-0.108737E-01
3.92639,15.1143,-0.425120E-01
3.92700,15.1166,-0.535134E-01
3.92761,15.1190,0.106589E-01
3.92822,15.1213,-0.734992E-02
3.92883,15.1237,-0.596184E-02
3.92944,15.1260,0.937653E-02
3.93005,15.1284,0.138550E-02
3.93066,15.1307,0.359293E-01
3.93127,15.1331,0.118328E-02
3.93188,15.1354,-0.468113E-01
3.93250,15.1378,0.110594E-01
3.93311,15.1401,0.301668E-01
3.93372,15.1425,0.764033E-01
3.93433,15.1448,0.130132
3.93494,15.1472,0.302097E-01
3.93555,15.1495,0.261189E-01
3.93616,15.1519,0.141878E-01
3.93677,15.1542,-0.457072E-02
3.93738,15.1566,-0.736564E-01
3.93799,15.1589,0.108634
3.93860,15.1613,-0.567871E-01
3.93921,15.1636,-0.204557E-01
3.93982,15.1660,-0.247747E-02
3.94043,15.1683,-0.102248
3.94104,15.1707,-0.137406E-01
3.94165,15.1730,-0.265922E-01
3.94226,15.1754,0.107868
3.94287,15.1777,-0.308601E-01
3.94348,15.1801,0.784125E-01
3.94409,15.1824,0.137349E-01
3.94470,15.1848,-0.568626E-03
3.94531,15.1871,0.670131E-01
3.94592,15.1895,0.742563E-01
3.94653,15.1918,0.385445E-01
3.94714,15.1942,0.121681E-02
3.94775,15.1965,0.184325E-02
3.94836,15.1989,0.263071E-01
3.94897,15.2012,-0.140940E-01
3.94958,15.2036,-0.179939E-01
3.95020,15.2059,0.947100E-01
3.95081,15.2083,-0.173074E-01
3.95142,15.2106,0.483457E-02
3.95203,15.2130,-0.138717E-01
3.95264,15.2153,-0.153193E-01
3.95325,15.2177,-0.805412E-02
3.95386,15.2200,0.536762E-02
3.95447,15.2224,0.275519
3.95508,15.2247,0.535786E-01
3.95569,15.2271,-0.223323E-01
3.95630,15.2294,0.322159E-02
3.95691,15.2318,0.533773E-01
3.95752,15.2341,-0.207490E-01
3.95813,15.2365,0.170845E-01
3.95874,15.2388,0.161934E-01
3.95935,15.2412,0.677961E-01
3.95996,15.2435,0.961475E-03
3.96057,15.2458,0.368078E-02
3.96118,15.2482,0.432069E-01
3.96179,15.2505,-0.555591E-01
3.96240,15.2529,0.207878E-02
3.96301,15.2552,-0.101323E-01
3.96362,15.2576,0.680797E-01
3.96423,15.2599,0.470743E-01
3.96484,15.2623,0.646565E-01
3.96545,15.2646,-0.180999E-01
3.96606,15.2670,-0.249138E-01
3.96667,15.2693,-0.105490E-01
3.96729,15.2717,0.303176E-01
3.96790,15.2740,0.147917E-01
3.96851,15.2764,-0.562476E-01
3.96912,15.2787,0.440923E-02
3.96973,15.2811,0.225788E-01
3.97034,15.2834,0.164490E-01
3.97095,15.2858,0.119366E-02
3.97156,15.2881,0.195352E-01
3.97217,15.2905,0.145711
3.97278,15.2928,-0.377414E-02
3.97339,15.2952,-0.130710E-02
3.97400,15.2975,0.139127
3.97461,15.2999,-0.159245E-01
3.97522,15.3022,0.789503E-01
3.97583,15.3046,-0.224495E-01
3.97644,15.3069,0.206147E-01
3.97705,15.3093,0.106572
3.97766,15.3116,-0.124354E-01
3.97827,15.3140,0.125842E-01
3.97888,15.3163,0.663326E-02
3.97949,15.3187,0.180510E-01
3.98010,15.3210,-0.267170E-01
3.98071,15.3234,-0.298697E-01
3.98132,15.3257,-0.190027E-01
3.98193,15.3281,-0.329402E-01
3.98254,15.3304,0.162209E-02
3.98315,15.3328,0.620203E-01
3.98376,15.3351,0.506264E-01
3.98438,15.3375,-0.455824E-01
3.98499,15.3398,0.115418E-01
3.98560,15.3422,-0.962385E-02
3.98621,15.3445,0.494300E-02
3.98682,15.3469,0.318742E-01
3.98743,15.3492,-0.803083E-02
3.98804,15.3516,-0.137315E-01
3.98865,15.3539,0.259833E-01
3.98926,15.3563,0.281298E-01
3.98987,15.3586,-0.830672E-04
3.99048,15.3610,0.209285E-02
3.99109,15.3633,-0.299290E-01
3.99170,15.3657,0.112615
3.99231,15.3680,0.381874E-01
3.99292,15.3704,-0.191432E-01
3.99353,15.3727,0.318710E-01
3.99414,15.3751,-0.730656E-02
3.99475,15.3774,0.242836E-01
3.99536,15.3798,0.615742E-01
3.99597,15.3821,0.144132
3.99658,15.3845,0.254974E-01
3.99719,15.3868,-0.572648E-01
3.99780,15.3892,-0.366465E-02
3.99841,15.3915,-0.253759E-01
3.99902,15.3939,0.197342E-01
3.99963,15.3962,-0.130182E-02
4.00024,15.3986,0.189039E-01
4.00085,15.4009,0.517752E-01
4.00146,15.4033,-0.240561E-01
4.00208,15.4056,0.198329E-01
4.00269,15.4080,-0.385505E-02
4.00330,15.4103,-0.668204E-01
4.00391,15.4127,0.274416E-01
4.00452,15.4150,0.822785E-01
4.00513,15.4174,0.909528E-02
4.00574,15.4197,-0.158300E-01
4.00635,15.4221,-0.683449E-01
4.00696,15.4244,-0.616694E-02
4.00757,15.4268,-0.882221E-02
4.00818,15.4291,0.368187E-01
4.00879,15.4315,-0.537910E-03
4.00940,15.4338,0.266560E-01
4.01001,15.4362,0.107639E-02
4.01062,15.4385,-0.124235
4.01123,15.4409,-0.100003E-01
4.01184,15.4432,0.153972E-01
4.01245,15.4456,-0.376490E-01
4.01306,15.4479,-0.639437E-01
4.01367,15.4503,-0.333819E-01
4.01428,15.4526,0.232285E-01
4.01489,15.4550,0.803119E-01
4.01550,15.4573,0.133442E-01
4.01611,15.4597,0.374951E-02
4.01672,15.4620,-0.280363E-01
4.01733,15.4644,-0.186808E-01
4.01794,15.4667,0.335631E-03
4.01855,15.4691,-0.259291E-01
4.01917,15.4714,0.161200E-01
4.01978,15.4738,0.110546
4.02039,15.4761,0.107315
4.02100,15.4784,0.127134E-01
4.02161,15.4808,-0.281965E-01
4.02222,15.4831,0.613369E-01
4.02283,15.4855,-0.227377E-01
4.02344,15.4878,0.276576
4.02405,15.4902,0.437839E-01
4.02466,15.4925,0.837389E-02
4.02527,15.4949,-0.665213E-01
4.02588,15.4972,-0.167022E-01
4.02649,15.4996,-0.793002E-03
4.02710,15.5019,-0.622598E-01
4.02771,15.5043,0.428314E-01
4.02832,15.5066,0.125257E-01
4.02893,15.5090,-0.216359E-01
4.02954,15.5113,-0.857705E-01
4.03015,15.5137,0.941150E-01
4.03076,15.5160,-0.813021E-02
4.03137,15.5184,0.568377E-01
4.03198,15.5207,-0.999796E-01
4.03259,15.5231,-0.115360E-01
4.03320,15.5254,0.319809E-01
4.03381,15.5278,0.291370E-01
4.03442,15.5301,-0.621943E-02
4.03503,15.5325,-0.105556E-01
4.03564,15.5348,-0.208737E-03
4.03625,15.5372,0.332165E-01
4.03687,15.5395,-0.207422E-02
4.03748,15.5419,0.247041E-01
4.03809,15.5442,0.967358E-02
4.03870,15.5466,-0.349300E-01
4.03931,15.5489,0.313628E-01
4.03992,15.5513,0.904834E-02
4.04053,15.5536,0.575354E-02
4.04114,15.5560,-0.347966E-01
4.04175,15.5583,-0.269106E-01
4.04236,15.5607,0.197657E-01
4.04297,15.5630,0.272875E-01
4.04358,15.5654,0.321797E-01
4.04419,15.5677,0.253669E-01
4.04480,15.5701,0.549118E-01
4.04541,15.5724,0.239569E-01
4.04602,15.5748,0.165055E-01
4.04663,15.5771,-0.876294E-01
4.04724,15.5795,-0.174330E-01
4.04785,15.5818,0.676510E-01
4.04846,15.5842,-0.398595E-01
4.04907,15.5865,-0.180354E-02
4.04968,15.5889,0.430194E-01
4.05029,15.5912,-0.861710E-01
4.05090,15.5936,0.171184E-01
4.05151,15.5959,0.722358E-03
4.05212,15.5983,-0.993757E-01
4.05273,15.6006,0.435518E-01
4.05334,15.6030,0.197724E-01
4.05396,15.6053,-0.105198E-01
4.05457,15.6077,-0.167681E-01
4.05518,15.6100,0.407050E-01
4.05579,15.6124,0.860252E-01
4.05640,15.6147,-0.126136
4.05701,15.6171,0.603009E-01
4.05762,15.6194,0.234661E-02
4.05823,15.6218,0.534702E-02
4.05884,15.6241,0.191582E-01
4.05945,15.6265,0.999938E-01
4.06006,15.6288,0.403149E-01
4.06067,15.6312,0.318026E-01
4.06128,15.6335,0.165616
4.06189,15.6359,0.122485E-01
4.06250,15.6382,-0.196950E-01
4.06311,15.6406,0.322321E-01
4.06372,15.6429,-0.443054E-01
4.06433,15.6453,0.378104E-01
4.06494,15.6476,0.428700E-01
4.06555,15.6500,-0.720830E-02
4.06616,15.6523,0.577685E-01
4.06677,15.6547,-0.230148E-01
4.06738,15.6570,-0.362884E-02
4.06799,15.6594,-0.117646E-01
4.06860,15.6617,0.163653
4.06921,15.6641,0.117084
4.06982,15.6664,0.122676
4.07043,15.6688,-0.629525E-01
4.07104,15.6711,-0.368417E-01
4.07166,15.6735,0.821017E-01
4.07227,15.6758,0.706629E-03
4.07288,15.6782,-0.150585E-01
4.07349,15.6805,0.622308E-01
4.07410,15.6829,-0.417751E-01
4.07471,15.6852,0.275917E-01
4.07532,15.6876,0.169071E-01
4.07593,15.6899,0.639687E-01
4.07654,15.6923,-0.206400E-01
4.07715,15.6946,0.538968E-01
4.07776,15.6970,0.188863E-01
4.07837,15.6993,0.449089E-02
4.07898,15.7017,-0.106505E-01
4.07959,15.7040,0.292661E-01
4.08020,15.7064,0.409193E-01
4.08081,15.7087,-0.719699E-01
4.08142,15.7110,-0.339037E-01
4.08203,15.7134,-0.210663E-02
4.08264,15.7157,-0.795901E-02
4.08325,15.7181,0.234468E-02
4.08386,15.7204,-0.992368E-03
4.08447,15.7228,0.981942E-01
4.08508,15.7251,0.236617E-03
4.08569,15.7275,0.744596E-01
4.08630,15.7298,-0.273422E-01
4.08691,15.7322,0.225822E-02
4.08752,15.7345,0.216355E-01
4.08813,15.7369,-0.138931E-01
4.08875,15.7392,0.122510
4.08936,15.7416,0.248976E-01
4.08997,15.7439,0.377484E-01
4.09058,15.7463,0.506789E-02
4.09119,15.7486,-0.316617E-01
4.09180,15.7510,0.373083E-01
4.09241,15.7533,0.343398E-01
4.09302,15.7557,0.243391E-01
4.09363,15.7580,-0.398509E-01
4.09424,15.7604,-0.212650E-02
4.09485,15.7627,-0.228538E-01
4.09546,15.7651,0.839707E-01
4.09607,15.7674,-0.321111E-02
4.09668,15.7698,-0.617834E-02
4.09729,15.7721,0.247162E-01
4.09790,15.7745,-0.269123E-03
4.09851,15.7768,0.148718E-02
4.09912,15.7792,0.253432E-01
4.09973,15.7815,-0.296857E-02
4.10034,15.7839,-0.306150E-01
4.10095,15.7862,0.243026E-02
4.10156,15.7886,0.242000E-03
4.10217,15.7909,-0.387151E-01
4.10278,15.7933,-0.265293E-01
4.10339,15.7956,-0.108099E-01
4.10400,15.7980,-0.211600E-01
4.10461,15.8003,-0.366549E-02
4.10522,15.8027,-0.145782E-02
4.10583,15.8050,0.333321E-01
4.10645,15.8074,-0.438462E-01
4.10706,15.8097,0.191723E-01
4.10767,15.8121,0.377389E-01
4.10828,15.8144,-0.514079E-02
4.10889,15.8168,0.103838
4.10950,15.8191,0.194447E-01
4.11011,15.8215,0.299984E-01
4.11072,15.8238,0.284283E-01
4.11133,15.8262,0.209652E-01
4.11194,15.8285,-0.241961E-02
4.11255,15.8309,-0.389549E-02
4.11316,15.8332,0.847855E-02
4.11377,15.8356,0.138055
4.11438,15.8379,-0.221881E-01
4.11499,15.8403,0.243368E-01
4.11560,15.8426,-0.105565E-02
4.11621,15.8450,-0.154159E-01
4.11682,15.8473,-0.431584E-01
4.11743,15.8497,-0.179912E-01
4.11804,15.8520,-0.472858E-02
4.11865,15.8544,-0.940421E-01
4.11926,15.8567,0.276263E-01
4.11987,15.8591,0.122163E-01
4.12048,15.8614,-0.217869E-01
4.12109,15.8638,0.410810E-01
4.12170,15.8661,0.160545E-01
4.12231,15.8685,-0.419066E-01
4.12292,15.8708,0.120822E-02
4.12354,15.8732,-0.501961E-01
4.12415,15.8755,-0.281217E-01
4.12476,15.8779,0.210122E-01
4.12537,15.8802,-0.108995
4.12598,15.8826,0.648174E-01
4.12659,15.8849,0.168648
4.12720,15.8873,-0.226299E-01
4.12781,15.8896,-0.780709E-01
4.12842,15.8920,-0.170552E-01
4.12903,15.8943,-0.314092E-02
4.12964,15.8967,-0.765889E-01
4.13025,15.8990,-0.150072E-01
4.13086,15.9014,-0.488968E-01
4.13147,15.9037,-0.182795E-01
4.13208,15.9061,-0.356788E-01
4.13269,15.9084,0.259923E-01
4.13330,15.9108,0.466904E-02
4.13391,15.9131,-0.799188E-01
4.13452,15.9155,0.892645E-01
4.13513,15.9178,0.365512E-01
4.13574,15.9202,0.308151E-02
4.13635,15.9225,0.481097E-02
4.13696,15.9249,-0.294514E-01
4.13757,15.9272,0.221542E-01
4.13818,15.9296,0.799604E-01
4.13879,15.9319,0.207326E-01
4.13940,15.9343,0.466886E-02
4.14001,15.9366,0.821651E-02
4.14062,15.9389,0.833297E-02
4.14124,15.9413,-0.439893E-01
4.14185,15.9436,0.703033E-01
4.14246,15.9460,0.312492E-02
4.14307,15.9483,0.109552E-01
4.14368,15.9507,-0.616954E-01
4.14429,15.9530,0.199834E-01
4.14490,15.9554,0.225704
4.14551,15.9577,-0.205685E-01
4.14612,15.9601,0.897414E-01
4.14673,15.9624,-0.595119E-02
4.14734,15.9648,0.512216E-01
4.14795,15.9671,-0.207087E-01
4.14856,15.9695,-0.172818E-02
4.14917,15.9718,-0.912541E-02
4.14978,15.9742,-0.328887E-01
4.15039,15.9765,-0.219730E-01
4.15100,15.9789,-0.238656E-01
4.15161,15.9812,-0.497733E-02
4.15222,15.9836,-0.857831E-01
4.15283,15.9859,-0.297699E-01
4.15344,15.9883,-0.208620E-02
4.15405,15.9906,-0.907794E-02
4.15466,15.9930,0.143041E-01
4.15527,15.9953,0.294103E-01
4.15588,15.9977,-0.296035E-01
4.15649,16.0000,0.724100E-01
4.15710,16.0024,-0.158940E-01
4.15771,16.0047,0.432464E-01
4.15833,16.0071,0.467436E-01
4.15894,16.0094,0.112804E-01
4.15955,16.0118,-0.345182E-01
4.16016,16.0141,-0.627620E-02
4.16077,16.0165,-0.142287E-01
4.16138,16.0188,-0.141443E-01
4.16199,16.0212,-0.296561E-01
4.16260,16.0235,0.534125E-01
4.16321,16.0259,-0.290099E-02
4.16382,16.0282,0.506007E-01
4.16443,16.0306,-0.552065E-01
4.16504,16.0329,-0.372874E-01
4.16565,16.0353,-0.550913E-02
4.16626,16.0376,0.453357E-01
4.16687,16.0400,0.456284E-02
4.16748,16.0423,0.119510E-01
4.16809,16.0447,-0.934060E-01
4.16870,16.0470,0.342410E-02
4.16931,16.0494,0.110074
4.16992,16.0517,-0.146563E-02
4.17053,16.0541,-0.279737E-01
4.17114,16.0564,-0.349986E-01
4.17175,16.0588,-0.721887E-01
4.17236,16.0611,0.430542E-01
4.17297,16.0635,0.171476E-01
4.17358,16.0658,0.249988E-02
4.17419,16.0682,0.690867E-01
4.17480,16.0705,-0.323358E-01
4.17542,16.0729,0.637260E-01
4.17603,16.0752,0.445437E-01
4.17664,16.0776,0.391636E-01
4.17725,16.0799,-0.125811E-01
4.17786,16.0823,-0.483980E-01
4.17847,16.0846,-0.676389E-01
4.17908,16.0870,0.360285E-01
4.17969,16.0893,0.153238E-01
4.18030,16.0917,0.129222E-01
4.18091,16.0940,0.200505E-01
4.18152,16.0964,0.105998
4.18213,16.0987,-0.993551E-01
4.18274,16.1011,0.839051E-01
4.18335,16.1034,-0.267688E-01
4.18396,16.1058,0.492371E-01
4.18457,16.1081,-0.112556E-01
4.18518,16.1105,-0.183005E-02
4.18579,16.1128,0.708319E-02
4.18640,16.1152,0.342495E-01
4.18701,16.1175,0.901652E-01
4.18762,16.1199,0.543868E-01
4.18823,16.1222,-0.281117E-01
4.18884,16.1246,-0.995364E-02
4.18945,16.1269,0.136160E-01
4.19006,16.1293,-0.867483E-02
4.19067,16.1316,-0.119476E-01
4.19128,16.1340,-0.179958E-01
4.19189,16.1363,-0.233902E-01
4.19250,16.1387,0.270626E-01
4.19312,16.1410,0.124633
4.19373,16.1434,-0.309222E-01
4.19434,16.1457,-0.126874
4.19495,16.1481,0.152610
4.19556,16.1504,0.785132E-01
4.19617,16.1528,-0.127108E-01
4.19678,16.1551,0.975871E-01
4.19739,16.1575,-0.740745E-01
4.19800,16.1598,0.125218
4.19861,16.1622,0.129167
4.19922,16.1645,0.239928E-01
4.19983,16.1669,-0.572425E-02
4.20044,16.1692,0.844775E-01
4.20105,16.1715,0.191786E-01
4.20166,16.1739,-0.419084E-01
4.20227,16.1762,-0.202445E-03
4.20288,16.1786,-0.119208E-01
4.20349,16.1809,0.112592E-01
4.20410,16.1833,-0.825182E-01
4.20471,16.1856,-0.278664E-01
4.20532,16.1880,0.175250E-01
4.20593,16.1903,0.102715
4.20654,16.1927,-0.476431E-01
4.20715,16.1950,-0.124249E-01
4.20776,16.1974,0.229051E-01
4.20837,16.1997,0.545907E-01
4.20898,16.2021,-0.589766E-01
4.20959,16.2044,0.154295
4.21021,16.2068,-0.910260E-01
4.21082,16.2091,-0.530973E-01
4.21143,16.2115,0.188535E-02
4.21204,16.2138,0.165548E-01
4.21265,16.2162,0.114746
4.21326,16.2185,-0.525116E-01
4.21387,16.2209,0.153076
4.21448,16.2232,0.308238E-02
4.21509,16.2256,-0.426055E-02
4.21570,16.2279,0.901144E-01
4.21631,16.2303,0.167089
4.21692,16.2326,0.336580E-01
4.21753,16.2350,0.754341E-01
4.21814,16.2373,-0.421928E-02
4.21875,16.2397,0.115932
4.21936,16.2420,-0.121567
4.21997,16.2444,0.873434E-02
4.22058,16.2467,0.141978E-01
4.22119,16.2491,-0.552893E-01
4.22180,16.2514,0.207773E-01
4.22241,16.2538,-0.377426E-01
4.22302,16.2561,-0.439848E-01
4.22363,16.2585,-0.163858E-01
4.22424,16.2608,-0.371426E-01
4.22485,16.2632,0.178190E-01
4.22546,16.2655,-0.252947E-01
4.22607,16.2679,0.586113E-01
4.22668,16.2702,0.376983E-01
4.22729,16.2726,0.497366E-02
4.22791,16.2749,0.429610E-01
4.22852,16.2773,0.663326E-01
4.22913,16.2796,-0.117205E-01
4.22974,16.2820,-0.211422E-01
4.23035,16.2843,0.690227E-01
4.23096,16.2867,-0.312669E-02
4.23157,16.2890,0.218684E-01
4.23218,16.2914,-0.271241E-01
4.23279,16.2937,0.650016E-01
4.23340,16.2961,0.297345E-01
4.23401,16.2984,-0.743278E-02
4.23462,16.3008,0.190243E-01
4.23523,16.3031,0.103939
4.23584,16.3055,0.180882E-01
4.23645,16.3078,-0.246766E-01
4.23706,16.3102,-0.549965E-01
4.23767,16.3125,0.737174E-04
4.23828,16.3149,0.646644E-01
4.23889,16.3172,0.363327E-01
4.23950,16.3196,-0.961880E-02
4.24011,16.3219,-0.371930E-01
4.24072,16.3243,0.159503
4.24133,16.3266,0.157626E-01
4.24194,16.3290,0.332636E-02
4.24255,16.3313,0.168663E-01
4.24316,16.3337,0.120204
4.24377,16.3360,0.192197E-02
4.24438,16.3384,0.189064E-01
4.24500,16.3407,0.633313E-01
4.24561,16.3431,0.876154E-03
4.24622,16.3454,-0.117301E-01
4.24683,16.3478,-0.209381E-02
4.24744,16.3501,-0.638430E-01
4.24805,16.3525,0.116844E-01
4.24866,16.3548,0.469958E-02
4.24927,16.3572,0.361851E-01
4.24988,16.3595,0.252267E-01
4.25049,16.3619,0.137551E-01
4.25110,16.3642,0.750618E-02
4.25171,16.3666,-0.295744E-01
4.25232,16.3689,0.180650E-01
4.25293,16.3713,-0.631522E-01
4.25354,16.3736,0.322589E-01
4.25415,16.3760,-0.912779E-01
4.25476,16.3783,0.842070E-01
4.25537,16.3807,0.492151E-02
4.25598,16.3830,0.576476E-01
4.25659,16.3854,-0.401132E-02
4.25720,16.3877,0.132247E-01
4.25781,16.3901,0.576378E-01
4.25842,16.3924,0.161298E-01
4.25903,16.3948,-0.285150E-02
4.25964,16.3971,-0.275809E-01
4.26025,16.3995,-0.107892E-02
4.26086,16.4018,-0.118778E-01
4.26147,16.4041,-0.247079E-01
4.26208,16.4065,-0.802845E-01
4.26270,16.4088,-0.735870E-02
4.26331,16.4112,0.766476E-02
4.26392,16.4135,-0.483956E-01
4.26453,16.4159,0.439853E-01
4.26514,16.4182,0.158779E-01
4.26575,16.4206,-0.457905E-02
4.26636,16.4229,-0.629583E-02
4.26697,16.4253,-0.822412E-02
4.26758,16.4276,-0.683056E-04
4.26819,16.4300,-0.825063E-01
4.26880,16.4323,0.120422
4.26941,16.4347,-0.710657E-03
4.27002,16.4370,0.635954E-01
4.27063,16.4394,0.151834E-01
4.27124,16.4417,0.226044E-01
4.27185,16.4441,-0.277126E-02
4.27246,16.4464,-0.206534E-01
4.27307,16.4488,0.171022
4.27368,16.4511,0.479391E-01
4.27429,16.4535,-0.245464E-01
4.27490,16.4558,0.737218E-01
4.27551,16.4582,-0.118803
4.27612,16.4605,-0.752733E-02
4.27673,16.4629,-0.751413E-02
4.27734,16.4652,0.788728E-02
4.27795,16.4676,0.413471E-01
4.27856,16.4699,0.301836E-01
4.27917,16.4723,0.307755E-01
4.27979,16.4746,-0.332030E-01
4.28040,16.4770,0.372962E-01
4.28101,16.4793,0.133294E-01
4.28162,16.4817,0.193434E-01
4.28223,16.4840,-0.536598E-01
4.28284,16.4864,-0.242874E-01
4.28345,16.4887,-0.365457E-03
4.28406,16.4911,0.715651E-01
4.28467,16.4934,0.801011E-01
4.28528,16.4958,-0.257195E-01
4.28589,16.4981,0.272840E-01
4.28650,16.5005,-0.451941E-01
4.28711,16.5028,-0.113033E-02
4.28772,16.5052,0.958339E-02
4.28833,16.5075,-0.187147E-01
4.28894,16.5099,0.144561E-01
4.28955,16.5122,0.183245E-01
4.29016,16.5146,0.564311E-01
4.29077,16.5169,-0.318605E-01
4.29138,16.5193,-0.950929E-02
4.29199,16.5216,0.240738E-01
4.29260,16.5240,0.282168E-01
4.29321,16.5263,0.855833E-01
4.29382,16.5287,0.144519E-01
4.29443,16.5310,0.617475E-01
4.29504,16.5334,-0.270201E-01
4.29565,16.5357,0.840700E-01
4.29626,16.5381,-0.146052E-01
4.29688,16.5404,-0.402722E-01
4.29749,16.5428,-0.232441E-03
4.29810,16.5451,0.197705E-01
4.29871,16.5475,-0.447430E-01
4.29932,16.5498,0.178040E-01
4.29993,16.5522,0.304730E-03
4.30054,16.5545,0.293356E-02
4.30115,16.5569,0.613289E-03
4.30176,16.5592,0.315270E-01
4.30237,16.5616,-0.396298E-02
4.30298,16.5639,-0.345086E-01
4.30359,16.5663,-0.445353E-01
4.30420,16.5686,0.812750E-02
4.30481,16.5710,0.202796E-01
4.30542,16.5733,-0.170497E-02
4.30603,16.5757,-0.161786E-01
4.30664,16.5780,0.203916E-01
4.30725,16.5804,0.696082E-01
4.30786,16.5827,-0.622408E-02
4.30847,16.5851,-0.166191E-01
4.30908,16.5874,0.191011E-01
4.30969,16.5898,-0.211598E-01
4.31030,16.5921,0.739916E-01
4.31091,16.5945,-0.371238E-01
4.31152,16.5968,0.610531E-01
4.31213,16.5992,0.584419E-01
4.31274,16.6015,-0.113569
4.31335,16.6039,0.579738E-01
4.31396,16.6062,0.222664E-01
4.31458,16.6086,0.329151E-01
4.31519,16.6109,-0.124510E-01
4.31580,16.6133,-0.182295E-01
4.31641,16.6156,-0.959644E-02
4.31702,16.6180,0.242124E-01
4.31763,16.6203,-0.380097E-01
4.31824,16.6227,-0.480417E-01
4.31885,16.6250,-0.105965E-02
4.31946,16.6274,0.467524E-01
4.32007,16.6297,-0.542725E-01
4.32068,16.6320,-0.213585E-01
4.32129,16.6344,0.151459
4.32190,16.6367,0.272809E-01
4.32251,16.6391,0.398901E-01
4.32312,16.6414,0.548007E-01
4.32373,16.6438,-0.102177E-02
4.32434,16.6461,0.523955E-01
4.32495,16.6485,0.858798E-02
4.32556,16.6508,-0.149197E-01
4.32617,16.6532,0.266842E-01
4.32678,16.6555,-0.107433E-01
4.32739,16.6579,-0.924910E-03
4.32800,16.6602,-0.576423E-01
4.32861,16.6626,0.711332E-01
4.32922,16.6649,0.100075E-01
4.32983,16.6673,-0.730938E-01
4.33044,16.6696,0.982136E-01
4.33105,16.6720,-0.257098E-01
4.33167,16.6743,-0.318537E-01
4.33228,16.6767,0.698553E-02
4.33289,16.6790,0.464383E-02
4.33350,16.6814,0.420782E-01
4.33411,16.6837,0.293887E-02
4.33472,16.6861,0.535476E-01
4.33533,16.6884,0.548168E-01
4.33594,16.6908,-0.123452E-01
4.33655,16.6931,0.289450E-01
4.33716,16.6955,0.166256E-01
4.33777,16.6978,0.194080E-01
4.33838,16.7002,0.589431E-02
4.33899,16.7025,0.127565
4.33960,16.7049,-0.230999E-01
4.34021,16.7072,0.461240E-01
4.34082,16.7096,0.138639E-01
4.34143,16.7119,0.157753
4.34204,16.7143,-0.213430E-01
4.34265,16.7166,0.627641E-01
4.34326,16.7190,-0.305498E-01
4.34387,16.7213,0.198009E-01
4.34448,16.7237,0.464888E-02
4.34509,16.7260,0.942938E-02
4.34570,16.7284,-0.501873E-01
4.34631,16.7307,0.713951E-01
4.34692,16.7331,0.897717E-01
4.34753,16.7354,-0.828506E-01
4.34814,16.7378,0.249728E-01
4.34875,16.7401,-0.261340E-01
4.34937,16.7425,0.622639E-01
4.34998,16.7448,-0.203838E-02
4.35059,16.7472,0.122808
4.35120,16.7495,-0.512844E-01
4.35181,16.7519,-0.259949E-01
4.35242,16.7542,0.478965E-01
4.35303,16.7566,-0.596039E-02
4.35364,16.7589,0.240550E-02
4.35425,16.7613,0.238885E-02
4.35486,16.7636,0.167070E-01
4.35547,16.7660,-0.919688E-02
4.35608,16.7683,-0.286353E-02
4.35669,16.7707,-0.693531E-02
4.35730,16.7730,0.210252E-02
4.35791,16.7754,0.106338E-01
4.35852,16.7777,-0.490327E-01
4.35913,16.7801,0.104545
4.35974,16.7824,-0.511108E-01
4.36035,16.7848,0.206532E-01
4.36096,16.7871,-0.248463E-01
4.36157,16.7895,0.443233E-01
4.36218,16.7918,0.763379E-02
4.36279,16.7942,0.404566E-01
4.36340,16.7965,-0.147129E-01
4.36401,16.7989,0.619815E-02
4.36462,16.8012,-0.181648E-01
4.36523,16.8036,0.851288E-02
4.36584,16.8059,-0.509213E-01
4.36646,16.8083,-0.227079E-01
4.36707,16.8106,0.641259E-02
4.36768,16.8130,0.167933
4.36829,16.8153,-0.759068E-01
4.36890,16.8177,-0.284223E-01
4.36951,16.8200,0.151914E-01
4.37012,16.8224,-0.980855E-02
4.37073,16.8247,0.220137
4.37134,16.8271,0.678567E-01
4.37195,16.8294,0.434091E-01
4.37256,16.8318,0.609525E-01
4.37317,16.8341,0.166783E-02
4.37378,16.8365,0.409831E-01
4.37439,16.8388,-0.595034E-02
4.37500,16.8412,0.365717E-01
4.37561,16.8435,0.188136E-01
4.37622,16.8459,0.170019E-01
4.37683,16.8482,-0.256602E-02
4.37744,16.8506,0.365130E-02
4.37805,16.8529,-0.770285E-01
4.37866,16.8553,-0.943564E-01
4.37927,16.8576,0.370515E-01
4.37988,16.8600,-0.597699E-01
4.38049,16.8623,0.118093E-01
4.38110,16.8646,0.117118E-01
4.38171,16.8670,-0.169398E-01
4.38232,16.8693,0.119620
4.38293,16.8717,0.419735E-01
4.38354,16.8740,0.158669E-01
4.38416,16.8764,0.700185E-01
4.38477,16.8787,0.177296E-01
4.38538,16.8811,-0.397389E-01
4.38599,16.8834,0.318221E-01
4.38660,16.8858,-0.371152E-01
4.38721,16.8881,-0.196638E-01
4.38782,16.8905,0.330126E-01
4.38843,16.8928,0.584230E-01
4.38904,16.8952,-0.655162E-01
4.38965,16.8975,-0.369745E-02
4.39026,16.8999,0.124974E-02
4.39087,16.9022,-0.376590E-01
4.39148,16.9046,0.105925
4.39209,16.9069,-0.208356
4.39270,16.9093,0.923786E-01
4.39331,16.9116,0.705593E-01
4.39392,16.9140,-0.167624E-02
4.39453,16.9163,-0.779712E-01
4.39514,16.9187,0.131357E-01
4.39575,16.9210,0.260456E-01
4.39636,16.9234,0.108211
4.39697,16.9257,0.464283E-02
4.39758,16.9281,-0.986847E-01
4.39819,16.9304,0.339703E-03
4.39880,16.9328,0.630537E-01
4.39941,16.9351,0.955191E-01
4.40002,16.9375,-0.221681E-02
4.40063,16.9398,0.141368E-01
4.40125,16.9422,-0.173012E-01
4.40186,16.9445,0.262614E-01
4.40247,16.9469,0.327451E-01
4.40308,16.9492,0.228236E-02
4.40369,16.9516,-0.563831E-02
4.40430,16.9539,-0.161136E-01
4.40491,16.9563,0.217704E-01
4.40552,16.9586,0.224577E-01
4.40613,16.9610,-0.216589E-01
4.40674,16.9633,0.925304E-01
4.40735,16.9657,0.250711E-01
4.40796,16.9680,0.140747
4.40857,16.9704,0.111046
4.40918,16.9727,0.329612E-02
4.40979,16.9751,-0.924512E-01
4.41040,16.9774,0.244337E-02
4.41101,16.9798,0.924059E-01
4.41162,16.9821,0.678440E-02
4.41223,16.9845,0.441399E-01
4.41284,16.9868,0.125223E-01
4.41345,16.9892,0.196916E-02
4.41406,16.9915,0.174172
4.41467,16.9939,0.183581E-01
4.41528,16.9962,0.137926E-01
4.41589,16.9986,-0.232470E-02
4.41650,17.0009,0.243793E-01
4.41711,17.0033,0.361132E-01
4.41772,17.0056,0.543175E-02
4.41833,17.0080,0.701208E-01
4.41895,17.0103,0.105111E-02
4.41956,17.0127,-0.534940E-01
4.42017,17.0150,0.719313E-02
4.42078,17.0174,0.368695E-01
4.42139,17.0197,0.222716E-01
4.42200,17.0221,0.181432E-02
4.42261,17.0244,-0.134440E-01
4.42322,17.0268,-0.776587E-02
4.42383,17.0291,-0.449708E-01
4.42444,17.0315,0.397344E-02
4.42505,17.0338,-0.737932E-03
4.42566,17.0362,0.145515
4.42627,17.0385,0.320490E-01
4.42688,17.0409,-0.292572E-01
4.42749,17.0432,-0.109856E-02
4.42810,17.0456,0.203563E-01
4.42871,17.0479,0.526040E-01
4.42932,17.0503,0.187531E-01
4.42993,17.0526,0.373436E-02
4.43054,17.0550,0.288978E-01
4.43115,17.0573,-0.521820E-01
4.43176,17.0597,0.518195E-01
4.43237,17.0620,0.227801E-01
4.43298,17.0644,0.433547E-01
4.43359,17.0667,0.252745E-01
4.43420,17.0691,0.415685E-01
4.43481,17.0714,-0.357664E-01
4.43542,17.0738,0.275459E-01
4.43604,17.0761,-0.257332E-01
4.43665,17.0785,-0.221141E-03
4.43726,17.0808,0.386478E-01
4.43787,17.0832,0.183618
4.43848,17.0855,0.904902E-02
4.43909,17.0879,0.294786E-01
4.43970,17.0902,0.811262E-02
4.44031,17.0926,-0.558878E-01
4.44092,17.0949,-0.247128E-01
4.44153,17.0972,0.476980E-01
4.44214,17.0996,-0.348430E-01
4.44275,17.1019,-0.926141E-01
4.44336,17.1043,-0.920711E-01
4.44397,17.1066,-0.439700E-02
4.44458,17.1090,-0.110654
4.44519,17.1113,0.506230E-01
4.44580,17.1137,-0.430429E-01
4.44641,17.1160,-0.133251E-01
4.44702,17.1184,0.515804E-01
4.44763,17.1207,0.272762E-01
4.44824,17.1231,-0.438271E-01
4.44885,17.1254,-0.377784E-01
4.44946,17.1278,-0.334173E-01
4.45007,17.1301,0.107997E-01
4.45068,17.1325,-0.734398E-03
4.45129,17.1348,0.550802E-02
4.45190,17.1372,-0.179445E-01
4.45251,17.1395,0.412920E-01
4.45312,17.1419,-0.528230E-01
4.45374,17.1442,0.368398E-01
4.45435,17.1466,0.697571E-03
4.45496,17.1489,0.515333E-02
4.45557,17.1513,0.176264E-01
4.45618,17.1536,-0.218926E-01
4.45679,17.1560,0.192105E-01
4.45740,17.1583,-0.669498E-01
4.45801,17.1607,0.300289E-02
4.45862,17.1630,0.161894E-01
4.45923,17.1654,-0.309995E-01
4.45984,17.1677,-0.141322E-01
4.46045,17.1701,0.109163
4.46106,17.1724,0.738191E-02
4.46167,17.1748,0.540364E-01
4.46228,17.1771,-0.580144E-01
4.46289,17.1795,-0.700530E-01
4.46350,17.1818,0.430080E-02
4.46411,17.1842,-0.449043E-01
4.46472,17.1865,0.868369E-02
4.46533,17.1889,0.189790E-01
4.46594,17.1912,0.169415E-01
4.46655,17.1936,-0.196941E-01
4.46716,17.1959,0.895115E-01
4.46777,17.1983,-0.150277E-01
4.46838,17.2006,-0.513289E-01
4.46899,17.2030,0.118593E-01
4.46960,17.2053,-0.104399
4.47021,17.2077,-0.686367E-02
4.47083,17.2100,0.158314
4.47144,17.2124,0.273461E-01
4.47205,17.2147,-0.284536E-01
4.47266,17.2171,-0.665793E-01
4.47327,17.2194,0.393093E-01
4.47388,17.2218,0.788186E-02
4.47449,17.2241,-0.469975E-01
4.47510,17.2265,-0.145680E-01
4.47571,17.2288,0.102587E-01
4.47632,17.2312,0.163857E-01
4.47693,17.2335,0.287934E-01
4.47754,17.2359,-0.123454E-01
4.47815,17.2382,0.979434E-01
4.47876,17.2406,0.309469E-01
4.47937,17.2429,0.110897
4.47998,17.2453,-0.772082E-01
4.48059,17.2476,0.401795E-01
4.48120,17.2500,-0.879856E-01
4.48181,17.2523,-0.411731E-02
4.48242,17.2547,0.206306E-01
4.48303,17.2570,0.958296E-01
4.48364,17.2594,0.165158
4.48425,17.2617,-0.354350E-01
4.48486,17.2641,0.569014E-01
4.48547,17.2664,0.335668E-01
4.48608,17.2688,-0.573414E-02
4.48669,17.2711,0.313949E-01
4.48730,17.2735,-0.488317E-02
4.48792,17.2758,0.618779E-01
4.48853,17.2782,0.134869
4.48914,17.2805,0.565512E-01
4.48975,17.2829,0.358419E-01
4.49036,17.2852,-0.183980E-01
4.49097,17.2876,-0.241370E-02
4.49158,17.2899,-0.869156E-01
4.49219,17.2923,-0.702791E-01
4.49280,17.2946,0.922227E-02
4.49341,17.2970,0.270335E-01
4.49402,17.2993,0.217408E-01
4.49463,17.3017,-0.830383E-01
4.49524,17.3040,0.601083E-02
4.49585,17.3064,-0.509996E-01
4.49646,17.3087,-0.555461E-01
4.49707,17.3111,0.939142E-01
4.49768,17.3134,0.395707E-01
4.49829,17.3158,0.460284E-01
4.49890,17.3181,-0.563688E-01
4.49951,17.3205,-0.137486E-01
4.50012,17.3228,0.947235E-03
4.50073,17.3251,0.807645E-02
4.50134,17.3275,0.110873E-01
4.50195,17.3298,0.723185E-02
4.50256,17.3322,0.223007E-01
4.50317,17.3345,-0.183086E-01
4.50378,17.3369,0.705094E-02
4.50439,17.3392,-0.152682E-01
4.50500,17.3416,-0.412598E-01
4.50562,17.3439,0.319242E-01
4.50623,17.3463,-0.122817E-01
4.50684,17.3486,0.267988E-01
4.50745,17.3510,-0.108684E-01
4.50806,17.3533,-0.311602E-02
4.50867,17.3557,0.194739E-01
4.50928,17.3580,0.522160E-02
4.50989,17.3604,0.190851E-01
4.51050,17.3627,0.158380E-02
4.51111,17.3651,0.673087E-01
4.51172,17.3674,0.756949E-01
4.51233,17.3698,-0.397261E-01
4.51294,17.3721,-0.297997E-01
4.51355,17.3745,-0.495103E-01
4.51416,17.3768,0.260956E-01
4.51477,17.3792,-0.401588E-03
4.51538,17.3815,0.310995E-01
4.51599,17.3839,-0.770108E-02
4.51660,17.3862,0.634198E-01
4.51721,17.3886,-0.260181E-01
4.51782,17.3909,0.309342E-01
4.51843,17.3933,0.955972E-02
4.51904,17.3956,0.911448E-01
4.51965,17.3980,0.331730E-02
4.52026,17.4003,0.802984E-01
4.52087,17.4027,0.156753E-02
4.52148,17.4050,0.348996E-01
4.52209,17.4074,-0.758599E-01
4.52271,17.4097,0.136290
4.52332,17.4121,-0.207260E-01
4.52393,17.4144,-0.793634E-01
4.52454,17.4168,-0.458231E-01
4.52515,17.4191,0.810667E-01
4.52576,17.4215,0.154718E-02
4.52637,17.4238,-0.247380E-01
4.52698,17.4262,0.870534E-01
4.52759,17.4285,-0.244861E-01
4.52820,17.4309,-0.389949E-01
4.52881,17.4332,-0.185875E-01
4.52942,17.4356,-0.719872E-01
4.53003,17.4379,-0.174832E-01
4.53064,17.4403,0.324662E-01
4.53125,17.4426,0.742750E-01
4.53186,17.4450,-0.195334E-01
4.53247,17.4473,-0.203942E-02
4.53308,17.4497,0.216348E-01
4.53369,17.4520,0.739234E-01
4.53430,17.4544,0.495843E-02
4.53491,17.4567,0.401045E-01
4.53552,17.4591,0.454940E-01
4.53613,17.4614,-0.137871E-01
4.53674,17.4638,0.252376E-01
4.53735,17.4661,0.872343E-01
4.53796,17.4685,0.829461E-01
4.53857,17.4708,-0.353887E-01
4.53918,17.4732,-0.259168E-02
4.53979,17.4755,0.501365E-01
4.54041,17.4779,0.430690E-01
4.54102,17.4802,0.282232E-01
4.54163,17.4826,-0.184287E-01
4.54224,17.4849,0.344924E-02
4.54285,17.4873,0.175464
4.54346,17.4896,0.467789E-01
4.54407,17.4920,-0.211132E-02
4.54468,17.4943,0.777947E-02
4.54529,17.4967,-0.117855E-01
4.54590,17.4990,-0.950914E-01
4.54651,17.5014,0.593577E-01
4.54712,17.5037,-0.157854E-01
4.54773,17.5061,-0.552854E-01
4.54834,17.5084,-0.438163E-01
4.54895,17.5108,0.197730E-01
4.54956,17.5131,0.131012E-01
4.55017,17.5155,0.800029E-01
4.55078,17.5178,0.171208E-01
4.55139,17.5202,0.274098E-01
4.55200,17.5225,0.451727E-01
4.55261,17.5249,-0.724610E-02
4.55322,17.5272,0.328586E-01
4.55383,17.5296,-0.186218E-01
4.55444,17.5319,0.179041E-01
4.55505,17.5343,-0.398440E-01
4.55566,17.5366,-0.166797E-01
4.55627,17.5390,-0.295607E-01
4.55688,17.5413,0.641945E-02
4.55750,17.5437,0.194749E-01
4.55811,17.5460,0.502424E-01
4.55872,17.5484,0.104475
4.55933,17.5507,0.876494E-01
4.55994,17.5531,-0.701935E-01
4.56055,17.5554,0.224501E-01
4.56116,17.5577,-0.339168E-02
4.56177,17.5601,0.100336
4.56238,17.5624,0.397201E-01
4.56299,17.5648,0.120655
4.56360,17.5671,0.226110E-01
4.56421,17.5695,0.666469E-01
4.56482,17.5718,0.527963E-01
4.56543,17.5742,-0.411759E-02
4.56604,17.5765,-0.307670E-01
4.56665,17.5789,-0.117232E-01
4.56726,17.5812,0.833458E-02
4.56787,17.5836,0.897485E-01
4.56848,17.5859,-0.178372E-01
4.56909,17.5883,-0.533608E-02
4.56970,17.5906,0.125197
4.57031,17.5930,-0.401238E-01
4.57092,17.5953,0.850556E-02
4.57153,17.5977,0.290093E-01
4.57214,17.6000,0.485852E-01
4.57275,17.6024,-0.107762E-04
4.57336,17.6047,-0.352790E-01
4.57397,17.6071,0.525513E-01
4.57458,17.6094,0.562537E-01
4.57520,17.6118,-0.161470E-01
4.57581,17.6141,-0.879241E-02
4.57642,17.6165,0.547150E-04
4.57703,17.6188,0.895289E-01
4.57764,17.6212,-0.375526E-01
4.57825,17.6235,0.301364E-01
4.57886,17.6259,0.470981E-01
4.57947,17.6282,-0.134516E-01
4.58008,17.6306,0.290764E-01
4.58069,17.6329,0.113685
4.58130,17.6353,0.184494E-01
4.58191,17.6376,0.129356E-01
4.58252,17.6400,0.833299E-02
4.58313,17.6423,0.126906E-01
4.58374,17.6447,-0.306100E-01
4.58435,17.6470,0.933535E-01
4.58496,17.6494,-0.668979E-01
4.58557,17.6517,-0.159726E-01
4.58618,17.6541,-0.110800
4.58679,17.6564,-0.132294E-01
4.58740,17.6588,0.929433E-02
4.58801,17.6611,-0.125422E-01
4.58862,17.6635,0.735587E-01
4.58923,17.6658,0.277909E-01
4.58984,17.6682,-0.916860E-02
4.59045,17.6705,-0.651287E-01
4.59106,17.6729,0.164151E-01
4.59167,17.6752,-0.372670E-02
4.59229,17.6776,0.326141E-01
4.59290,17.6799,-0.179719E-01
4.59351,17.6823,0.124664
4.59412,17.6846,0.120572E-01
4.59473,17.6870,-0.484261E-01
4.59534,17.6893,0.168862E-01
4.59595,17.6917,-0.496357E-01
4.59656,17.6940,-0.167002E-01
4.59717,17.6964,0.684325E-02
4.59778,17.6987,-0.360476E-01
4.59839,17.7011,0.552032E-01
4.59900,17.7034,0.139029
4.59961,17.7058,0.297891E-01
4.60022,17.7081,0.552423E-01
4.60083,17.7105,0.111669E-02
4.60144,17.7128,-0.144053E-03
4.60205,17.7152,0.117606
4.60266,17.7175,0.154470E-02
4.60327,17.7199,0.413603E-02
4.60388,17.7222,0.522772E-02
4.60449,17.7246,-0.588985E-02
4.60510,17.7269,-0.965099E-02
4.60571,17.7293,0.175954E-01
4.60632,17.7316,-0.118814E-01
4.60693,17.7340,0.721128E-01
4.60754,17.7363,0.590211E-01
4.60815,17.7387,-0.942809E-03
4.60876,17.7410,-0.137340E-01
4.60938,17.7434,-0.111828E-01
4.60999,17.7457,-0.204936E-01
4.61060,17.7481,-0.238124E-01
4.61121,17.7504,-0.638540E-01
4.61182,17.7528,-0.462198E-01
4.61243,17.7551,0.158605E-01
4.61304,17.7575,-0.145801E-01
4.61365,17.7598,-0.582884E-02
4.61426,17.7622,-0.629146E-01
4.61487,17.7645,0.862535E-02
4.61548,17.7669,-0.595235E-02
4.61609,17.7692,-0.889524E-01
4.61670,17.7716,0.367340E-01
4.61731,17.7739,-0.126975E-01
4.61792,17.7763,0.301910E-01
4.61853,17.7786,0.124866E-01
4.61914,17.7810,0.108988E-01
4.61975,17.7833,-0.198393E-01
4.62036,17.7856,0.173383E-01
4.62097,17.7880,-0.161941E-01
4.62158,17.7903,0.165119
4.62219,17.7927,0.527182E-02
4.62280,17.7950,0.121145E-01
4.62341,17.7974,-0.433311E-01
4.62402,17.7997,0.101713
4.62463,17.8021,-0.143319E-01
4.62524,17.8044,-0.123144E-01
4.62585,17.8068,0.414702E-01
4.62646,17.8091,0.488120E-01
4.62708,17.8115,-0.247659E-01
4.62769,17.8138,0.531538E-01
4.62830,17.8162,-0.907758E-01
4.62891,17.8185,-0.134495E-02
4.62952,17.8209,-0.113293
4.63013,17.8232,-0.116015
4.63074,17.8256,-0.500647E-01
4.63135,17.8279,0.277033E-01
4.63196,17.8303,0.469289E-02
4.63257,17.8326,-0.217805E-01
4.63318,17.8350,0.344444E-01
4.63379,17.8373,-0.254829E-02
4.63440,17.8397,-0.310055E-01
4.63501,17.8420,-0.278962E-01
4.63562,17.8444,0.987433E-01
4.63623,17.8467,-0.767975E-01
4.63684,17.8491,0.404756E-01
4.63745,17.8514,-0.834754E-02
4.63806,17.8538,-0.854339E-02
4.63867,17.8561,0.498629E-02
4.63928,17.8585,0.198453E-01
4.63989,17.8608,0.438047E-01
4.64050,17.8632,-0.265563E-01
4.64111,17.8655,0.365131E-01
4.64172,17.8679,-0.121530E-01
4.64233,17.8702,-0.590659E-01
4.64294,17.8726,-0.322432E-01
4.64355,17.8749,-0.396798E-01
4.64417,17.8773,-0.842321E-01
4.64478,17.8796,0.205261E-01
4.64539,17.8820,-0.129334E-01
4.64600,17.8843,0.128799E-01
4.64661,17.8867,0.468935E-01
4.64722,17.8890,-0.797062E-03
4.64783,17.8914,0.124513E-01
4.64844,17.8937,0.943739E-03
4.64905,17.8961,-0.250487E-02
4.64966,17.8984,-0.129852E-01
4.65027,17.9008,-0.126157E-01
4.65088,17.9031,0.698536E-02
4.65149,17.9055,-0.167637E-01
4.65210,17.9078,-0.264023E-01
4.65271,17.9102,0.458612E-02
4.65332,17.9125,-0.126777E-01
4.65393,17.9149,-0.279477E-01
4.65454,17.9172,-0.101669E-01
4.65515,17.9196,0.588312E-01
4.65576,17.9219,0.294784E-03
4.65637,17.9243,0.410027E-02
4.65698,17.9266,0.103432
4.65759,17.9290,-0.511996E-02
4.65820,17.9313,-0.764613E-01
4.65881,17.9337,0.477415E-01
4.65942,17.9360,-0.198922E-01
4.66003,17.9384,0.821631E-01
4.66064,17.9407,0.101046E-01
4.66125,17.9431,-0.602163E-02
4.66187,17.9454,-0.217418E-02
4.66248,17.9478,0.272198E-01
4.66309,17.9501,-0.177940E-01
4.66370,17.9525,-0.199645E-02
4.66431,17.9548,-0.360952E-02
4.66492,17.9572,-0.237650E-01
4.66553,17.9595,-0.145408E-01
4.66614,17.9619,0.665911E-01
4.66675,17.9642,-0.320909E-01
4.66736,17.9666,-0.172635E-01
4.66797,17.9689,-0.196706E-01
4.66858,17.9713,0.823880E-01
4.66919,17.9736,-0.370200E-01
4.66980,17.9760,-0.226815E-01
4.67041,17.9783,-0.885312E-01
4.67102,17.9807,-0.106799
4.67163,17.9830,-0.421862E-01
4.67224,17.9854,-0.672562E-02
4.67285,17.9877,0.368877E-01
4.67346,17.9901,0.652565E-01
4.67407,17.9924,-0.276471E-02
4.67468,17.9948,-0.100908E-01
4.67529,17.9971,0.608476E-01
4.67590,17.9995,-0.684624E-02
4.67651,18.0018,0.244659E-01
4.67712,18.0042,0.403370E-01
4.67773,18.0065,0.660087E-01
4.67834,18.0089,-0.144224E-01
4.67896,18.0112,0.212022E-01
4.67957,18.0136,0.564524E-01
4.68018,18.0159,0.306416E-01
4.68079,18.0182,0.816799E-01
4.68140,18.0206,0.665074E-02
4.68201,18.0229,-0.660650E-01
4.68262,18.0253,-0.820079E-01
4.68323,18.0276,0.306096E-01
4.68384,18.0300,-0.386437E-01
4.68445,18.0323,-0.538138E-01
4.68506,18.0347,-0.100921E-01
4.68567,18.0370,0.171281E-01
4.68628,18.0394,-0.178719E-01
4.68689,18.0417,0.299170E-01
4.68750,18.0441,0.382288E-01
4.68811,18.0464,0.165818E-02
4.68872,18.0488,-0.545283E-01
4.68933,18.0511,0.145742E-02
4.68994,18.0535,-0.865859E-02
4.69055,18.0558,-0.831020E-02
4.69116,18.0582,0.156980E-01
4.69177,18.0605,0.442740E-02
4.69238,18.0629,0.754740E-02
4.69299,18.0652,0.787890E-02
4.69360,18.0676,-0.410621E-01
4.69421,18.0699,0.202705E-01
4.69482,18.0723,0.108639
4.69543,18.0746,0.360742E-01
4.69604,18.0770,-0.127652E-01
4.69666,18.0793,0.437107E-01
4.69727,18.0817,-0.468660E-01
4.69788,18.0840,-0.525210E-01
4.69849,18.0864,-0.598944E-01
4.69910,18.0887,0.367842E-01
4.69971,18.0911,0.963183E-01
4.70032,18.0934,-0.232262E-01
4.70093,18.0958,0.135006
4.70154,18.0981,-0.469576E-02
4.70215,18.1005,0.319025E-02
4.70276,18.1028,-0.203181E-01
4.70337,18.1052,-0.762565E-01
4.70398,18.1075,0.309563E-01
4.70459,18.1099,-0.511697E-01
4.70520,18.1122,-0.940274E-02
4.70581,18.1146,0.875108E-02
4.70642,18.1169,0.106422
4.70703,18.1193,-0.355777E-02
4.70764,18.1216,0.505888E-01
4.70825,18.1240,-0.329569E-01
4.70886,18.1263,0.110869
4.70947,18.1287,0.871995E-01
4.71008,18.1310,-0.774341E-01
4.71069,18.1334,0.310075E-01
4.71130,18.1357,-0.590498E-01
4.71191,18.1381,0.161440E-01
4.71252,18.1404,0.266871E-02
4.71313,18.1428,0.389805E-02
4.71375,18.1451,0.895692E-01
4.71436,18.1475,0.255815E-01
4.71497,18.1498,-0.424229E-01
4.71558,18.1522,0.380879E-01
4.71619,18.1545,0.405552E-01
4.71680,18.1569,0.129855E-01
4.71741,18.1592,0.296520E-01
4.71802,18.1616,0.685767E-01
4.71863,18.1639,0.223671E-01
4.71924,18.1663,0.929292E-01
4.71985,18.1686,0.149750E-02
4.72046,18.1710,0.377670E-02
4.72107,18.1733,0.252558E-01
4.72168,18.1757,0.895180E-01
4.72229,18.1780,0.482467E-01
4.72290,18.1804,0.525502E-01
4.72351,18.1827,0.191954E-01
4.72412,18.1851,0.189553E-01
4.72473,18.1874,-0.139073E-01
4.72534,18.1898,-0.468509E-02
4.72595,18.1921,0.584254E-01
4.72656,18.1945,-0.298778E-02
4.72717,18.1968,0.180630E-01
4.72778,18.1992,0.115747
4.72839,18.2015,0.319744E-01
4.72900,18.2039,-0.281698E-01
4.72961,18.2062,-0.390770E-01
4.73022,18.2086,-0.534752E-01
4.73083,18.2109,-0.133216
4.73145,18.2133,0.674014E-02
4.73206,18.2156,-0.490803E-02
4.73267,18.2180,0.242676E-01
4.73328,18.2203,0.232788E-01
4.73389,18.2227,0.661315E-02
4.73450,18.2250,0.749413E-01
4.73511,18.2274,0.390978E-01
4.73572,18.2297,-0.430293E-01
4.73633,18.2321,0.328326E-02
4.73694,18.2344,0.226744E-02
4.73755,18.2368,-0.469944E-01
4.73816,18.2391,0.122029
4.73877,18.2415,0.177766E-01
4.73938,18.2438,0.167850
4.73999,18.2462,-0.280314E-01
4.74060,18.2485,0.889698E-01
4.74121,18.2508,0.717437E-01
4.74182,18.2532,-0.977872E-01
4.74243,18.2555,-0.514771E-01
4.74304,18.2579,0.264066E-01
4.74365,18.2602,0.623953E-02
4.74426,18.2626,-0.865674E-01
4.74487,18.2649,-0.157659E-01
4.74548,18.2673,0.136764E-01
4.74609,18.2696,-0.922308E-02
4.74670,18.2720,0.431271E-01
4.74731,18.2743,-0.206432E-02
4.74792,18.2767,-0.326287E-01
4.74854,18.2790,-0.200930E-01
4.74915,18.2814,-0.225860E-01
4.74976,18.2837,-0.170181E-01
4.75037,18.2861,-0.436360E-02
4.75098,18.2884,-0.177713E-01
4.75159,18.2908,0.566164E-01
4.75220,18.2931,-0.693177E-01
4.75281,18.2955,0.901735E-02
4.75342,18.2978,0.118041E-01
4.75403,18.3002,-0.267599E-01
4.75464,18.3025,0.594571E-01
4.75525,18.3049,0.505781E-01
4.75586,18.3072,-0.274783E-01
4.75647,18.3096,-0.840377E-01
4.75708,18.3119,0.764770E-01
4.75769,18.3143,-0.373674E-04
4.75830,18.3166,-0.437883E-01
4.75891,18.3190,0.504307E-01
4.75952,18.3213,0.243372E-01
4.76013,18.3237,0.750708E-02
4.76074,18.3260,-0.152003
4.76135,18.3284,-0.306476E-01
4.76196,18.3307,-0.740394E-02
4.76257,18.3331,0.688872E-01
4.76318,18.3354,-0.124068E-01
4.76379,18.3378,-0.394547E-01
4.76440,18.3401,-0.514572E-01
4.76501,18.3425,-0.325035E-01
4.76562,18.3448,0.653279E-01
4.76624,18.3472,0.138929E-01
4.76685,18.3495,-0.710991E-02
4.76746,18.3519,-0.193732E-01
4.76807,18.3542,0.166890E-01
4.76868,18.3566,0.177187E-01
4.76929,18.3589,-0.507267E-01
4.76990,18.3613,-0.178703E-02
4.77051,18.3636,-0.269033E-03
4.77112,18.3660,-0.482605E-01
4.77173,18.3683,0.115355E-01
4.77234,18.3707,-0.515074E-02
4.77295,18.3730,-0.746278E-02
4.77356,18.3754,0.307079E-01
4.77417,18.3777,0.614746E-01
4.77478,18.3801,-0.881377E-02
4.77539,18.3824,0.541520E-01
4.77600,18.3848,0.860748E-02
4.77661,18.3871,0.408752E-03
4.77722,18.3895,0.549886E-02
4.77783,18.3918,0.444437E-01
4.77844,18.3942,-0.686313E-01
4.77905,18.3965,-0.107696E-01
4.77966,18.3989,-0.741600E-02
4.78027,18.4012,-0.121817E-01
4.78088,18.4036,0.205913E-02
4.78149,18.4059,-0.465563E-01
4.78210,18.4083,0.620828E-01
4.78271,18.4106,0.179159E-01
4.78333,18.4130,0.544879E-02
4.78394,18.4153,0.852549E-01
4.78455,18.4177,-0.288415E-01
4.78516,18.4200,0.309601E-01
4.78577,18.4224,-0.214633E-01
4.78638,18.4247,0.308321E-01
4.78699,18.4271,-0.575872E-02
4.78760,18.4294,-0.529857E-01
4.78821,18.4318,-0.196332E-01
4.78882,18.4341,0.752319E-02
4.78943,18.4365,0.498568E-01
4.79004,18.4388,0.566191E-01
4.79065,18.4412,0.192348E-01
4.79126,18.4435,0.166761E-01
4.79187,18.4459,-0.174724E-01
4.79248,18.4482,0.435118E-01
4.79309,18.4506,0.671968E-01
4.79370,18.4529,0.444818E-01
4.79431,18.4553,0.801478E-01
4.79492,18.4576,0.722848E-02
4.79553,18.4600,0.867138E-01
4.79614,18.4623,-0.431651E-01
4.79675,18.4647,0.187701E-01
4.79736,18.4670,-0.624606E-01
4.79797,18.4694,0.632118E-01
4.79858,18.4717,0.128357E-01
4.79919,18.4741,-0.140847E-01
4.79980,18.4764,-0.417089E-01
4.80042,18.4787,-0.162655E-02
4.80103,18.4811,0.481314E-01
4.80164,18.4834,0.799484E-02
4.80225,18.4858,0.227999
4.80286,18.4881,-0.149232E-01
4.80347,18.4905,0.109466E-01
4.80408,18.4928,0.575487E-01
4.80469,18.4952,-0.245585E-02
4.80530,18.4975,-0.426882E-01
4.80591,18.4999,0.209321
4.80652,18.5022,-0.971683E-02
4.80713,18.5046,-0.419247E-01
4.80774,18.5069,0.825738E-01
4.80835,18.5093,0.455896E-01
4.80896,18.5116,-0.901408E-02
4.80957,18.5140,0.649446E-02
4.81018,18.5163,-0.323443E-01
4.81079,18.5187,0.426396E-01
4.81140,18.5210,-0.110454E-01
4.81201,18.5234,-0.456665E-01
4.81262,18.5257,0.280153E-01
4.81323,18.5281,-0.301143E-01
4.81384,18.5304,-0.358786E-01
4.81445,18.5328,-0.303422E-01
4.81506,18.5351,0.656872E-02
4.81567,18.5375,-0.124507E-01
4.81628,18.5398,-0.224952E-01
4.81689,18.5422,-0.689236E-01
4.81750,18.5445,-0.173496E-01
4.81812,18.5469,-0.247848E-01
4.81873,18.5492,0.187556E-01
4.81934,18.5516,0.246735E-01
4.81995,18.5539,-0.817878E-01
4.82056,18.5563,0.799600E-01
4.82117,18.5586,0.191568E-01
4.82178,18.5610,0.618513E-02
4.82239,18.5633,0.426562E-01
4.82300,18.5657,0.200589E-01
4.82361,18.5680,-0.109570E-02
4.82422,18.5704,0.105971
4.82483,18.5727,0.108541E-01
4.82544,18.5751,-0.116718
4.82605,18.5774,0.137355
4.82666,18.5798,-0.157800E-01
4.82727,18.5821,0.409279E-01
4.82788,18.5845,0.448861E-01
4.82849,18.5868,-0.545562E-01
4.82910,18.5892,0.127182E-01
4.82971,18.5915,0.522789E-01
4.83032,18.5939,0.365516E-01
4.83093,18.5962,0.846612E-01
4.83154,18.5986,-0.294010E-01
4.83215,18.6009,0.331637E-02
4.83276,18.6033,0.680955E-01
4.83337,18.6056,0.275554E-01
4.83398,18.6080,0.763803E-01
4.83459,18.6103,-0.334189E-04
4.83521,18.6127,0.311581E-01
4.83582,18.6150,-0.547405E-01
4.83643,18.6174,-0.457597E-01
4.83704,18.6197,0.311676E-02
4.83765,18.6221,0.116189E-01
4.83826,18.6244,0.885471E-01
4.83887,18.6268,-0.796133E-02
4.83948,18.6291,0.290176E-01
4.84009,18.6315,0.840554E-01
4.84070,18.6338,0.645634E-01
4.84131,18.6362,0.646495E-01
4.84192,18.6385,0.329956E-01
4.84253,18.6409,0.306531E-01
4.84314,18.6432,0.391742E-01
4.84375,18.6456,-0.707006E-02
4.84436,18.6479,-0.651304E-02
4.84497,18.6503,-0.546533E-01
4.84558,18.6526,-0.319736E-01
4.84619,18.6550,0.912132E-01
4.84680,18.6573,-0.544448E-01
4.84741,18.6597,-0.169332E-01
4.84802,18.6620,-0.704353E-01
4.84863,18.6644,0.784510E-01
4.84924,18.6667,0.160396E-01
4.84985,18.6691,0.850528E-02
4.85046,18.6714,-0.642830E-01
4.85107,18.6738,0.129281E-01
4.85168,18.6761,-0.291573E-02
4.85229,18.6785,-0.202897E-01
4.85291,18.6808,-0.442972E-02
4.85352,18.6832,-0.237153E-01
4.85413,18.6855,0.744216E-02
4.85474,18.6879,-0.369964E-01
4.85535,18.6902,-0.995268E-01
4.85596,18.6926,-0.446480E-01
4.85657,18.6949,-0.446393E-01
4.85718,18.6973,0.609721E-01
4.85779,18.6996,0.337810E-01
4.85840,18.7020,-0.251688E-01
4.85901,18.7043,0.107612E-01
4.85962,18.7067,-0.469374E-02
4.86023,18.7090,-0.789275E-01
4.86084,18.7113,0.109791E-01
4.86145,18.7137,0.839660E-01
4.86206,18.7160,0.265667E-01
4.86267,18.7184,-0.482509E-01
4.86328,18.7207,-0.284976E-01
4.86389,18.7231,0.337666E-01
4.86450,18.7254,-0.323449E-02
4.86511,18.7278,0.154702
4.86572,18.7301,0.107903
4.86633,18.7325,0.250247E-01
4.86694,18.7348,-0.333962E-01
4.86755,18.7372,-0.431494E-01
4.86816,18.7395,0.151901E-01
4.86877,18.7419,0.184542E-01
4.86938,18.7442,-0.587250E-01
4.87000,18.7466,-0.336038E-02
4.87061,18.7489,-0.596285E-01
4.87122,18.7513,0.189978E-01
4.87183,18.7536,-0.661119E-03
4.87244,18.7560,-0.316383E-01
4.87305,18.7583,-0.274311E-01
4.87366,18.7607,-0.100807
4.87427,18.7630,0.806350E-02
4.87488,18.7654,-0.106679
4.87549,18.7677,-0.708094E-02
4.87610,18.7701,0.248991E-01
4.87671,18.7724,0.248108E-01
4.87732,18.7748,-0.954556E-01
4.87793,18.7771,0.867933E-01
4.87854,18.7795,0.848935E-01
4.87915,18.7818,-0.219471E-01
4.87976,18.7842,0.215984E-01
4.88037,18.7865,0.816313E-01
4.88098,18.7889,-0.695769E-01
4.88159,18.7912,0.196976E-01
4.88220,18.7936,0.823204E-01
4.88281,18.7959,-0.264582E-01
4.88342,18.7983,0.406233E-01
4.88403,18.8006,0.153789E-01
4.88464,18.8030,-0.139629E-01
4.88525,18.8053,0.781475E-01
4.88586,18.8077,-0.274575E-01
4.88647,18.8100,0.615633E-02
4.88708,18.8124,0.697111E-02
4.88770,18.8147,-0.978997E-03
4.88831,18.8171,-0.216609E-02
4.88892,18.8194,-0.144423E-01
4.88953,18.8218,-0.133829E-01
4.89014,18.8241,0.349733E-01
4.89075,18.8265,0.172274E-01
4.89136,18.8288,-0.346424E-01
4.89197,18.8312,0.525397E-01
4.89258,18.8335,0.654159E-01
4.89319,18.8359,0.160618E-01
4.89380,18.8382,0.453081E-02
4.89441,18.8406,0.217139E-02
4.89502,18.8429,0.396427E-01
4.89563,18.8453,-0.658453E-01
4.89624,18.8476,0.563462E-02
4.89685,18.8500,-0.114589
4.89746,18.8523,-0.232460E-01
4.89807,18.8547,0.357847E-01
4.89868,18.8570,-0.348868E-01
4.89929,18.8594,-0.102718
4.89990,18.8617,-0.367717E-02
4.90051,18.8641,-0.297529E-01
4.90112,18.8664,0.121109
4.90173,18.8688,-0.121069E-01
4.90234,18.8711,0.104531E-01
4.90295,18.8735,-0.675581E-02
4.90356,18.8758,-0.152508
4.90417,18.8782,-0.623692E-01
4.90479,18.8805,0.623884E-04
4.90540,18.8829,-0.157534E-01
4.90601,18.8852,-0.991809E-02
4.90662,18.8876,0.223849E-01
4.90723,18.8899,0.511382E-01
4.90784,18.8923,0.198363E-01
4.90845,18.8946,0.624964E-01
4.90906,18.8970,-0.173579E-01
4.90967,18.8993,-0.120584
4.91028,18.9017,-0.689544E-01
4.91089,18.9040,-0.393023E-01
4.91150,18.9064,-0.146479E-01
4.91211,18.9087,-0.216688E-01
4.91272,18.9111,0.764711E-01
4.91333,18.9134,-0.186598E-01
4.91394,18.9158,0.114194E-01
4.91455,18.9181,0.257266E-01
4.91516,18.9205,0.188703E-01
4.91577,18.9228,-0.658138E-01
4.91638,18.9252,0.634546E-01
4.91699,18.9275,-0.105421E-03
4.91760,18.9299,0.606579E-02
4.91821,18.9322,0.517301E-01
4.91882,18.9346,0.991515E-02
4.91943,18.9369,-0.332522E-02
4.92004,18.9393,0.438958E-01
4.92065,18.9416,0.354899E-01
4.92126,18.9439,0.127997
4.92188,18.9463,-0.130320
4.92249,18.9486,0.862783E-02
4.92310,18.9510,-0.412608E-01
4.92371,18.9533,-0.886043E-01
4.92432,18.9557,-0.141779E-01
4.92493,18.9580,0.386827E-01
4.92554,18.9604,-0.823175E-02
4.92615,18.9627,-0.160493
4.92676,18.9651,0.127747E-01
4.92737,18.9674,0.193743E-01
4.92798,18.9698,0.982169E-01
4.92859,18.9721,0.338412E-01
4.92920,18.9745,0.215169E-02
4.92981,18.9768,0.535381E-01
4.93042,18.9792,0.176246
4.93103,18.9815,-0.564152E-01
4.93164,18.9839,0.198143
4.93225,18.9862,0.454639E-01
4.93286,18.9886,-0.393561E-01
4.93347,18.9909,0.185751
4.93408,18.9933,0.686906E-01
4.93469,18.9956,0.278638E-01
4.93530,18.9980,0.535438E-01
4.93591,19.0003,0.123242E-01
4.93652,19.0027,-0.128852
4.93713,19.0050,0.502679E-01
4.93774,19.0074,-0.116598E-01
4.93835,19.0097,-0.382263E-01
4.93896,19.0121,-0.868155E-01
4.93958,19.0144,0.177416E-01
4.94019,19.0168,-0.409535E-01
4.94080,19.0191,0.186697
4.94141,19.0215,-0.818118E-02
4.94202,19.0238,0.579976E-01
4.94263,19.0262,0.323812E-01
4.94324,19.0285,0.110364
4.94385,19.0309,-0.379440E-01
4.94446,19.0332,-0.356801E-02
4.94507,19.0356,0.672465E-02
4.94568,19.0379,0.666741E-01
4.94629,19.0403,-0.637280E-02
4.94690,19.0426,0.570903E-01
4.94751,19.0450,0.746516E-01
4.94812,19.0473,0.372517E-01
4.94873,19.0497,-0.616863E-01
4.94934,19.0520,-0.156048E-01
4.94995,19.0544,0.604286E-02
4.95056,19.0567,0.111334E-01
4.95117,19.0591,-0.180995E-01
4.95178,19.0614,-0.825835E-02
4.95239,19.0638,-0.314094E-02
4.95300,19.0661,0.166746E-03
4.95361,19.0685,-0.268867E-01
4.95422,19.0708,0.980142E-01
4.95483,19.0732,0.103969
4.95544,19.0755,-0.218489E-01
4.95605,19.0779,0.603375E-02
4.95667,19.0802,-0.997514E-02
4.95728,19.0826,0.562117E-01
4.95789,19.0849,0.887185E-02
4.95850,19.0873,0.783778E-01
4.95911,19.0896,-0.621697E-02
4.95972,19.0920,-0.363055E-02
4.96033,19.0943,0.111420E-01
4.96094,19.0967,0.213479E-01
4.96155,19.0990,0.928619E-03
4.96216,19.1014,-0.359041E-02
4.96277,19.1037,-0.458720E-01
4.96338,19.1061,-0.104288E-01
4.96399,19.1084,-0.757076E-01
4.96460,19.1108,0.278680E-02
4.96521,19.1131,0.153768
4.96582,19.1155,0.251606E-01
4.96643,19.1178,0.124250
4.96704,19.1202,0.930540E-01
4.96765,19.1225,0.796720E-01
4.96826,19.1249,-0.367184E-03
4.96887,19.1272,0.204690E-01
4.96948,19.1296,0.864700E-01
4.97009,19.1319,0.529705E-02
4.97070,19.1343,0.356683E-01
4.97131,19.1366,0.997473E-02
4.97192,19.1390,0.532958E-01
4.97253,19.1413,0.522534E-01
4.97314,19.1437,-0.571196E-01
4.97375,19.1460,0.749546E-02
4.97437,19.1484,0.488242E-01
4.97498,19.1507,0.157096
4.97559,19.1531,0.324926E-02
4.97620,19.1554,0.224454E-02
4.97681,19.1578,0.544268E-03
4.97742,19.1601,-0.113239
4.97803,19.1625,-0.528373E-01
4.97864,19.1648,0.151112E-01
4.97925,19.1672,0.703573E-01
4.97986,19.1695,-0.455863E-01
4.98047,19.1718,-0.844264E-02
4.98108,19.1742,0.228045E-01
4.98169,19.1765,-0.428528E-01
4.98230,19.1789,-0.200173E-01
4.98291,19.1812,-0.246457E-01
4.98352,19.1836,0.460020E-01
4.98413,19.1859,0.782979E-01
4.98474,19.1883,0.379159E-01
4.98535,19.1906,-0.790345E-02
4.98596,19.1930,0.346603E-01
4.98657,19.1953,0.279945E-01
4.98718,19.1977,-0.130469E-01
4.98779,19.2000,0.555329E-01
4.98840,19.2024,-0.143466E-01
4.98901,19.2047,0.544166E-01
4.98962,19.2071,0.280516E-02
4.99023,19.2094,0.596262E-02
4.99084,19.2118,0.119515
4.99146,19.2141,0.605338E-02
4.99207,19.2165,-0.201892E-01
4.99268,19.2188,0.122298
4.99329,19.2212,0.310211E-01
4.99390,19.2235,-0.448216E-02
4.99451,19.2259,0.522802E-01
4.99512,19.2282,-0.189167E-02
4.99573,19.2306,-0.715896E-02
4.99634,19.2329,0.313925E-01
4.99695,19.2353,0.559477E-01
4.99756,19.2376,0.308665
4.99817,19.2400,0.218903E-01
4.99878,19.2423,-0.105872E-01
4.99939,19.2447,-0.586787E-01
5.00000,19.2470,0.701526E-01
