Full_(co)spectra
----------------
natural_frequency_[Hz]_->_from_[1/_averaging_interval]_to_[acquisition_frequency_/_2]
normalized_frequency_[#]->_natural_frequency_*_measuring_height_/_wind_speed
y-axis_->_natural_frequency_*_(co)spectrum_/_(co)variance
acquisition_frequency_[Hz]_=_ 10.000
measuring_height_(z-d)_[m]_=_  3.990
wind_speed_[m+1s-1]_=_  0.166
averaging_interval_[min]_=_     30
tapering_window_=_SQUARED_(no_tapering_forced_by_EddyPro._Tapering_is_only_applied_for_binned_(co)spectra)
,,cov(w_ts)
,,8.4454206885540217E-004
natural_frequency,normalized_frequency,f_nat*cospec(w_ts)
0.610352E-03,0.146346E-01,-0.932655E-01
0.122070E-02,0.292693E-01,0.190564
0.183105E-02,0.439039E-01,-0.501587
0.244141E-02,0.585386E-01,-0.162595
0.305176E-02,0.731732E-01,-0.741732E-01
0.366211E-02,0.878078E-01,0.668994
0.427246E-02,0.102442,-0.184903E-01
0.488281E-02,0.117077,0.737813
0.549316E-02,0.131712,0.303910
0.610352E-02,0.146346,0.999526E-01
0.671387E-02,0.160981,-0.492396
0.732422E-02,0.175616,1.56866
0.793457E-02,0.190250,-0.122422
0.854492E-02,0.204885,2.32928
0.915527E-02,0.219520,0.213051
0.976562E-02,0.234154,-0.274302
0.103760E-01,0.248789,0.732269
0.109863E-01,0.263424,-0.166780
0.115967E-01,0.278058,1.43292
0.122070E-01,0.292693,0.135738
0.128174E-01,0.307327,-0.123499E-01
0.134277E-01,0.321962,1.17943
0.140381E-01,0.336597,0.499148E-01
0.146484E-01,0.351231,-0.701881
0.152588E-01,0.365866,-0.568887E-01
0.158691E-01,0.380501,1.77241
0.164795E-01,0.395135,0.574220
0.170898E-01,0.409770,0.363862
0.177002E-01,0.424405,-0.591483E-01
0.183105E-01,0.439039,0.233699
0.189209E-01,0.453674,0.412054
0.195312E-01,0.468308,0.101440
0.201416E-01,0.482943,-0.676609E-01
0.207520E-01,0.497578,0.274100
0.213623E-01,0.512212,0.678998E-01
0.219727E-01,0.526847,-0.280639
0.225830E-01,0.541482,1.24527
0.231934E-01,0.556116,-0.762502E-02
0.238037E-01,0.570751,-0.198795
0.244141E-01,0.585386,-0.142328
0.250244E-01,0.600020,0.215454
0.256348E-01,0.614655,0.332491
0.262451E-01,0.629290,1.91028
0.268555E-01,0.643924,0.815098
0.274658E-01,0.658559,0.277662E-01
0.280762E-01,0.673193,-0.423353
0.286865E-01,0.687828,0.204156
0.292969E-01,0.702463,0.704558
0.299072E-01,0.717097,-0.243100
0.305176E-01,0.731732,-0.646013E-01
0.311279E-01,0.746367,0.151189
0.317383E-01,0.761001,0.698180
0.323486E-01,0.775636,1.41766
0.329590E-01,0.790271,0.286975
0.335693E-01,0.804905,-0.397039E-02
0.341797E-01,0.819540,0.797851
0.347900E-01,0.834174,0.720554E-01
0.354004E-01,0.848809,0.523067
0.360107E-01,0.863444,0.451059
0.366211E-01,0.878078,0.237596
0.372314E-01,0.892713,-0.904657E-01
0.378418E-01,0.907348,0.975833E-01
0.384521E-01,0.921982,0.770407E-01
0.390625E-01,0.936617,-0.108091
0.396729E-01,0.951252,-0.975193E-01
0.402832E-01,0.965886,0.413229
0.408936E-01,0.980521,0.178155E-01
0.415039E-01,0.995156,1.19689
0.421143E-01,1.00979,1.67614
0.427246E-01,1.02442,-0.357213
0.433350E-01,1.03906,-0.354578
0.439453E-01,1.05369,0.359911
0.445557E-01,1.06833,0.340835E-01
0.451660E-01,1.08296,-0.755296
0.457764E-01,1.09760,0.108751
0.463867E-01,1.11223,-0.694039E-01
0.469971E-01,1.12687,-0.149374
0.476074E-01,1.14150,0.337078E-01
0.482178E-01,1.15614,0.752542
0.488281E-01,1.17077,0.118807
0.494385E-01,1.18541,-0.143445
0.500488E-01,1.20004,-0.643054
0.506592E-01,1.21468,0.513283
0.512695E-01,1.22931,1.14820
0.518799E-01,1.24394,0.606022E-01
0.524902E-01,1.25858,0.179157
0.531006E-01,1.27321,-0.328354
0.537109E-01,1.28785,0.197082
0.543213E-01,1.30248,-0.168883
0.549316E-01,1.31712,0.308808
0.555420E-01,1.33175,-0.565271
0.561523E-01,1.34639,-0.151337
0.567627E-01,1.36102,0.189436
0.573730E-01,1.37566,0.169809
0.579834E-01,1.39029,0.174967
0.585938E-01,1.40493,-0.685059E-01
0.592041E-01,1.41956,0.259979
0.598145E-01,1.43419,0.207742
0.604248E-01,1.44883,0.918888
0.610352E-01,1.46346,0.574970
0.616455E-01,1.47810,0.755182E-01
0.622559E-01,1.49273,-0.844107E-03
0.628662E-01,1.50737,-0.144013
0.634766E-01,1.52200,0.432093E-01
0.640869E-01,1.53664,-0.206050
0.646973E-01,1.55127,0.283432
0.653076E-01,1.56591,-0.254477E-01
0.659180E-01,1.58054,0.128831
0.665283E-01,1.59518,0.253658
0.671387E-01,1.60981,0.149160
0.677490E-01,1.62445,0.700333
0.683594E-01,1.63908,0.330799
0.689697E-01,1.65371,0.400165
0.695801E-01,1.66835,0.601054E-01
0.701904E-01,1.68298,0.570575
0.708008E-01,1.69762,0.292765
0.714111E-01,1.71225,0.660238E-02
0.720215E-01,1.72689,0.797674
0.726318E-01,1.74152,1.18267
0.732422E-01,1.75616,0.219076E-01
0.738525E-01,1.77079,-0.145361
0.744629E-01,1.78543,0.123212
0.750732E-01,1.80006,0.291083
0.756836E-01,1.81470,0.557295E-01
0.762939E-01,1.82933,-0.113438
0.769043E-01,1.84396,-0.607859E-01
0.775146E-01,1.85860,0.715008
0.781250E-01,1.87323,-0.162534E-01
0.787354E-01,1.88787,0.187373
0.793457E-01,1.90250,0.358820
0.799561E-01,1.91714,0.620948E-01
0.805664E-01,1.93177,0.139225
0.811768E-01,1.94641,0.524655
0.817871E-01,1.96104,-0.122625E-01
0.823975E-01,1.97568,0.470094
0.830078E-01,1.99031,0.309417
0.836182E-01,2.00495,0.464720E-01
0.842285E-01,2.01958,0.217376
0.848389E-01,2.03421,0.421387E-01
0.854492E-01,2.04885,-0.279164
0.860596E-01,2.06348,0.144703
0.866699E-01,2.07812,0.811911E-01
0.872803E-01,2.09275,0.178288
0.878906E-01,2.10739,0.762500E-01
0.885010E-01,2.12202,0.116660
0.891113E-01,2.13666,0.296781
0.897217E-01,2.15129,0.405880E-01
0.903320E-01,2.16593,0.662069E-01
0.909424E-01,2.18056,0.345940
0.915527E-01,2.19520,0.649557
0.921631E-01,2.20983,-0.470557
0.927734E-01,2.22447,-0.762719
0.933838E-01,2.23910,0.389308
0.939941E-01,2.25373,0.203018E-01
0.946045E-01,2.26837,-0.825492E-01
0.952148E-01,2.28300,0.535282E-01
0.958252E-01,2.29764,0.804002E-01
0.964355E-01,2.31227,0.270901
0.970459E-01,2.32691,0.101703
0.976562E-01,2.34154,-0.194773E-01
0.982666E-01,2.35618,0.290185
0.988770E-01,2.37081,0.611103E-01
0.994873E-01,2.38545,-0.109360
0.100098,2.40008,0.197294
0.100708,2.41472,0.167636
0.101318,2.42935,0.298863
0.101929,2.44398,0.129027E-01
0.102539,2.45862,0.169475
0.103149,2.47325,1.09414
0.103760,2.48789,0.304676
0.104370,2.50252,-0.207011
0.104980,2.51716,-0.197935
0.105591,2.53179,0.597205E-01
0.106201,2.54643,0.587689E-01
0.106812,2.56106,0.836020E-01
0.107422,2.57570,0.115419
0.108032,2.59033,0.420818
0.108643,2.60497,0.122321
0.109253,2.61960,0.270915
0.109863,2.63424,-0.248651E-03
0.110474,2.64887,0.320391
0.111084,2.66350,0.498891
0.111694,2.67814,-0.195919
0.112305,2.69277,0.372666
0.112915,2.70741,0.177144E-01
0.113525,2.72204,0.454619
0.114136,2.73668,0.132372
0.114746,2.75131,0.186049
0.115356,2.76595,0.576769
0.115967,2.78058,-0.440380E-01
0.116577,2.79522,0.131692
0.117188,2.80985,0.299158E-01
0.117798,2.82449,0.664632
0.118408,2.83912,-0.272922
0.119019,2.85375,-0.668874
0.119629,2.86839,0.211331
0.120239,2.88302,-0.163559
0.120850,2.89766,0.227500E-01
0.121460,2.91229,0.728720
0.122070,2.92693,0.130802
0.122681,2.94156,0.392145E-01
0.123291,2.95620,-0.424131
0.123901,2.97083,0.422975
0.124512,2.98547,0.961268E-01
0.125122,3.00010,0.302622E-01
0.125732,3.01474,-0.176254
0.126343,3.02937,-0.373277E-01
0.126953,3.04401,-0.399873E-01
0.127563,3.05864,0.299748E-01
0.128174,3.07327,-0.194628
0.128784,3.08791,0.860580E-01
0.129395,3.10254,0.768826E-01
0.130005,3.11718,0.297872
0.130615,3.13181,-0.737457E-01
0.131226,3.14645,0.322722E-01
0.131836,3.16108,-0.429531E-01
0.132446,3.17572,-0.945611E-02
0.133057,3.19035,0.119442
0.133667,3.20499,0.753942E-01
0.134277,3.21962,0.211253
0.134888,3.23426,1.43204
0.135498,3.24889,-0.384277
0.136108,3.26352,-0.281361
0.136719,3.27816,-0.265109
0.137329,3.29279,0.467626E-01
0.137939,3.30743,-0.555134E-01
0.138550,3.32206,0.411362
0.139160,3.33670,0.987293E-01
0.139771,3.35133,0.187080
0.140381,3.36597,0.409004
0.140991,3.38060,0.268630
0.141602,3.39524,0.884222E-01
0.142212,3.40987,0.318800E-01
0.142822,3.42451,0.686496E-01
0.143433,3.43914,-0.454194E-01
0.144043,3.45377,-0.991144E-01
0.144653,3.46841,0.658253E-01
0.145264,3.48304,0.116234
0.145874,3.49768,0.128538E-01
0.146484,3.51231,0.596458
0.147095,3.52695,0.405725
0.147705,3.54158,0.146780
0.148315,3.55622,0.235673
0.148926,3.57085,0.224966E-01
0.149536,3.58549,0.151908E-02
0.150146,3.60012,0.189707
0.150757,3.61476,-0.105505
0.151367,3.62939,0.161245E-01
0.151978,3.64403,0.677874
0.152588,3.65866,0.571590E-01
0.153198,3.67329,0.145150
0.153809,3.68793,-0.435290E-01
0.154419,3.70256,0.241312
0.155029,3.71720,0.142247
0.155640,3.73183,-0.433563
0.156250,3.74647,0.298269
0.156860,3.76110,0.549160E-01
0.157471,3.77574,0.133949
0.158081,3.79037,-0.196052E-01
0.158691,3.80501,-0.712042E-01
0.159302,3.81964,-0.134827
0.159912,3.83428,-0.151982E-01
0.160522,3.84891,0.452155E-01
0.161133,3.86354,0.157541E-01
0.161743,3.87818,0.807403E-01
0.162354,3.89281,0.184699
0.162964,3.90745,0.622712E-01
0.163574,3.92208,0.402108
0.164185,3.93672,0.131812
0.164795,3.95135,-0.113035E-01
0.165405,3.96599,-0.217767
0.166016,3.98062,0.111670
0.166626,3.99526,0.141065
0.167236,4.00989,0.523725
0.167847,4.02453,0.260503
0.168457,4.03916,0.278386
0.169067,4.05380,-0.196447
0.169678,4.06843,1.01252
0.170288,4.08306,0.416478
0.170898,4.09770,0.639602
0.171509,4.11233,-0.421904
0.172119,4.12697,-0.497600
0.172729,4.14160,-0.433376
0.173340,4.15624,0.146519E-01
0.173950,4.17087,-0.175036
0.174561,4.18551,0.365273
0.175171,4.20014,0.631734E-01
0.175781,4.21478,0.330193E-01
0.176392,4.22941,0.823851E-01
0.177002,4.24405,0.597254
0.177612,4.25868,0.233223
0.178223,4.27331,0.187728
0.178833,4.28795,0.417031E-01
0.179443,4.30258,0.662222E-01
0.180054,4.31722,-0.308996
0.180664,4.33185,0.372127E-01
0.181274,4.34649,0.529820
0.181885,4.36112,-0.679047E-01
0.182495,4.37576,-0.118395E-01
0.183105,4.39039,0.121835
0.183716,4.40503,-0.112640
0.184326,4.41966,0.426774E-02
0.184937,4.43430,-0.101980
0.185547,4.44893,0.354506
0.186157,4.46357,0.155672
0.186768,4.47820,-0.360059
0.187378,4.49283,-0.294916
0.187988,4.50747,0.749087
0.188599,4.52210,0.819037E-01
0.189209,4.53674,0.300539E-02
0.189819,4.55137,-0.104272
0.190430,4.56601,0.265040
0.191040,4.58064,0.170700
0.191650,4.59528,0.184583
0.192261,4.60991,0.533558
0.192871,4.62455,0.690103E-01
0.193481,4.63918,0.943763E-01
0.194092,4.65382,-0.711089E-01
0.194702,4.66845,-0.547798E-02
0.195312,4.68308,0.834237E-01
0.195923,4.69772,-0.195798
0.196533,4.71235,-0.645311
0.197144,4.72699,-0.440358
0.197754,4.74162,-0.131520
0.198364,4.75626,0.349380
0.198975,4.77089,0.421742
0.199585,4.78553,0.196151
0.200195,4.80016,0.353418
0.200806,4.81480,0.121832
0.201416,4.82943,0.168660
0.202026,4.84407,-0.895281E-01
0.202637,4.85870,0.243688
0.203247,4.87334,-0.270236E-01
0.203857,4.88797,0.263344E-01
0.204468,4.90260,0.184970
0.205078,4.91724,0.752243E-01
0.205688,4.93187,0.860067E-01
0.206299,4.94651,0.636473E-01
0.206909,4.96114,0.364796E-01
0.207520,4.97578,0.351483
0.208130,4.99041,-0.433367E-01
0.208740,5.00505,0.114708
0.209351,5.01968,-0.726243
0.209961,5.03432,-0.754091E-01
0.210571,5.04895,0.293262
0.211182,5.06359,-0.113496
0.211792,5.07822,-0.228391E-01
0.212402,5.09285,-0.409201
0.213013,5.10749,-0.354611E-01
0.213623,5.12212,0.315141E-01
0.214233,5.13676,0.280998
0.214844,5.15139,-0.395418E-01
0.215454,5.16603,0.540952
0.216064,5.18066,0.276267E-01
0.216675,5.19530,-0.911086E-01
0.217285,5.20993,-0.315992E-01
0.217896,5.22457,0.796705
0.218506,5.23920,0.129011E-01
0.219116,5.25384,-0.125900
0.219727,5.26847,0.178489
0.220337,5.28310,0.357988
0.220947,5.29774,0.147604
0.221558,5.31237,-0.228214
0.222168,5.32701,0.618288
0.222778,5.34164,0.130624E-01
0.223389,5.35628,-0.903550E-01
0.223999,5.37091,0.232358
0.224609,5.38555,-0.229095E-02
0.225220,5.40018,0.224221E-01
0.225830,5.41482,0.248978E-02
0.226440,5.42945,-0.408918E-01
0.227051,5.44409,-0.460105E-01
0.227661,5.45872,-0.704723E-01
0.228271,5.47336,-0.583612E-02
0.228882,5.48799,0.638729E-02
0.229492,5.50262,0.319208E-01
0.230103,5.51726,-0.667767E-01
0.230713,5.53189,-0.379228E-01
0.231323,5.54653,0.337329
0.231934,5.56116,0.547717E-01
0.232544,5.57580,0.108428E-01
0.233154,5.59043,0.129313
0.233765,5.60507,0.788158E-01
0.234375,5.61970,0.103435
0.234985,5.63434,-0.130400
0.235596,5.64897,-0.918143E-01
0.236206,5.66361,-0.352332E-02
0.236816,5.67824,0.680350E-01
0.237427,5.69287,-0.202695E-01
0.238037,5.70751,0.135933E-03
0.238647,5.72214,0.483849E-01
0.239258,5.73678,-0.223831
0.239868,5.75141,0.113462
0.240479,5.76605,0.852747E-01
0.241089,5.78068,-0.776516E-01
0.241699,5.79532,0.292257
0.242310,5.80995,0.199705
0.242920,5.82459,-0.191726
0.243530,5.83922,0.153797
0.244141,5.85386,-0.947798E-01
0.244751,5.86849,0.143242
0.245361,5.88313,0.345710
0.245972,5.89776,-0.232222E-01
0.246582,5.91239,0.370793E-01
0.247192,5.92703,0.358577E-01
0.247803,5.94166,-0.446197E-01
0.248413,5.95630,0.127252E-01
0.249023,5.97093,-0.145820
0.249634,5.98557,0.103699E-01
0.250244,6.00020,-0.193473
0.250854,6.01484,0.330983
0.251465,6.02947,0.752759E-01
0.252075,6.04411,-0.539154E-01
0.252686,6.05874,-0.150842E-01
0.253296,6.07338,-0.782742E-01
0.253906,6.08801,-0.109151
0.254517,6.10264,0.976129E-02
0.255127,6.11728,0.722233E-01
0.255737,6.13191,0.228328E-01
0.256348,6.14655,-0.194322
0.256958,6.16118,0.426398E-03
0.257568,6.17582,0.531869E-01
0.258179,6.19045,0.205558
0.258789,6.20509,-0.908026E-02
0.259399,6.21972,0.157606
0.260010,6.23436,-0.172233
0.260620,6.24899,0.654191E-01
0.261230,6.26363,0.162523
0.261841,6.27826,-0.422807
0.262451,6.29290,0.774214E-01
0.263062,6.30753,0.471509
0.263672,6.32216,-0.532528E-02
0.264282,6.33680,0.379021E-01
0.264893,6.35143,0.162751
0.265503,6.36607,-0.179844E-02
0.266113,6.38070,-0.844086E-01
0.266724,6.39534,-0.520801E-01
0.267334,6.40997,-0.812282E-01
0.267944,6.42461,-0.337793E-01
0.268555,6.43924,0.282990E-01
0.269165,6.45388,-0.780519E-01
0.269775,6.46851,-0.136161
0.270386,6.48315,-0.959172E-01
0.270996,6.49778,0.266559E-01
0.271606,6.51241,-0.125166E-01
0.272217,6.52705,-0.180576E-01
0.272827,6.54168,-0.291117E-02
0.273438,6.55632,0.180538E-01
0.274048,6.57095,-0.127686E-01
0.274658,6.58559,0.161432
0.275269,6.60022,0.518481E-01
0.275879,6.61486,-0.115968
0.276489,6.62949,0.149532E-01
0.277100,6.64413,0.100280
0.277710,6.65876,0.444523
0.278320,6.67340,-0.424862E-01
0.278931,6.68803,0.220646E-01
0.279541,6.70267,0.899776E-01
0.280151,6.71730,0.473041E-01
0.280762,6.73193,0.782245E-01
0.281372,6.74657,-0.152494
0.281982,6.76120,-0.147301
0.282593,6.77584,0.108919
0.283203,6.79047,-0.250430E-01
0.283813,6.80511,-0.950564E-02
0.284424,6.81974,-0.177605
0.285034,6.83438,0.350025
0.285645,6.84901,0.497506E-01
0.286255,6.86365,-0.173058
0.286865,6.87828,-0.265817E-01
0.287476,6.89292,-0.666196E-02
0.288086,6.90755,0.186190
0.288696,6.92218,0.115790
0.289307,6.93682,-0.165981
0.289917,6.95145,-0.309248
0.290527,6.96609,0.109179
0.291138,6.98072,-0.378180E-01
0.291748,6.99536,0.274410
0.292358,7.00999,0.480666
0.292969,7.02463,0.117546E-01
0.293579,7.03926,-0.265096E-01
0.294189,7.05390,-0.594067E-01
0.294800,7.06853,-0.207040
0.295410,7.08317,0.423015E-01
0.296021,7.09780,0.168727
0.296631,7.11243,0.700747
0.297241,7.12707,0.732915
0.297852,7.14170,0.249840E-01
0.298462,7.15634,0.889533E-01
0.299072,7.17097,-0.154378
0.299683,7.18561,0.593191E-02
0.300293,7.20024,-0.265207E-01
0.300903,7.21488,-0.131347
0.301514,7.22951,0.411614E-02
0.302124,7.24415,-0.540282E-01
0.302734,7.25878,-0.653949E-01
0.303345,7.27342,0.399687E-01
0.303955,7.28805,-0.165300
0.304565,7.30269,-0.287824E-01
0.305176,7.31732,-0.115043
0.305786,7.33195,0.103766
0.306396,7.34659,0.238635
0.307007,7.36122,0.741505E-01
0.307617,7.37586,-0.125365
0.308228,7.39049,-0.223823E-01
0.308838,7.40513,0.189596
0.309448,7.41976,0.300210E-01
0.310059,7.43440,0.174887
0.310669,7.44903,0.162561
0.311279,7.46367,0.112387
0.311890,7.47830,-0.419759E-01
0.312500,7.49294,0.136679E-02
0.313110,7.50757,0.128403E-01
0.313721,7.52220,-0.175229
0.314331,7.53684,0.178833
0.314941,7.55147,-0.916117E-02
0.315552,7.56611,-0.585209E-01
0.316162,7.58074,-0.563985E-01
0.316772,7.59538,-0.467572E-01
0.317383,7.61001,-0.123890
0.317993,7.62465,0.162665E-01
0.318604,7.63928,0.263265
0.319214,7.65392,-0.174539E-01
0.319824,7.66855,-0.257415E-01
0.320435,7.68319,0.899555E-01
0.321045,7.69782,-0.279997E-01
0.321655,7.71246,0.170912
0.322266,7.72709,-0.990544E-02
0.322876,7.74172,-0.159297E-01
0.323486,7.75636,0.776259E-01
0.324097,7.77099,-0.311488E-01
0.324707,7.78563,0.343169
0.325317,7.80026,-0.162708E-02
0.325928,7.81490,0.866435E-01
0.326538,7.82953,0.852429E-02
0.327148,7.84417,-0.930937E-01
0.327759,7.85880,-0.105789
0.328369,7.87344,0.280289E-01
0.328979,7.88807,0.254219
0.329590,7.90271,-0.728360E-01
0.330200,7.91734,0.261805
0.330811,7.93197,-0.260826
0.331421,7.94661,-0.277135E-01
0.332031,7.96124,-0.801514E-01
0.332642,7.97588,0.227748E-01
0.333252,7.99051,0.102945
0.333862,8.00515,-0.341207E-01
0.334473,8.01978,-0.564240E-01
0.335083,8.03442,0.442723E-01
0.335693,8.04905,0.115694E-01
0.336304,8.06369,-0.148115
0.336914,8.07832,0.107144
0.337524,8.09296,0.630834E-01
0.338135,8.10759,-0.142231
0.338745,8.12223,-0.127093
0.339355,8.13686,0.333990
0.339966,8.15149,0.392830
0.340576,8.16613,0.159938
0.341187,8.18076,-0.514380
0.341797,8.19540,-0.150669
0.342407,8.21003,0.702346E-01
0.343018,8.22467,-0.165596
0.343628,8.23930,0.463721E-02
0.344238,8.25394,-0.127970
0.344849,8.26857,0.132315
0.345459,8.28321,-0.183022
0.346069,8.29784,-0.165827
0.346680,8.31248,-0.941896E-01
0.347290,8.32711,0.474948E-01
0.347900,8.34174,-0.206575E-01
0.348511,8.35638,-0.150403
0.349121,8.37101,0.101651
0.349731,8.38565,-0.580770E-01
0.350342,8.40028,0.334362E-01
0.350952,8.41492,-0.669594E-01
0.351562,8.42955,-0.644856E-01
0.352173,8.44419,-0.929552E-01
0.352783,8.45882,0.233532
0.353394,8.47346,0.144293
0.354004,8.48809,-0.136733
0.354614,8.50273,0.197330E-01
0.355225,8.51736,-0.124031E-01
0.355835,8.53199,0.826180E-01
0.356445,8.54663,0.256737
0.357056,8.56126,-0.265308E-02
0.357666,8.57590,0.139268
0.358276,8.59053,0.685869E-01
0.358887,8.60517,0.176912E-01
0.359497,8.61980,-0.186958E-02
0.360107,8.63444,-0.217877
0.360718,8.64907,0.999320E-01
0.361328,8.66371,-0.974536E-02
0.361938,8.67834,0.126762E-01
0.362549,8.69298,0.371010
0.363159,8.70761,-0.517583E-01
0.363770,8.72225,0.138270
0.364380,8.73688,-0.307721E-01
0.364990,8.75151,-0.128502
0.365601,8.76615,-0.337428E-01
0.366211,8.78078,-0.549316E-01
0.366821,8.79542,0.843842E-02
0.367432,8.81005,-0.345187
0.368042,8.82469,0.525519E-01
0.368652,8.83932,0.133211
0.369263,8.85396,0.215487
0.369873,8.86859,0.162017
0.370483,8.88323,-0.624000E-01
0.371094,8.89786,0.160149E-01
0.371704,8.91250,0.107141
0.372314,8.92713,0.331953
0.372925,8.94176,-0.452020E-01
0.373535,8.95640,0.576596E-01
0.374146,8.97103,-0.129083
0.374756,8.98567,-0.225618
0.375366,9.00030,0.153451E-01
0.375977,9.01494,-0.806121E-01
0.376587,9.02957,-0.379762
0.377197,9.04421,0.395018E-01
0.377808,9.05884,0.173458
0.378418,9.07348,-0.299481E-01
0.379028,9.08811,-0.934500E-01
0.379639,9.10275,0.128022
0.380249,9.11738,0.338411
0.380859,9.13202,0.244865E-01
0.381470,9.14665,-0.722095E-01
0.382080,9.16128,-0.285703E-01
0.382690,9.17592,0.150022
0.383301,9.19055,-0.249048
0.383911,9.20519,0.221088
0.384521,9.21982,-0.268873E-01
0.385132,9.23446,0.104596
0.385742,9.24909,0.192782
0.386353,9.26373,0.361669E-01
0.386963,9.27836,-0.954291E-01
0.387573,9.29300,-0.212277E-01
0.388184,9.30763,0.812077E-01
0.388794,9.32227,-0.218966
0.389404,9.33690,0.139147
0.390015,9.35153,-0.956816E-01
0.390625,9.36617,0.134106
0.391235,9.38080,0.231350E-01
0.391846,9.39544,-0.306523E-02
0.392456,9.41007,0.139635
0.393066,9.42471,-0.122770E-02
0.393677,9.43934,-0.668988E-01
0.394287,9.45398,0.517791E-01
0.394897,9.46861,-0.463993E-01
0.395508,9.48325,-0.224779
0.396118,9.49788,-0.384375
0.396729,9.51252,-0.592308E-01
0.397339,9.52715,-0.228154
0.397949,9.54179,-0.167055
0.398560,9.55642,-0.117171E-01
0.399170,9.57105,-0.502208E-02
0.399780,9.58569,-0.519867E-02
0.400391,9.60032,0.551916E-01
0.401001,9.61496,-0.194089
0.401611,9.62959,0.393227
0.402222,9.64423,-0.719473E-01
0.402832,9.65886,-0.104120
0.403442,9.67350,-0.458866
0.404053,9.68813,0.561450E-01
0.404663,9.70277,-0.564545E-02
0.405273,9.71740,-0.363168E-01
0.405884,9.73204,-0.110205E-02
0.406494,9.74667,0.212973
0.407104,9.76130,0.239082
0.407715,9.77594,-0.266460E-01
0.408325,9.79057,-0.118954
0.408936,9.80521,0.971498E-01
0.409546,9.81984,-0.249519E-01
0.410156,9.83448,0.155730
0.410767,9.84911,0.491880E-01
0.411377,9.86375,0.169290E-01
0.411987,9.87838,-0.122659E-01
0.412598,9.89302,0.169364
0.413208,9.90765,0.761416E-01
0.413818,9.92229,0.760206E-02
0.414429,9.93692,0.155757
0.415039,9.95156,-0.337374E-02
0.415649,9.96619,0.105243
0.416260,9.98082,-0.137251
0.416870,9.99546,-0.946617E-01
0.417480,10.0101,-0.730889E-01
0.418091,10.0247,0.213653E-01
0.418701,10.0394,0.235551
0.419312,10.0540,0.194228E-01
0.419922,10.0686,0.200819
0.420532,10.0833,0.182525
0.421143,10.0979,0.635271E-01
0.421753,10.1125,-0.417424E-02
0.422363,10.1272,0.503764
0.422974,10.1418,0.364362E-01
0.423584,10.1564,-0.420737E-01
0.424194,10.1711,-0.233064E-01
0.424805,10.1857,-0.403645E-01
0.425415,10.2003,0.286104E-01
0.426025,10.2150,0.823372E-01
0.426636,10.2296,0.179886E-01
0.427246,10.2442,0.161791E-02
0.427856,10.2589,0.591567E-01
0.428467,10.2735,0.604889E-01
0.429077,10.2882,0.192424
0.429688,10.3028,0.798199E-02
0.430298,10.3174,0.115985E-01
0.430908,10.3321,-0.760073E-01
0.431519,10.3467,-0.752851E-01
0.432129,10.3613,-0.109600
0.432739,10.3760,0.168382
0.433350,10.3906,0.574199E-01
0.433960,10.4052,-0.780474E-02
0.434570,10.4199,-0.290535E-01
0.435181,10.4345,0.308017
0.435791,10.4491,0.105021
0.436401,10.4638,0.341883E-01
0.437012,10.4784,-0.175567E-02
0.437622,10.4930,-0.192138
0.438232,10.5077,0.124376
0.438843,10.5223,-0.529838E-01
0.439453,10.5369,0.118180
0.440063,10.5516,0.131406E-01
0.440674,10.5662,-0.539626E-01
0.441284,10.5808,0.652475E-01
0.441895,10.5955,-0.814695E-01
0.442505,10.6101,0.160696E-01
0.443115,10.6247,0.236284E-01
0.443726,10.6394,0.811017E-02
0.444336,10.6540,-0.115292E-01
0.444946,10.6687,-0.106052
0.445557,10.6833,0.913051E-01
0.446167,10.6979,0.433831E-01
0.446777,10.7126,0.215252
0.447388,10.7272,0.107829
0.447998,10.7418,-0.925294E-01
0.448608,10.7565,0.574379E-02
0.449219,10.7711,0.440871E-01
0.449829,10.7857,0.408184E-01
0.450439,10.8004,0.341043E-01
0.451050,10.8150,0.721334E-01
0.451660,10.8296,0.104606
0.452271,10.8443,0.583331E-01
0.452881,10.8589,0.284471
0.453491,10.8735,0.853817E-01
0.454102,10.8882,0.903661E-01
0.454712,10.9028,0.227990E-01
0.455322,10.9174,0.166511E-01
0.455933,10.9321,0.118849
0.456543,10.9467,0.132824
0.457153,10.9613,0.158636
0.457764,10.9760,-0.435090E-01
0.458374,10.9906,0.935284E-01
0.458984,11.0052,-0.266689E-02
0.459595,11.0199,-0.488365E-01
0.460205,11.0345,0.106909
0.460815,11.0492,0.193499E-01
0.461426,11.0638,0.105783
0.462036,11.0784,0.149760E-01
0.462646,11.0931,0.535037E-02
0.463257,11.1077,-0.510510E-01
0.463867,11.1223,0.141510E-01
0.464478,11.1370,-0.277165E-02
0.465088,11.1516,-0.260125
0.465698,11.1662,0.220412E-02
0.466309,11.1809,0.447438E-01
0.466919,11.1955,-0.177541
0.467529,11.2101,-0.805345E-01
0.468140,11.2248,-0.106737
0.468750,11.2394,0.986294E-01
0.469360,11.2540,-0.366302E-01
0.469971,11.2687,0.858627E-01
0.470581,11.2833,0.350430
0.471191,11.2979,0.121052E-01
0.471802,11.3126,-0.178168
0.472412,11.3272,-0.463913E-01
0.473022,11.3418,0.130293
0.473633,11.3565,0.602405E-01
0.474243,11.3711,0.267164
0.474854,11.3857,0.660292E-01
0.475464,11.4004,-0.362308E-03
0.476074,11.4150,-0.604211E-02
0.476685,11.4297,-0.777894E-01
0.477295,11.4443,0.183554E-01
0.477905,11.4589,0.273365E-01
0.478516,11.4736,-0.188047
0.479126,11.4882,-0.407432E-01
0.479736,11.5028,-0.162571
0.480347,11.5175,0.187358
0.480957,11.5321,-0.583045E-01
0.481567,11.5467,0.454245
0.482178,11.5614,-0.462084
0.482788,11.5760,0.144808
0.483398,11.5906,-0.116299
0.484009,11.6053,-0.175991
0.484619,11.6199,0.572969E-01
0.485229,11.6345,-0.766989E-01
0.485840,11.6492,0.144812
0.486450,11.6638,-0.203238E-01
0.487061,11.6784,-0.339929E-01
0.487671,11.6931,0.661473E-01
0.488281,11.7077,-0.207371
0.488892,11.7223,0.182392
0.489502,11.7370,0.622300E-01
0.490112,11.7516,-0.151689
0.490723,11.7663,0.171698
0.491333,11.7809,0.897432E-01
0.491943,11.7955,-0.308508E-01
0.492554,11.8102,-0.415524E-01
0.493164,11.8248,-0.195994
0.493774,11.8394,0.535547E-01
0.494385,11.8541,0.118037
0.494995,11.8687,-0.146167
0.495605,11.8833,-0.575361E-01
0.496216,11.8980,0.978369E-01
0.496826,11.9126,0.196946E-01
0.497437,11.9272,0.136410
0.498047,11.9419,0.149523E-01
0.498657,11.9565,-0.146673E-01
0.499268,11.9711,-0.514304E-01
0.499878,11.9858,0.492734E-01
0.500488,12.0004,-0.146815E-01
0.501099,12.0150,-0.884195E-01
0.501709,12.0297,-0.318661
0.502319,12.0443,0.786458E-01
0.502930,12.0589,0.113677
0.503540,12.0736,0.206141E-02
0.504150,12.0882,-0.129431
0.504761,12.1028,-0.149849E-01
0.505371,12.1175,0.265338
0.505981,12.1321,0.226124E-02
0.506592,12.1468,-0.111338E-01
0.507202,12.1614,0.188481
0.507812,12.1760,0.466761E-01
0.508423,12.1907,0.161727E-01
0.509033,12.2053,0.150100
0.509644,12.2199,0.177362E-01
0.510254,12.2346,-0.312876E-01
0.510864,12.2492,0.223658
0.511475,12.2638,0.113607
0.512085,12.2785,-0.437006E-01
0.512695,12.2931,0.770778E-01
0.513306,12.3077,0.752416E-01
0.513916,12.3224,-0.342218
0.514526,12.3370,-0.229167E-01
0.515137,12.3516,-0.724277E-01
0.515747,12.3663,0.174756
0.516357,12.3809,-0.106806
0.516968,12.3955,0.146214
0.517578,12.4102,0.129364
0.518188,12.4248,0.143993
0.518799,12.4394,0.173153
0.519409,12.4541,0.212149E-01
0.520020,12.4687,0.864726E-01
0.520630,12.4833,0.710261E-01
0.521240,12.4980,0.127700E-01
0.521851,12.5126,0.947710E-01
0.522461,12.5273,0.700702E-01
0.523071,12.5419,0.395467E-01
0.523682,12.5565,0.951765E-01
0.524292,12.5712,0.566150E-01
0.524902,12.5858,0.438251E-01
0.525513,12.6004,-0.310662E-01
0.526123,12.6151,0.137521
0.526733,12.6297,0.238375E-01
0.527344,12.6443,-0.173939
0.527954,12.6590,0.266666
0.528564,12.6736,0.926407E-01
0.529175,12.6882,0.138555
0.529785,12.7029,0.638546E-01
0.530396,12.7175,0.951841E-01
0.531006,12.7321,-0.466599E-01
0.531616,12.7468,0.724085E-01
0.532227,12.7614,0.165174E-01
0.532837,12.7760,-0.295261E-01
0.533447,12.7907,-0.145173
0.534058,12.8053,0.194369
0.534668,12.8199,0.700376E-02
0.535278,12.8346,0.129808
0.535889,12.8492,0.147572E-01
0.536499,12.8638,-0.248322E-01
0.537109,12.8785,-0.224552E-01
0.537720,12.8931,0.217773
0.538330,12.9078,0.215741E-01
0.538940,12.9224,0.525259E-01
0.539551,12.9370,0.380604E-01
0.540161,12.9517,-0.858172E-02
0.540771,12.9663,-0.448537
0.541382,12.9809,0.719446E-01
0.541992,12.9956,-0.825101E-01
0.542603,13.0102,-0.385311E-01
0.543213,13.0248,-0.163229E-01
0.543823,13.0395,-0.165779E-01
0.544434,13.0541,0.169705
0.545044,13.0687,0.116364
0.545654,13.0834,0.194956
0.546265,13.0980,0.392378E-02
0.546875,13.1126,-0.229039
0.547485,13.1273,-0.738215E-01
0.548096,13.1419,-0.151274
0.548706,13.1565,0.104893
0.549316,13.1712,0.608485E-02
0.549927,13.1858,0.103943
0.550537,13.2004,-0.166138E-01
0.551147,13.2151,-0.893353E-02
0.551758,13.2297,-0.575216E-01
0.552368,13.2443,0.105088
0.552979,13.2590,-0.660756E-01
0.553589,13.2736,0.224059
0.554199,13.2883,0.110869
0.554810,13.3029,0.378713E-02
0.555420,13.3175,-0.857394E-01
0.556030,13.3322,0.132860
0.556641,13.3468,0.738203E-01
0.557251,13.3614,-0.527216E-01
0.557861,13.3761,0.421607E-01
0.558472,13.3907,-0.776380E-01
0.559082,13.4053,0.140476E-01
0.559692,13.4200,-0.613062E-01
0.560303,13.4346,0.118792E-01
0.560913,13.4492,0.196195E-01
0.561523,13.4639,-0.208344
0.562134,13.4785,-0.144686
0.562744,13.4931,-0.196675E-01
0.563354,13.5078,0.879093E-01
0.563965,13.5224,0.547869E-01
0.564575,13.5370,0.556280E-01
0.565186,13.5517,0.337962E-01
0.565796,13.5663,-0.264219E-01
0.566406,13.5809,0.116884
0.567017,13.5956,-0.235588
0.567627,13.6102,-0.142428
0.568237,13.6248,-0.208838E-01
0.568848,13.6395,0.525594E-01
0.569458,13.6541,0.961528E-01
0.570068,13.6688,-0.270776E-01
0.570679,13.6834,-0.462435E-01
0.571289,13.6980,-0.241765
0.571899,13.7127,0.229194
0.572510,13.7273,-0.239497
0.573120,13.7419,0.149455
0.573730,13.7566,0.146281
0.574341,13.7712,0.877445E-01
0.574951,13.7858,0.672755E-02
0.575562,13.8005,0.910290E-01
0.576172,13.8151,-0.972155E-01
0.576782,13.8297,-0.429923E-01
0.577393,13.8444,-0.928208E-01
0.578003,13.8590,-0.230723E-01
0.578613,13.8736,-0.627285E-01
0.579224,13.8883,0.141139
0.579834,13.9029,0.403543E-01
0.580444,13.9175,0.256816
0.581055,13.9322,0.235796E-01
0.581665,13.9468,-0.353064E-01
0.582275,13.9614,-0.516726E-02
0.582886,13.9761,-0.346386E-01
0.583496,13.9907,0.535257E-01
0.584106,14.0054,-0.162754E-01
0.584717,14.0200,0.479596E-01
0.585327,14.0346,-0.161094
0.585938,14.0493,-0.521602E-01
0.586548,14.0639,-0.351895E-01
0.587158,14.0785,-0.192210E-02
0.587769,14.0932,0.350583E-01
0.588379,14.1078,0.218819
0.588989,14.1224,0.244051
0.589600,14.1371,0.673089E-01
0.590210,14.1517,0.214920
0.590820,14.1663,0.121285E-01
0.591431,14.1810,0.358219E-01
0.592041,14.1956,0.275390
0.592651,14.2102,0.289146
0.593262,14.2249,-0.132622
0.593872,14.2395,-0.791609E-02
0.594482,14.2541,0.106442E-01
0.595093,14.2688,0.353595E-01
0.595703,14.2834,-0.324370E-01
0.596313,14.2980,-0.198126E-02
0.596924,14.3127,-0.423651E-01
0.597534,14.3273,0.306596
0.598145,14.3419,0.102821
0.598755,14.3566,0.108144
0.599365,14.3712,-0.102980E-01
0.599976,14.3859,0.326106
0.600586,14.4005,0.278794E-01
0.601196,14.4151,0.138012
0.601807,14.4298,0.125394
0.602417,14.4444,0.222921E-01
0.603027,14.4590,0.103634
0.603638,14.4737,0.687079E-01
0.604248,14.4883,-0.226048
0.604858,14.5029,0.234827E-01
0.605469,14.5176,0.568376E-01
0.606079,14.5322,0.649103E-02
0.606689,14.5468,-0.125398E-01
0.607300,14.5615,0.710988E-01
0.607910,14.5761,0.898310E-01
0.608521,14.5907,0.151767E-01
0.609131,14.6054,-0.400029E-01
0.609741,14.6200,0.952288E-01
0.610352,14.6346,0.119688
0.610962,14.6493,0.977039E-01
0.611572,14.6639,-0.892116E-01
0.612183,14.6785,0.392391E-01
0.612793,14.6932,0.845461E-01
0.613403,14.7078,-0.153935
0.614014,14.7224,0.114692E-02
0.614624,14.7371,-0.485029E-01
0.615234,14.7517,0.146100E-03
0.615845,14.7664,0.103833
0.616455,14.7810,-0.381265E-02
0.617065,14.7956,-0.160798
0.617676,14.8103,-0.147202E-01
0.618286,14.8249,-0.489245E-02
0.618896,14.8395,0.372327E-01
0.619507,14.8542,-0.396617E-01
0.620117,14.8688,-0.148006
0.620728,14.8834,-0.404903E-01
0.621338,14.8981,0.121504E-02
0.621948,14.9127,0.791762E-01
0.622559,14.9273,0.464749E-01
0.623169,14.9420,0.966022E-01
0.623779,14.9566,-0.249269E-01
0.624390,14.9712,-0.605267E-01
0.625000,14.9859,0.410778E-01
0.625610,15.0005,-0.945762E-01
0.626221,15.0151,0.145505
0.626831,15.0298,-0.732315E-01
0.627441,15.0444,-0.286234E-01
0.628052,15.0590,-0.164713E-01
0.628662,15.0737,-0.282881E-01
0.629272,15.0883,-0.598985E-01
0.629883,15.1029,-0.122934E-01
0.630493,15.1176,0.998578E-03
0.631104,15.1322,0.180507E-01
0.631714,15.1469,0.152607
0.632324,15.1615,-0.515591E-01
0.632935,15.1761,0.693869E-01
0.633545,15.1908,-0.116369
0.634155,15.2054,-0.284738E-01
0.634766,15.2200,0.187993E-01
0.635376,15.2347,0.670025E-01
0.635986,15.2493,0.367922E-01
0.636597,15.2639,-0.162090
0.637207,15.2786,-0.757033E-01
0.637817,15.2932,-0.131343
0.638428,15.3078,-0.422021E-02
0.639038,15.3225,0.919333E-01
0.639648,15.3371,0.409794E-01
0.640259,15.3517,0.937358E-02
0.640869,15.3664,-0.128236E-01
0.641479,15.3810,0.738978E-01
0.642090,15.3956,0.334720E-02
0.642700,15.4103,-0.628016E-01
0.643311,15.4249,0.582118E-01
0.643921,15.4395,0.624689E-02
0.644531,15.4542,0.375109E-01
0.645142,15.4688,0.647876E-01
0.645752,15.4834,-0.328446E-01
0.646362,15.4981,0.192962E-01
0.646973,15.5127,0.236325
0.647583,15.5274,0.581668E-01
0.648193,15.5420,-0.357446E-01
0.648804,15.5566,-0.151220E-01
0.649414,15.5713,0.838480E-01
0.650024,15.5859,-0.332864E-01
0.650635,15.6005,0.722737E-01
0.651245,15.6152,0.201893E-01
0.651855,15.6298,0.451751E-01
0.652466,15.6444,-0.225581E-02
0.653076,15.6591,-0.810172E-01
0.653687,15.6737,-0.302708E-01
0.654297,15.6883,-0.114296E-01
0.654907,15.7030,0.541826E-01
0.655518,15.7176,0.104075
0.656128,15.7322,0.486333E-01
0.656738,15.7469,-0.568245E-01
0.657349,15.7615,-0.139929E-01
0.657959,15.7761,0.411838
0.658569,15.7908,0.222310
0.659180,15.8054,0.279414E-01
0.659790,15.8200,-0.299649
0.660400,15.8347,0.709962E-01
0.661011,15.8493,-0.283978E-01
0.661621,15.8639,0.710604E-01
0.662231,15.8786,-0.137381E-01
0.662842,15.8932,-0.175362E-01
0.663452,15.9079,-0.355156E-01
0.664062,15.9225,0.663663E-01
0.664673,15.9371,0.250620
0.665283,15.9518,-0.125799
0.665894,15.9664,0.128580E-01
0.666504,15.9810,-0.149198
0.667114,15.9957,-0.107692E-01
0.667725,16.0103,0.227097E-01
0.668335,16.0249,-0.116378
0.668945,16.0396,-0.479488E-02
0.669556,16.0542,-0.701008E-02
0.670166,16.0688,0.193225
0.670776,16.0835,0.263270
0.671387,16.0981,0.806997E-01
0.671997,16.1127,-0.479461E-01
0.672607,16.1274,0.413841E-02
0.673218,16.1420,-0.384653E-01
0.673828,16.1566,-0.194890E-01
0.674438,16.1713,0.278123E-01
0.675049,16.1859,0.776169E-01
0.675659,16.2005,0.112768
0.676270,16.2152,0.121435E-01
0.676880,16.2298,0.670146E-01
0.677490,16.2445,0.132849
0.678101,16.2591,-0.132455E-01
0.678711,16.2737,0.192584
0.679321,16.2884,0.968676E-02
0.679932,16.3030,0.112734
0.680542,16.3176,0.504473E-01
0.681152,16.3323,-0.486627E-01
0.681763,16.3469,-0.524958E-01
0.682373,16.3615,0.262438E-01
0.682983,16.3762,0.505089E-01
0.683594,16.3908,-0.223762E-02
0.684204,16.4054,-0.165289
0.684814,16.4201,0.515663E-01
0.685425,16.4347,-0.766485E-02
0.686035,16.4493,-0.164843E-02
0.686646,16.4640,0.118591
0.687256,16.4786,-0.863273E-01
0.687866,16.4932,0.709504E-01
0.688477,16.5079,0.312912E-01
0.689087,16.5225,0.168914
0.689697,16.5371,0.827176E-01
0.690308,16.5518,0.289594E-01
0.690918,16.5664,0.173531E-02
0.691528,16.5810,0.137676
0.692139,16.5957,-0.650179E-01
0.692749,16.6103,-0.222504E-02
0.693359,16.6250,0.144921E-01
0.693970,16.6396,-0.119890E-03
0.694580,16.6542,-0.322587E-03
0.695190,16.6689,0.562834E-01
0.695801,16.6835,-0.147700E-01
0.696411,16.6981,-0.113120
0.697021,16.7128,-0.855784E-01
0.697632,16.7274,0.182620
0.698242,16.7420,-0.694742E-01
0.698853,16.7567,-0.360371E-02
0.699463,16.7713,-0.700782E-03
0.700073,16.7859,0.113569
0.700684,16.8006,0.137562E-01
0.701294,16.8152,0.569892E-02
0.701904,16.8298,0.835242E-01
0.702515,16.8445,-0.196378E-01
0.703125,16.8591,-0.762440E-02
0.703735,16.8737,0.635012E-01
0.704346,16.8884,0.142807
0.704956,16.9030,0.174168
0.705566,16.9176,0.597415E-01
0.706177,16.9323,0.542895E-01
0.706787,16.9469,0.603130E-01
0.707397,16.9615,0.265100E-01
0.708008,16.9762,-0.217059E-01
0.708618,16.9908,-0.451021E-01
0.709229,17.0055,-0.629764E-02
0.709839,17.0201,0.694580E-01
0.710449,17.0347,0.376389E-02
0.711060,17.0494,0.653363E-01
0.711670,17.0640,-0.642308E-01
0.712280,17.0786,-0.172297E-01
0.712891,17.0933,0.195536
0.713501,17.1079,-0.197600E-01
0.714111,17.1225,0.858712E-01
0.714722,17.1372,0.106351E-01
0.715332,17.1518,-0.591293E-01
0.715942,17.1664,-0.256720E-01
0.716553,17.1811,0.170783
0.717163,17.1957,-0.317782E-01
0.717773,17.2103,0.104823
0.718384,17.2250,0.194788E-01
0.718994,17.2396,0.133077
0.719604,17.2542,0.319422
0.720215,17.2689,0.884601E-02
0.720825,17.2835,0.175608E-01
0.721436,17.2981,-0.212834E-01
0.722046,17.3128,-0.246960E-04
0.722656,17.3274,-0.589018E-02
0.723267,17.3420,-0.861386E-01
0.723877,17.3567,0.668749E-01
0.724487,17.3713,0.317331
0.725098,17.3860,0.847319E-01
0.725708,17.4006,0.167666
0.726318,17.4152,0.445122E-01
0.726929,17.4299,0.159068
0.727539,17.4445,-0.321141E-01
0.728149,17.4591,0.771975E-02
0.728760,17.4738,-0.404362E-01
0.729370,17.4884,0.668876E-01
0.729980,17.5030,0.727560E-03
0.730591,17.5177,0.138214
0.731201,17.5323,-0.284992E-01
0.731812,17.5469,-0.127664E-02
0.732422,17.5616,0.817724E-03
0.733032,17.5762,-0.122040
0.733643,17.5908,0.333923E-01
0.734253,17.6055,0.475981E-01
0.734863,17.6201,-0.423084E-01
0.735474,17.6347,0.852855E-02
0.736084,17.6494,0.394116E-01
0.736694,17.6640,-0.992137E-02
0.737305,17.6786,0.383460E-01
0.737915,17.6933,-0.236867E-01
0.738525,17.7079,0.196585E-01
0.739136,17.7225,0.830464E-01
0.739746,17.7372,-0.500850E-01
0.740356,17.7518,0.342271E-01
0.740967,17.7665,0.241238
0.741577,17.7811,-0.274072E-01
0.742188,17.7957,-0.288677E-03
0.742798,17.8104,-0.900651E-01
0.743408,17.8250,0.216435
0.744019,17.8396,0.170794E-01
0.744629,17.8543,0.712127E-01
0.745239,17.8689,-0.116687E-02
0.745850,17.8835,0.432845E-01
0.746460,17.8982,0.735180E-01
0.747070,17.9128,-0.482381E-01
0.747681,17.9274,0.197116E-01
0.748291,17.9421,0.141734
0.748901,17.9567,0.522427E-01
0.749512,17.9713,0.211330E-01
0.750122,17.9860,-0.945910E-01
0.750732,18.0006,0.302328E-01
0.751343,18.0152,-0.624097E-01
0.751953,18.0299,-0.137841E-01
0.752563,18.0445,0.991561E-02
0.753174,18.0591,0.107016
0.753784,18.0738,0.307339E-01
0.754395,18.0884,0.367651E-01
0.755005,18.1030,0.109973E-01
0.755615,18.1177,0.999957E-01
0.756226,18.1323,0.131231
0.756836,18.1470,-0.162601E-01
0.757446,18.1616,-0.120779
0.758057,18.1762,-0.211761
0.758667,18.1909,0.546605E-02
0.759277,18.2055,-0.408633E-02
0.759888,18.2201,0.211801E-01
0.760498,18.2348,-0.132589
0.761108,18.2494,-0.819972E-02
0.761719,18.2640,0.639591E-01
0.762329,18.2787,0.293689E-02
0.762939,18.2933,0.220974
0.763550,18.3079,0.276250E-01
0.764160,18.3226,0.196391
0.764771,18.3372,0.501082E-01
0.765381,18.3518,0.158211
0.765991,18.3665,-0.222557E-01
0.766602,18.3811,0.187146E-01
0.767212,18.3957,0.294956
0.767822,18.4104,0.144428
0.768433,18.4250,-0.613179E-01
0.769043,18.4396,0.973789E-01
0.769653,18.4543,0.558100E-01
0.770264,18.4689,0.329373
0.770874,18.4836,-0.278537E-01
0.771484,18.4982,0.453390E-01
0.772095,18.5128,-0.404745E-01
0.772705,18.5275,0.760272E-01
0.773315,18.5421,0.126808
0.773926,18.5567,-0.809441E-01
0.774536,18.5714,-0.118528
0.775146,18.5860,0.994634E-02
0.775757,18.6006,-0.524332E-01
0.776367,18.6153,0.335215E-01
0.776978,18.6299,0.107514
0.777588,18.6445,-0.864700E-01
0.778198,18.6592,-0.303269E-02
0.778809,18.6738,-0.318049E-01
0.779419,18.6884,0.630530E-01
0.780029,18.7031,-0.112168
0.780640,18.7177,-0.102377
0.781250,18.7323,-0.531567E-01
0.781860,18.7470,0.356869E-01
0.782471,18.7616,-0.211038
0.783081,18.7762,-0.739964E-01
0.783691,18.7909,-0.582005E-01
0.784302,18.8055,0.270943
0.784912,18.8201,0.685175E-01
0.785522,18.8348,-0.902440E-02
0.786133,18.8494,0.475812E-02
0.786743,18.8641,-0.327344E-01
0.787354,18.8787,-0.109973
0.787964,18.8933,-0.646639E-01
0.788574,18.9080,0.334701E-01
0.789185,18.9226,-0.115831E-01
0.789795,18.9372,0.209376E-01
0.790405,18.9519,0.135909
0.791016,18.9665,-0.595134E-01
0.791626,18.9811,0.393332E-01
0.792236,18.9958,-0.979851E-02
0.792847,19.0104,0.725931E-02
0.793457,19.0250,-0.143153E-02
0.794067,19.0397,0.222727E-02
0.794678,19.0543,-0.618216E-01
0.795288,19.0689,-0.380131E-01
0.795898,19.0836,0.152851E-01
0.796509,19.0982,0.538804E-03
0.797119,19.1128,-0.468040E-01
0.797729,19.1275,-0.346804E-01
0.798340,19.1421,0.145728E-01
0.798950,19.1567,0.952975E-01
0.799561,19.1714,-0.149925E-01
0.800171,19.1860,0.877616E-01
0.800781,19.2006,0.953081E-01
0.801392,19.2153,-0.265402E-01
0.802002,19.2299,0.117447E-02
0.802612,19.2446,-0.318650E-01
0.803223,19.2592,0.218934
0.803833,19.2738,0.253433E-01
0.804443,19.2885,0.590443E-02
0.805054,19.3031,-0.404036E-03
0.805664,19.3177,0.120232
0.806274,19.3324,0.180671
0.806885,19.3470,0.204677E-01
0.807495,19.3616,0.124468
0.808105,19.3763,-0.538429E-01
0.808716,19.3909,-0.274645
0.809326,19.4055,-0.840870E-01
0.809937,19.4202,0.187968
0.810547,19.4348,0.121878
0.811157,19.4494,-0.432441E-01
0.811768,19.4641,0.405388E-02
0.812378,19.4787,-0.176811E-01
0.812988,19.4933,-0.464789E-01
0.813599,19.5080,0.693548E-01
0.814209,19.5226,0.723200E-02
0.814819,19.5372,-0.534274E-01
0.815430,19.5519,0.368457E-01
0.816040,19.5665,0.144697
0.816650,19.5811,0.113450E-01
0.817261,19.5958,0.163716
0.817871,19.6104,-0.637820E-01
0.818481,19.6251,0.640222E-02
0.819092,19.6397,-0.104000E-01
0.819702,19.6543,0.152669E-01
0.820312,19.6690,-0.820272E-02
0.820923,19.6836,0.779501E-01
0.821533,19.6982,0.462653E-01
0.822144,19.7129,-0.110231
0.822754,19.7275,0.809637E-01
0.823364,19.7421,0.206389
0.823975,19.7568,-0.506310E-01
0.824585,19.7714,-0.336767E-01
0.825195,19.7860,-0.719301E-01
0.825806,19.8007,0.183375E-01
0.826416,19.8153,-0.783101E-01
0.827026,19.8299,-0.679485E-03
0.827637,19.8446,0.157555E-01
0.828247,19.8592,-0.186537
0.828857,19.8738,0.242686E-01
0.829468,19.8885,-0.706724E-01
0.830078,19.9031,-0.150448
0.830688,19.9177,0.215617E-01
0.831299,19.9324,-0.448240E-02
0.831909,19.9470,-0.116378
0.832520,19.9616,0.215393E-01
0.833130,19.9763,-0.348633E-01
0.833740,19.9909,0.233094
0.834351,20.0056,-0.261948E-01
0.834961,20.0202,-0.340980E-02
0.835571,20.0348,-0.178561E-01
0.836182,20.0495,0.785327E-01
0.836792,20.0641,0.245698E-01
0.837402,20.0787,-0.882466E-01
0.838013,20.0934,-0.315535E-01
0.838623,20.1080,0.141286E-01
0.839233,20.1226,0.193784E-01
0.839844,20.1373,-0.121351
0.840454,20.1519,0.214632
0.841064,20.1665,0.124117
0.841675,20.1812,0.769793E-01
0.842285,20.1958,-0.238423E-02
0.842896,20.2104,-0.662082E-01
0.843506,20.2251,0.729742E-01
0.844116,20.2397,0.925952E-01
0.844727,20.2543,-0.129107
0.845337,20.2690,0.401585E-01
0.845947,20.2836,0.118386
0.846558,20.2982,-0.151186E-02
0.847168,20.3129,0.171618
0.847778,20.3275,-0.408483E-01
0.848389,20.3421,0.138426E-02
0.848999,20.3568,0.361260E-01
0.849609,20.3714,-0.409826E-01
0.850220,20.3861,0.161057E-01
0.850830,20.4007,0.250916
0.851440,20.4153,0.142986
0.852051,20.4300,0.348690E-02
0.852661,20.4446,-0.176441E-01
0.853271,20.4592,0.100687E-01
0.853882,20.4739,-0.536244E-01
0.854492,20.4885,0.324774E-01
0.855103,20.5031,-0.127089
0.855713,20.5178,0.124392E-01
0.856323,20.5324,-0.341765E-01
0.856934,20.5470,0.831527E-02
0.857544,20.5617,-0.261401E-01
0.858154,20.5763,-0.293269E-01
0.858765,20.5909,0.907699E-01
0.859375,20.6056,0.636819E-01
0.859985,20.6202,-0.163813E-01
0.860596,20.6348,0.187632
0.861206,20.6495,0.975578E-01
0.861816,20.6641,0.114563E-01
0.862427,20.6787,0.948081E-02
0.863037,20.6934,-0.123938E-01
0.863647,20.7080,0.208418E-01
0.864258,20.7226,0.185386E-01
0.864868,20.7373,-0.193148E-01
0.865479,20.7519,-0.464392E-01
0.866089,20.7666,-0.144444
0.866699,20.7812,-0.354896E-01
0.867310,20.7958,0.304945E-01
0.867920,20.8105,-0.134084E-01
0.868530,20.8251,0.250034E-01
0.869141,20.8397,-0.127915
0.869751,20.8544,-0.602471E-01
0.870361,20.8690,-0.460057E-01
0.870972,20.8836,-0.228053E-01
0.871582,20.8983,-0.326870E-01
0.872192,20.9129,0.124000E-01
0.872803,20.9275,0.100881E-01
0.873413,20.9422,0.536047E-01
0.874023,20.9568,0.859180E-01
0.874634,20.9714,0.215268E-01
0.875244,20.9861,0.179673
0.875854,21.0007,0.335210E-02
0.876465,21.0153,-0.330635E-01
0.877075,21.0300,0.168620
0.877686,21.0446,-0.206773E-01
0.878296,21.0592,-0.682684E-01
0.878906,21.0739,0.119306
0.879517,21.0885,0.238540E-01
0.880127,21.1032,-0.112141E-01
0.880737,21.1178,0.279853E-02
0.881348,21.1324,0.356509E-01
0.881958,21.1471,-0.117389
0.882568,21.1617,0.249971
0.883179,21.1763,0.186691E-01
0.883789,21.1910,0.591247E-01
0.884399,21.2056,0.773214E-01
0.885010,21.2202,0.195762
0.885620,21.2349,-0.119749E-02
0.886230,21.2495,-0.149806E-02
0.886841,21.2641,0.606628E-01
0.887451,21.2788,0.132690
0.888062,21.2934,-0.233494
0.888672,21.3080,-0.153059E-01
0.889282,21.3227,-0.178393E-01
0.889893,21.3373,-0.535842E-01
0.890503,21.3519,-0.586783E-01
0.891113,21.3666,-0.683956E-01
0.891724,21.3812,0.892772E-02
0.892334,21.3958,0.768709E-02
0.892944,21.4105,0.291554
0.893555,21.4251,-0.125169
0.894165,21.4397,0.277935E-01
0.894775,21.4544,0.128129
0.895386,21.4690,-0.377863E-01
0.895996,21.4837,-0.368018E-01
0.896606,21.4983,-0.790937E-02
0.897217,21.5129,-0.114201E-01
0.897827,21.5276,-0.589671E-01
0.898438,21.5422,0.675679E-01
0.899048,21.5568,0.114370
0.899658,21.5715,0.230592E-01
0.900269,21.5861,-0.156882
0.900879,21.6007,0.535160E-01
0.901489,21.6154,0.654459E-01
0.902100,21.6300,0.191756E-01
0.902710,21.6446,0.841073E-01
0.903320,21.6593,0.105162
0.903931,21.6739,0.218807E-01
0.904541,21.6885,0.372302E-01
0.905151,21.7032,0.162324
0.905762,21.7178,0.354693E-01
0.906372,21.7324,-0.445124E-01
0.906982,21.7471,0.519462E-01
0.907593,21.7617,-0.452116E-01
0.908203,21.7763,-0.516529E-02
0.908813,21.7910,0.184352
0.909424,21.8056,0.885829E-01
0.910034,21.8202,0.151026E-01
0.910645,21.8349,0.342101E-01
0.911255,21.8495,0.934165E-01
0.911865,21.8642,0.322387E-01
0.912476,21.8788,0.986928E-01
0.913086,21.8934,-0.154905E-01
0.913696,21.9081,-0.280389E-01
0.914307,21.9227,0.900078E-02
0.914917,21.9373,0.153525E-01
0.915527,21.9520,-0.109385
0.916138,21.9666,-0.644732E-01
0.916748,21.9812,0.375239
0.917358,21.9959,-0.434541E-02
0.917969,22.0105,-0.112277
0.918579,22.0251,-0.178655E-01
0.919189,22.0398,-0.716019E-01
0.919800,22.0544,-0.201313
0.920410,22.0690,0.701358E-01
0.921021,22.0837,-0.555567E-02
0.921631,22.0983,-0.721769E-01
0.922241,22.1129,-0.208751E-01
0.922852,22.1276,-0.886061E-01
0.923462,22.1422,0.260613
0.924072,22.1568,0.114858
0.924683,22.1715,-0.698740E-01
0.925293,22.1861,0.831933E-01
0.925903,22.2007,0.841233E-01
0.926514,22.2154,0.604979E-02
0.927124,22.2300,0.212027
0.927734,22.2447,0.249743
0.928345,22.2593,0.888185E-01
0.928955,22.2739,0.979543E-01
0.929565,22.2886,0.355409E-01
0.930176,22.3032,-0.256259E-01
0.930786,22.3178,-0.134522E-01
0.931396,22.3325,0.101886
0.932007,22.3471,0.106054E-01
0.932617,22.3617,0.303201E-01
0.933228,22.3764,0.383035E-01
0.933838,22.3910,0.378272E-01
0.934448,22.4056,0.492389E-01
0.935059,22.4203,0.945760E-01
0.935669,22.4349,0.829191E-01
0.936279,22.4495,-0.180716E-01
0.936890,22.4642,0.221909
0.937500,22.4788,0.536185E-01
0.938110,22.4934,0.114894
0.938721,22.5081,0.479208E-01
0.939331,22.5227,0.413442
0.939941,22.5373,0.100281
0.940552,22.5520,0.108449
0.941162,22.5666,0.247680E-01
0.941772,22.5812,0.114248E-01
0.942383,22.5959,-0.204124E-02
0.942993,22.6105,-0.264692E-01
0.943604,22.6252,0.102763
0.944214,22.6398,0.319507
0.944824,22.6544,-0.442721E-01
0.945435,22.6691,0.233848E-01
0.946045,22.6837,-0.334800E-01
0.946655,22.6983,-0.835642E-01
0.947266,22.7130,0.106088E-01
0.947876,22.7276,0.204588
0.948486,22.7422,0.549064E-01
0.949097,22.7569,0.544490E-01
0.949707,22.7715,0.404136E-01
0.950317,22.7861,-0.153717E-01
0.950928,22.8008,-0.126372E-01
0.951538,22.8154,-0.303949E-01
0.952148,22.8300,0.531307E-01
0.952759,22.8447,0.356829E-01
0.953369,22.8593,0.286816
0.953979,22.8739,0.805691E-01
0.954590,22.8886,0.150561
0.955200,22.9032,0.980843E-02
0.955811,22.9178,-0.279926E-01
0.956421,22.9325,0.741975E-01
0.957031,22.9471,0.239814E-01
0.957642,22.9617,0.104793E-01
0.958252,22.9764,0.258216
0.958862,22.9910,-0.217587E-01
0.959473,23.0057,-0.500939E-01
0.960083,23.0203,0.965249E-01
0.960693,23.0349,0.715816E-01
0.961304,23.0496,0.261380E-01
0.961914,23.0642,-0.125899E-01
0.962524,23.0788,0.101281
0.963135,23.0935,-0.193854E-01
0.963745,23.1081,-0.119038
0.964355,23.1227,-0.224357E-01
0.964966,23.1374,0.234494E-01
0.965576,23.1520,-0.351011E-01
0.966187,23.1666,0.305234E-02
0.966797,23.1813,0.492449E-01
0.967407,23.1959,0.150178
0.968018,23.2105,-0.247260E-02
0.968628,23.2252,0.150241E-01
0.969238,23.2398,-0.616167E-01
0.969849,23.2544,0.277417
0.970459,23.2691,-0.132472
0.971069,23.2837,0.507500E-01
0.971680,23.2983,-0.195373
0.972290,23.3130,0.529131E-01
0.972900,23.3276,0.685964E-01
0.973511,23.3423,-0.164857E-01
0.974121,23.3569,0.731783E-02
0.974731,23.3715,-0.478952E-01
0.975342,23.3862,-0.100895
0.975952,23.4008,0.202175E-01
0.976562,23.4154,-0.610915E-01
0.977173,23.4301,-0.338107E-01
0.977783,23.4447,0.277735E-01
0.978394,23.4593,0.138273E-01
0.979004,23.4740,0.762135E-01
0.979614,23.4886,0.233502
0.980225,23.5032,0.126642
0.980835,23.5179,0.194529E-01
0.981445,23.5325,0.863734E-01
0.982056,23.5471,-0.584203E-01
0.982666,23.5618,-0.827912E-01
0.983276,23.5764,0.851645E-01
0.983887,23.5910,0.774287E-01
0.984497,23.6057,0.217011E-01
0.985107,23.6203,-0.186441E-01
0.985718,23.6349,-0.265289E-01
0.986328,23.6496,-0.130827E-02
0.986938,23.6642,0.600939E-01
0.987549,23.6788,0.861130E-02
0.988159,23.6935,-0.220372E-01
0.988770,23.7081,-0.868212E-02
0.989380,23.7228,-0.837687E-02
0.989990,23.7374,-0.690833E-02
0.990601,23.7520,0.726892E-01
0.991211,23.7667,-0.193015E-02
0.991821,23.7813,-0.179363
0.992432,23.7959,0.459329E-01
0.993042,23.8106,0.322872E-01
0.993652,23.8252,0.124796E-02
0.994263,23.8398,0.308214E-01
0.994873,23.8545,0.636183E-01
0.995483,23.8691,-0.467707E-01
0.996094,23.8837,-0.342824E-01
0.996704,23.8984,0.751950E-01
0.997314,23.9130,0.583977E-01
0.997925,23.9276,-0.957899E-02
0.998535,23.9423,-0.442404E-02
0.999146,23.9569,0.287312E-01
0.999756,23.9715,-0.219484E-01
1.00037,23.9862,0.423001E-01
1.00098,24.0008,0.101131
1.00159,24.0154,0.825082E-01
1.00220,24.0301,0.450906E-01
1.00281,24.0447,0.172866E-01
1.00342,24.0593,0.871405E-01
1.00403,24.0740,0.244092E-01
1.00464,24.0886,-0.275128E-01
1.00525,24.1033,0.122847E-01
1.00586,24.1179,0.299495E-01
1.00647,24.1325,0.229454
1.00708,24.1472,0.278887E-01
1.00769,24.1618,-0.438380E-01
1.00830,24.1764,-0.515068E-01
1.00891,24.1911,0.800945E-01
1.00952,24.2057,-0.741863E-01
1.01013,24.2203,-0.766942E-01
1.01074,24.2350,0.435304E-02
1.01135,24.2496,-0.450657E-01
1.01196,24.2642,0.130901
1.01257,24.2789,-0.158350
1.01318,24.2935,-0.845227E-01
1.01379,24.3081,0.958771E-02
1.01440,24.3228,-0.290944E-01
1.01501,24.3374,-0.173933E-01
1.01562,24.3520,0.149816
1.01624,24.3667,0.613094E-01
1.01685,24.3813,-0.859688E-02
1.01746,24.3959,0.119699
1.01807,24.4106,-0.392795E-01
1.01868,24.4252,-0.230465E-01
1.01929,24.4398,-0.411214E-01
1.01990,24.4545,-0.485055E-01
1.02051,24.4691,-0.906846E-01
1.02112,24.4838,-0.134312
1.02173,24.4984,0.185508E-01
1.02234,24.5130,0.422205E-02
1.02295,24.5277,-0.136744E-01
1.02356,24.5423,0.612312E-01
1.02417,24.5569,-0.288909E-01
1.02478,24.5716,-0.554000E-01
1.02539,24.5862,0.140364
1.02600,24.6008,0.890953E-01
1.02661,24.6155,0.244618E-01
1.02722,24.6301,-0.644604E-01
1.02783,24.6447,0.330643E-01
1.02844,24.6594,0.529039E-01
1.02905,24.6740,-0.548986E-02
1.02966,24.6886,0.384518E-01
1.03027,24.7033,-0.543637E-01
1.03088,24.7179,0.167757
1.03149,24.7325,0.179816E-01
1.03210,24.7472,0.288920E-01
1.03271,24.7618,0.751813E-01
1.03333,24.7764,0.760579E-01
1.03394,24.7911,-0.214353E-01
1.03455,24.8057,0.102243E-01
1.03516,24.8203,0.430820E-01
1.03577,24.8350,0.105583
1.03638,24.8496,0.175013
1.03699,24.8643,-0.111930
1.03760,24.8789,0.220314E-01
1.03821,24.8935,0.141215
1.03882,24.9082,0.138609
1.03943,24.9228,0.109817
1.04004,24.9374,-0.412115E-04
1.04065,24.9521,0.393635E-01
1.04126,24.9667,0.214800E-01
1.04187,24.9813,0.544155E-01
1.04248,24.9960,-0.495674E-02
1.04309,25.0106,-0.884603E-01
1.04370,25.0252,-0.109785E-01
1.04431,25.0399,0.962753E-01
1.04492,25.0545,0.213903
1.04553,25.0691,0.251409
1.04614,25.0838,0.815631E-01
1.04675,25.0984,-0.814488E-01
1.04736,25.1130,-0.214974E-02
1.04797,25.1277,0.310929E-01
1.04858,25.1423,-0.692931E-02
1.04919,25.1569,-0.988883E-02
1.04980,25.1716,-0.228939E-01
1.05042,25.1862,0.969359E-02
1.05103,25.2008,0.172051E-01
1.05164,25.2155,0.709301E-01
1.05225,25.2301,-0.641547E-01
1.05286,25.2448,-0.452716E-01
1.05347,25.2594,-0.549589E-01
1.05408,25.2740,0.168369E-01
1.05469,25.2887,-0.226654E-01
1.05530,25.3033,-0.162834E-01
1.05591,25.3179,-0.171142E-01
1.05652,25.3326,0.246029E-01
1.05713,25.3472,0.226212E-01
1.05774,25.3618,-0.484992E-01
1.05835,25.3765,0.431276E-03
1.05896,25.3911,0.159904E-01
1.05957,25.4057,-0.426605E-01
1.06018,25.4204,0.367543E-01
1.06079,25.4350,0.857426E-01
1.06140,25.4496,0.420169E-01
1.06201,25.4643,-0.695798E-02
1.06262,25.4789,0.129651E-01
1.06323,25.4935,-0.223901E-01
1.06384,25.5082,-0.374990E-01
1.06445,25.5228,-0.535597E-01
1.06506,25.5374,-0.742580E-01
1.06567,25.5521,0.260341E-01
1.06628,25.5667,-0.245023E-01
1.06689,25.5814,0.110976
1.06750,25.5960,-0.171575E-01
1.06812,25.6106,0.349584E-01
1.06873,25.6253,0.382657E-01
1.06934,25.6399,-0.100465E-01
1.06995,25.6545,0.138528E-01
1.07056,25.6692,-0.960032E-01
1.07117,25.6838,0.873783E-02
1.07178,25.6984,-0.163884E-01
1.07239,25.7131,-0.406205E-01
1.07300,25.7277,-0.249395E-02
1.07361,25.7423,0.173441E-01
1.07422,25.7570,0.761008E-01
1.07483,25.7716,0.367200E-01
1.07544,25.7862,-0.725258E-01
1.07605,25.8009,-0.282601E-01
1.07666,25.8155,-0.226012E-01
1.07727,25.8301,0.436974E-01
1.07788,25.8448,-0.132191E-01
1.07849,25.8594,0.104589E-01
1.07910,25.8740,0.249770E-02
1.07971,25.8887,-0.152347E-01
1.08032,25.9033,-0.117196
1.08093,25.9179,-0.147875E-01
1.08154,25.9326,0.922076E-01
1.08215,25.9472,0.526618E-02
1.08276,25.9619,0.106466E-01
1.08337,25.9765,-0.362215E-01
1.08398,25.9911,0.357310E-02
1.08459,26.0058,-0.246060E-01
1.08521,26.0204,-0.179211E-01
1.08582,26.0350,0.181181E-01
1.08643,26.0497,-0.196721E-01
1.08704,26.0643,-0.121168E-01
1.08765,26.0789,0.771106E-01
1.08826,26.0936,0.263336E-01
1.08887,26.1082,0.399474E-01
1.08948,26.1228,0.630012E-02
1.09009,26.1375,0.824552E-02
1.09070,26.1521,0.442906E-02
1.09131,26.1667,0.175772E-01
1.09192,26.1814,-0.533940E-02
1.09253,26.1960,-0.642950E-02
1.09314,26.2106,0.467635E-02
1.09375,26.2253,0.343715E-01
1.09436,26.2399,0.248489E-01
1.09497,26.2545,-0.715663E-01
1.09558,26.2692,0.285137E-01
1.09619,26.2838,0.492097E-02
1.09680,26.2984,0.137685
1.09741,26.3131,-0.159739E-01
1.09802,26.3277,0.945127E-01
1.09863,26.3424,0.119078E-02
1.09924,26.3570,-0.526096E-01
1.09985,26.3716,0.239723
1.10046,26.3863,-0.431764E-01
1.10107,26.4009,0.574559E-01
1.10168,26.4155,0.143120
1.10229,26.4302,-0.595862E-02
1.10291,26.4448,0.332215E-01
1.10352,26.4594,-0.302814E-01
1.10413,26.4741,0.525870E-01
1.10474,26.4887,-0.136208E-01
1.10535,26.5033,-0.372303E-01
1.10596,26.5180,0.733399E-01
1.10657,26.5326,0.883070E-02
1.10718,26.5472,0.100054
1.10779,26.5619,0.641262E-01
1.10840,26.5765,0.520249E-01
1.10901,26.5911,-0.901275E-01
1.10962,26.6058,0.483199E-01
1.11023,26.6204,-0.122231E-01
1.11084,26.6350,0.670621E-01
1.11145,26.6497,-0.543156E-01
1.11206,26.6643,0.502770E-01
1.11267,26.6789,0.588447E-01
1.11328,26.6936,0.164747
1.11389,26.7082,0.276393
1.11450,26.7229,-0.174865E-01
1.11511,26.7375,-0.672262E-02
1.11572,26.7521,-0.183974E-01
1.11633,26.7668,0.890768E-01
1.11694,26.7814,-0.426540E-01
1.11755,26.7960,0.701532E-02
1.11816,26.8107,0.132230
1.11877,26.8253,-0.391604E-01
1.11938,26.8399,0.357406E-02
1.12000,26.8546,0.220759
1.12061,26.8692,0.196339E-01
1.12122,26.8838,0.713495E-01
1.12183,26.8985,-0.438911E-02
1.12244,26.9131,0.388752E-01
1.12305,26.9277,-0.603843E-01
1.12366,26.9424,0.757883E-01
1.12427,26.9570,0.132880E-01
1.12488,26.9716,0.207387E-01
1.12549,26.9863,-0.168861E-01
1.12610,27.0009,0.818275E-01
1.12671,27.0155,0.654396E-01
1.12732,27.0302,0.352681E-01
1.12793,27.0448,0.200521E-01
1.12854,27.0594,0.163248
1.12915,27.0741,0.119240
1.12976,27.0887,0.746113E-01
1.13037,27.1034,0.143713E-01
1.13098,27.1180,0.147102E-01
1.13159,27.1326,0.314755E-01
1.13220,27.1473,0.440710E-01
1.13281,27.1619,0.904210E-02
1.13342,27.1765,-0.279086
1.13403,27.1912,0.223378E-01
1.13464,27.2058,-0.137418E-01
1.13525,27.2204,0.844864E-01
1.13586,27.2351,-0.122797E-01
1.13647,27.2497,0.268306E-01
1.13708,27.2643,-0.139425E-01
1.13770,27.2790,-0.217328E-01
1.13831,27.2936,0.737992E-02
1.13892,27.3082,0.548457E-01
1.13953,27.3229,0.189140
1.14014,27.3375,-0.929627E-02
1.14075,27.3521,0.121759E-02
1.14136,27.3668,0.180373E-01
1.14197,27.3814,0.622354E-01
1.14258,27.3960,0.872103E-01
1.14319,27.4107,-0.169379E-01
1.14380,27.4253,-0.157593E-01
1.14441,27.4399,-0.300296E-01
1.14502,27.4546,-0.410426E-01
1.14563,27.4692,0.897286E-01
1.14624,27.4839,0.544091E-02
1.14685,27.4985,-0.867207E-02
1.14746,27.5131,0.338281E-01
1.14807,27.5278,0.412660E-01
1.14868,27.5424,-0.607503E-01
1.14929,27.5570,-0.791045E-01
1.14990,27.5717,0.179655E-01
1.15051,27.5863,0.891673E-01
1.15112,27.6009,0.874268E-02
1.15173,27.6156,0.463365E-01
1.15234,27.6302,0.920061E-01
1.15295,27.6448,0.207260
1.15356,27.6595,0.244679E-02
1.15417,27.6741,0.487251E-02
1.15479,27.6887,0.383453E-01
1.15540,27.7034,-0.253120E-01
1.15601,27.7180,-0.451385E-01
1.15662,27.7326,0.777382E-01
1.15723,27.7473,-0.226622
1.15784,27.7619,0.140503
1.15845,27.7765,-0.112730E-02
1.15906,27.7912,0.369090
1.15967,27.8058,0.135419E-01
1.16028,27.8205,0.843733E-01
1.16089,27.8351,0.768500E-01
1.16150,27.8497,0.546768E-02
1.16211,27.8644,-0.936068E-02
1.16272,27.8790,-0.973064E-02
1.16333,27.8936,-0.591614E-01
1.16394,27.9083,0.629626E-01
1.16455,27.9229,-0.471546E-01
1.16516,27.9375,-0.749345E-01
1.16577,27.9522,0.159465
1.16638,27.9668,-0.846703E-01
1.16699,27.9814,-0.870548E-01
1.16760,27.9961,-0.161848
1.16821,28.0107,0.382675E-01
1.16882,28.0253,0.106181E-01
1.16943,28.0400,0.736990E-01
1.17004,28.0546,0.481619E-01
1.17065,28.0692,0.430389E-01
1.17126,28.0839,0.157428
1.17188,28.0985,0.542715E-01
1.17249,28.1131,-0.199905E-01
1.17310,28.1278,-0.515688E-02
1.17371,28.1424,-0.271609E-01
1.17432,28.1570,-0.221801E-01
1.17493,28.1717,-0.900156E-01
1.17554,28.1863,0.132921
1.17615,28.2010,0.466778E-01
1.17676,28.2156,-0.561084E-01
1.17737,28.2302,0.470996E-02
1.17798,28.2449,-0.235994E-01
1.17859,28.2595,0.989543E-01
1.17920,28.2741,0.504670E-01
1.17981,28.2888,0.315177E-01
1.18042,28.3034,0.159654E-02
1.18103,28.3180,0.202969E-01
1.18164,28.3327,0.547307E-03
1.18225,28.3473,0.870664E-01
1.18286,28.3619,-0.107905
1.18347,28.3766,0.195846E-02
1.18408,28.3912,0.133571E-01
1.18469,28.4058,0.477307E-01
1.18530,28.4205,-0.135400E-01
1.18591,28.4351,0.701524E-01
1.18652,28.4497,-0.283678E-01
1.18713,28.4644,0.496240E-01
1.18774,28.4790,0.458019E-01
1.18835,28.4936,0.367600E-01
1.18896,28.5083,-0.197189E-01
1.18958,28.5229,0.100864
1.19019,28.5375,0.529682E-01
1.19080,28.5522,0.154057E-01
1.19141,28.5668,0.718336E-02
1.19202,28.5815,-0.387476E-02
1.19263,28.5961,0.109351E-01
1.19324,28.6107,-0.178480E-01
1.19385,28.6254,-0.936002E-01
1.19446,28.6400,-0.755777E-01
1.19507,28.6546,0.123511E-01
1.19568,28.6693,0.404974E-01
1.19629,28.6839,-0.168934E-01
1.19690,28.6985,0.579018E-02
1.19751,28.7132,-0.393769E-01
1.19812,28.7278,-0.233513
1.19873,28.7424,0.202104E-01
1.19934,28.7571,-0.620287E-01
1.19995,28.7717,0.928849E-01
1.20056,28.7863,0.301591
1.20117,28.8010,0.502349E-01
1.20178,28.8156,0.101010
1.20239,28.8302,-0.587411E-01
1.20300,28.8449,0.542730E-01
1.20361,28.8595,-0.107587
1.20422,28.8741,0.392313E-01
1.20483,28.8888,0.229649
1.20544,28.9034,0.136816
1.20605,28.9180,-0.520055E-01
1.20667,28.9327,0.275415E-02
1.20728,28.9473,-0.149336E-02
1.20789,28.9620,-0.678300E-01
1.20850,28.9766,-0.465770E-01
1.20911,28.9912,0.123628
1.20972,29.0059,0.696031E-01
1.21033,29.0205,0.345409E-01
1.21094,29.0351,-0.846422E-02
1.21155,29.0498,0.653036E-01
1.21216,29.0644,0.152457
1.21277,29.0790,-0.116106
1.21338,29.0937,0.981926E-01
1.21399,29.1083,-0.231068E-01
1.21460,29.1229,0.213362
1.21521,29.1376,0.113052
1.21582,29.1522,0.194027E-01
1.21643,29.1668,0.664735E-01
1.21704,29.1815,0.256112E-02
1.21765,29.1961,0.771964E-01
1.21826,29.2107,-0.288872E-01
1.21887,29.2254,0.222084E-01
1.21948,29.2400,0.296227E-01
1.22009,29.2546,0.522266E-01
1.22070,29.2693,0.821838E-01
1.22131,29.2839,-0.284885E-01
1.22192,29.2985,-0.684484E-03
1.22253,29.3132,-0.233085E-01
1.22314,29.3278,0.557133E-01
1.22375,29.3425,0.303058E-01
1.22437,29.3571,0.593450E-01
1.22498,29.3717,0.355732E-01
1.22559,29.3864,0.187352E-01
1.22620,29.4010,0.115035E-01
1.22681,29.4156,-0.516485E-01
1.22742,29.4303,-0.168640E-01
1.22803,29.4449,0.315879E-01
1.22864,29.4595,0.439661E-01
1.22925,29.4742,0.274134E-01
1.22986,29.4888,-0.268781E-01
1.23047,29.5034,-0.133402
1.23108,29.5181,-0.127616
1.23169,29.5327,-0.565982E-01
1.23230,29.5473,0.133629
1.23291,29.5620,0.255590E-01
1.23352,29.5766,-0.119372E-02
1.23413,29.5912,-0.108258
1.23474,29.6059,-0.191849E-03
1.23535,29.6205,-0.841448E-01
1.23596,29.6351,0.311586E-01
1.23657,29.6498,-0.394691E-01
1.23718,29.6644,0.448965E-01
1.23779,29.6790,0.510340E-02
1.23840,29.6937,-0.555280E-01
1.23901,29.7083,-0.916745E-01
1.23962,29.7230,0.423487E-01
1.24023,29.7376,-0.463340E-01
1.24084,29.7522,0.291237
1.24146,29.7669,-0.139973E-01
1.24207,29.7815,0.244001E-02
1.24268,29.7961,0.378121E-01
1.24329,29.8108,0.119824
1.24390,29.8254,-0.154834E-01
1.24451,29.8400,-0.452603E-01
1.24512,29.8547,-0.155397E-01
1.24573,29.8693,0.114193E-01
1.24634,29.8839,0.152568E-01
1.24695,29.8986,0.715028E-01
1.24756,29.9132,-0.283735E-01
1.24817,29.9278,-0.259117E-01
1.24878,29.9425,0.240646E-01
1.24939,29.9571,0.467955E-01
1.25000,29.9717,0.373154E-01
1.25061,29.9864,0.245894E-02
1.25122,30.0010,0.787425E-01
1.25183,30.0156,-0.226494E-01
1.25244,30.0303,0.213764
1.25305,30.0449,-0.212381E-01
1.25366,30.0596,0.962187E-01
1.25427,30.0742,-0.178507E-02
1.25488,30.0888,-0.595595E-01
1.25549,30.1035,0.462174E-01
1.25610,30.1181,-0.131035E-02
1.25671,30.1327,0.124241
1.25732,30.1474,0.754754E-02
1.25793,30.1620,-0.683041E-02
1.25854,30.1766,-0.181812E-01
1.25916,30.1913,0.114305
1.25977,30.2059,-0.802497E-02
1.26038,30.2205,-0.140886E-01
1.26099,30.2352,0.379175E-01
1.26160,30.2498,-0.223225E-01
1.26221,30.2644,0.362793E-01
1.26282,30.2791,-0.908233E-02
1.26343,30.2937,-0.283367E-01
1.26404,30.3083,-0.562563E-01
1.26465,30.3230,-0.781097E-02
1.26526,30.3376,0.146913E-02
1.26587,30.3522,-0.323747E-01
1.26648,30.3669,-0.544558E-01
1.26709,30.3815,0.144058
1.26770,30.3961,-0.145997
1.26831,30.4108,-0.668121E-02
1.26892,30.4254,0.877237E-02
1.26953,30.4401,0.127110E-01
1.27014,30.4547,0.384985E-01
1.27075,30.4693,0.791876E-01
1.27136,30.4840,-0.152433E-01
1.27197,30.4986,0.107293E-01
1.27258,30.5132,0.223462E-01
1.27319,30.5279,0.130953
1.27380,30.5425,0.882957E-03
1.27441,30.5571,-0.396504E-01
1.27502,30.5718,-0.371567E-01
1.27563,30.5864,0.774459E-01
1.27625,30.6010,-0.345081E-01
1.27686,30.6157,0.948236E-01
1.27747,30.6303,-0.307082E-02
1.27808,30.6449,-0.711455E-01
1.27869,30.6596,0.670919E-01
1.27930,30.6742,0.986838E-01
1.27991,30.6888,0.147835
1.28052,30.7035,0.357245E-01
1.28113,30.7181,-0.214627
1.28174,30.7327,-0.810360E-01
1.28235,30.7474,0.135843
1.28296,30.7620,0.684411E-02
1.28357,30.7766,-0.237125E-01
1.28418,30.7913,0.614472E-02
1.28479,30.8059,-0.283808E-01
1.28540,30.8206,-0.552429E-01
1.28601,30.8352,-0.138419E-01
1.28662,30.8498,-0.172429E-01
1.28723,30.8645,0.645164E-01
1.28784,30.8791,0.297259E-01
1.28845,30.8937,-0.825615E-02
1.28906,30.9084,0.226405
1.28967,30.9230,0.166359E-01
1.29028,30.9376,-0.163004
1.29089,30.9523,-0.517977E-01
1.29150,30.9669,0.182693
1.29211,30.9815,0.141121
1.29272,30.9962,0.224046E-01
1.29333,31.0108,0.206917E-01
1.29395,31.0254,-0.591372E-02
1.29456,31.0401,-0.150992E-01
1.29517,31.0547,0.403232E-02
1.29578,31.0693,0.866952E-01
1.29639,31.0840,0.303422E-01
1.29700,31.0986,-0.715200E-01
1.29761,31.1132,0.213503E-01
1.29822,31.1279,-0.105187E-01
1.29883,31.1425,0.159451E-01
1.29944,31.1571,0.114943E-01
1.30005,31.1718,0.106701
1.30066,31.1864,0.202015E-01
1.30127,31.2011,0.150767E-01
1.30188,31.2157,0.230375E-01
1.30249,31.2303,0.637130E-02
1.30310,31.2450,-0.152523E-01
1.30371,31.2596,0.145132
1.30432,31.2742,0.362172E-01
1.30493,31.2889,0.881959E-01
1.30554,31.3035,-0.693615E-01
1.30615,31.3181,-0.185672E-01
1.30676,31.3328,0.684515E-01
1.30737,31.3474,-0.170728E-02
1.30798,31.3620,0.616745E-01
1.30859,31.3767,0.244492E-02
1.30920,31.3913,0.585996E-01
1.30981,31.4059,0.984661E-01
1.31042,31.4206,0.196331E-01
1.31104,31.4352,-0.141274
1.31165,31.4498,-0.472393E-02
1.31226,31.4645,-0.764346E-02
1.31287,31.4791,0.146343
1.31348,31.4937,-0.408159E-02
1.31409,31.5084,-0.155413
1.31470,31.5230,-0.401647E-02
1.31531,31.5376,-0.149483
1.31592,31.5523,0.352918
1.31653,31.5669,0.197892
1.31714,31.5816,0.510859E-01
1.31775,31.5962,0.123433E-02
1.31836,31.6108,0.152714E-01
1.31897,31.6255,0.177270
1.31958,31.6401,0.806720E-02
1.32019,31.6547,-0.309802E-01
1.32080,31.6694,0.108872
1.32141,31.6840,0.100842E-01
1.32202,31.6986,0.280516E-03
1.32263,31.7133,0.618336E-02
1.32324,31.7279,0.241550
1.32385,31.7425,0.213489E-01
1.32446,31.7572,-0.188548E-01
1.32507,31.7718,0.926888E-01
1.32568,31.7864,0.147153
1.32629,31.8011,0.238042E-01
1.32690,31.8157,0.807791E-01
1.32751,31.8303,0.291457E-01
1.32812,31.8450,-0.273440E-01
1.32874,31.8596,-0.932707E-01
1.32935,31.8742,-0.720730E-01
1.32996,31.8889,0.154729E-01
1.33057,31.9035,0.103925
1.33118,31.9181,-0.179894E-01
1.33179,31.9328,-0.543360E-01
1.33240,31.9474,0.201548E-01
1.33301,31.9621,-0.185420E-01
1.33362,31.9767,0.515131E-02
1.33423,31.9913,0.109066
1.33484,32.0060,0.910083E-01
1.33545,32.0206,0.232851E-01
1.33606,32.0352,-0.121415
1.33667,32.0499,0.510447E-01
1.33728,32.0645,0.975759E-01
1.33789,32.0791,-0.228623E-02
1.33850,32.0938,-0.247724E-01
1.33911,32.1084,-0.105081E-01
1.33972,32.1230,0.499084E-02
1.34033,32.1377,0.601393E-01
1.34094,32.1523,0.593244E-01
1.34155,32.1669,0.392935E-01
1.34216,32.1816,0.173781E-01
1.34277,32.1962,0.315072E-02
1.34338,32.2108,-0.991945E-02
1.34399,32.2255,0.269678E-01
1.34460,32.2401,0.308013
1.34521,32.2547,0.393241
1.34583,32.2694,0.186056
1.34644,32.2840,-0.746586E-01
1.34705,32.2987,-0.460928E-01
1.34766,32.3133,0.827295E-01
1.34827,32.3279,-0.408806E-01
1.34888,32.3426,-0.810885E-01
1.34949,32.3572,0.333715E-01
1.35010,32.3718,0.264984E-01
1.35071,32.3865,0.156773
1.35132,32.4011,-0.615625E-02
1.35193,32.4157,-0.308973E-01
1.35254,32.4304,-0.157608E-02
1.35315,32.4450,0.424023E-01
1.35376,32.4596,0.469065E-01
1.35437,32.4743,0.821399E-01
1.35498,32.4889,0.718881E-01
1.35559,32.5035,0.284919E-01
1.35620,32.5182,-0.127996
1.35681,32.5328,-0.118909E-02
1.35742,32.5474,0.586202E-01
1.35803,32.5621,-0.696981E-02
1.35864,32.5767,0.175591E-01
1.35925,32.5913,-0.666443E-03
1.35986,32.6060,0.725638E-01
1.36047,32.6206,-0.239819E-01
1.36108,32.6352,-0.351805E-01
1.36169,32.6499,0.367202E-01
1.36230,32.6645,0.935373E-01
1.36292,32.6792,0.425167E-02
1.36353,32.6938,0.436890E-01
1.36414,32.7084,0.590748E-01
1.36475,32.7231,0.373029E-02
1.36536,32.7377,0.404235E-02
1.36597,32.7523,-0.838659E-02
1.36658,32.7670,0.533067E-01
1.36719,32.7816,-0.216117E-01
1.36780,32.7962,-0.113729E-01
1.36841,32.8109,-0.168201E-01
1.36902,32.8255,0.160161E-02
1.36963,32.8401,0.708730E-02
1.37024,32.8548,0.101985E-01
1.37085,32.8694,-0.880910E-01
1.37146,32.8840,0.152621E-01
1.37207,32.8987,-0.137195E-01
1.37268,32.9133,0.102050
1.37329,32.9279,0.891485E-01
1.37390,32.9426,0.251808
1.37451,32.9572,-0.641999E-01
1.37512,32.9718,0.453315E-01
1.37573,32.9865,0.123282E-01
1.37634,33.0011,-0.218967E-01
1.37695,33.0157,-0.541587E-01
1.37756,33.0304,-0.232574E-01
1.37817,33.0450,0.130308E-01
1.37878,33.0597,-0.166814E-01
1.37939,33.0743,0.173318E-01
1.38000,33.0889,0.776835E-01
1.38062,33.1036,-0.136000E-02
1.38123,33.1182,-0.420279E-01
1.38184,33.1328,-0.945964E-02
1.38245,33.1475,-0.802256E-02
1.38306,33.1621,-0.116451
1.38367,33.1767,0.143261E-01
1.38428,33.1914,-0.146417E-01
1.38489,33.2060,0.347142E-03
1.38550,33.2206,-0.221592E-01
1.38611,33.2353,0.135295E-01
1.38672,33.2499,-0.659309E-01
1.38733,33.2645,0.302976E-01
1.38794,33.2792,-0.611069E-01
1.38855,33.2938,-0.309963E-01
1.38916,33.3084,-0.920937E-02
1.38977,33.3231,0.205938E-01
1.39038,33.3377,-0.114320
1.39099,33.3523,-0.652123E-01
1.39160,33.3670,-0.194414E-01
1.39221,33.3816,0.725952E-01
1.39282,33.3962,-0.753662E-01
1.39343,33.4109,-0.153563
1.39404,33.4255,-0.269322E-01
1.39465,33.4402,0.349212E-01
1.39526,33.4548,0.118194
1.39587,33.4694,-0.349833E-01
1.39648,33.4841,0.140926E-01
1.39709,33.4987,-0.597384E-01
1.39771,33.5133,-0.122385
1.39832,33.5280,0.220076E-01
1.39893,33.5426,-0.218022E-01
1.39954,33.5572,0.149723
1.40015,33.5719,0.149906E-01
1.40076,33.5865,0.542619E-01
1.40137,33.6011,0.272797E-01
1.40198,33.6158,0.778737E-01
1.40259,33.6304,-0.882911E-02
1.40320,33.6450,0.422825E-02
1.40381,33.6597,0.422534E-02
1.40442,33.6743,-0.183259E-01
1.40503,33.6889,-0.147922E-01
1.40564,33.7036,-0.895823E-01
1.40625,33.7182,-0.177630E-01
1.40686,33.7328,-0.494840E-01
1.40747,33.7475,-0.196425E-01
1.40808,33.7621,-0.315751E-01
1.40869,33.7767,-0.102933
1.40930,33.7914,-0.218927E-01
1.40991,33.8060,-0.149224
1.41052,33.8207,-0.744822E-02
1.41113,33.8353,-0.353078E-01
1.41174,33.8499,-0.672109E-02
1.41235,33.8646,0.104324E-01
1.41296,33.8792,0.103896E-01
1.41357,33.8938,-0.530179E-01
1.41418,33.9085,-0.368809E-02
1.41479,33.9231,-0.824537E-01
1.41541,33.9377,0.142841E-02
1.41602,33.9524,-0.754431E-01
1.41663,33.9670,0.728200E-01
1.41724,33.9816,0.277191E-01
1.41785,33.9963,0.450518E-01
1.41846,34.0109,0.186281E-01
1.41907,34.0255,0.683110E-02
1.41968,34.0402,0.123477E-02
1.42029,34.0548,0.284574E-01
1.42090,34.0694,0.120775E-01
1.42151,34.0841,0.153829
1.42212,34.0987,-0.121106
1.42273,34.1133,0.130468
1.42334,34.1280,-0.773988E-01
1.42395,34.1426,0.194770E-01
1.42456,34.1572,-0.545911E-01
1.42517,34.1719,-0.368786E-01
1.42578,34.1865,0.911303E-01
1.42639,34.2012,0.190250
1.42700,34.2158,0.389003E-01
1.42761,34.2304,-0.501666E-01
1.42822,34.2451,0.197704E-01
1.42883,34.2597,-0.198967E-02
1.42944,34.2743,0.688398E-01
1.43005,34.2890,0.354775E-01
1.43066,34.3036,0.146911
1.43127,34.3182,0.101098
1.43188,34.3329,-0.474460E-02
1.43250,34.3475,-0.187097E-01
1.43311,34.3621,0.607416E-01
1.43372,34.3768,0.146133
1.43433,34.3914,-0.905964E-02
1.43494,34.4060,-0.105141
1.43555,34.4207,0.307625E-01
1.43616,34.4353,0.529671E-01
1.43677,34.4499,-0.176510
1.43738,34.4646,0.341172E-01
1.43799,34.4792,0.164740
1.43860,34.4938,-0.445448E-01
1.43921,34.5085,0.165519E-01
1.43982,34.5231,-0.377731E-01
1.44043,34.5377,0.301536E-02
1.44104,34.5524,-0.433282E-01
1.44165,34.5670,0.932627E-02
1.44226,34.5817,-0.236548E-01
1.44287,34.5963,0.175470E-01
1.44348,34.6109,0.114406E-01
1.44409,34.6256,0.135892E-01
1.44470,34.6402,-0.345753E-01
1.44531,34.6548,-0.162330E-01
1.44592,34.6695,0.604425E-02
1.44653,34.6841,0.784394E-01
1.44714,34.6987,0.213040E-03
1.44775,34.7134,-0.238375E-01
1.44836,34.7280,0.201617E-01
1.44897,34.7426,-0.163958E-01
1.44958,34.7573,0.549642E-01
1.45020,34.7719,0.577417E-02
1.45081,34.7865,-0.457824E-01
1.45142,34.8012,-0.438404E-01
1.45203,34.8158,0.173820E-01
1.45264,34.8304,0.254203E-01
1.45325,34.8451,0.330582E-01
1.45386,34.8597,-0.164333E-01
1.45447,34.8743,0.108039
1.45508,34.8890,0.194286
1.45569,34.9036,-0.606306E-02
1.45630,34.9183,-0.604103E-02
1.45691,34.9329,0.500452E-01
1.45752,34.9475,0.193447E-01
1.45813,34.9622,-0.347600E-01
1.45874,34.9768,0.535508E-02
1.45935,34.9914,0.384834E-01
1.45996,35.0061,-0.176320E-01
1.46057,35.0207,-0.186930E-01
1.46118,35.0353,-0.356119E-01
1.46179,35.0500,-0.790030E-01
1.46240,35.0646,0.181506
1.46301,35.0792,-0.136786
1.46362,35.0939,0.135759E-01
1.46423,35.1085,0.324100E-01
1.46484,35.1231,0.540500E-01
1.46545,35.1378,0.501079E-01
1.46606,35.1524,-0.438936E-02
1.46667,35.1670,-0.153681E-01
1.46729,35.1817,0.552287E-02
1.46790,35.1963,-0.529052E-02
1.46851,35.2109,0.697236E-02
1.46912,35.2256,-0.501598E-01
1.46973,35.2402,-0.126198
1.47034,35.2548,-0.690482E-01
1.47095,35.2695,0.425556E-01
1.47156,35.2841,0.125832
1.47217,35.2988,-0.178463
1.47278,35.3134,0.117411
1.47339,35.3280,0.400603E-01
1.47400,35.3427,0.220119E-01
1.47461,35.3573,0.380874E-01
1.47522,35.3719,0.543000E-01
1.47583,35.3866,-0.183968E-01
1.47644,35.4012,-0.630188E-01
1.47705,35.4158,-0.819999E-02
1.47766,35.4305,0.741127E-01
1.47827,35.4451,0.107912
1.47888,35.4597,0.113764
1.47949,35.4744,-0.626069E-01
1.48010,35.4890,-0.337486E-01
1.48071,35.5036,0.608124E-01
1.48132,35.5183,-0.316236E-01
1.48193,35.5329,-0.869511E-01
1.48254,35.5475,-0.465629E-02
1.48315,35.5622,0.149261E-01
1.48376,35.5768,-0.118424E-01
1.48438,35.5914,-0.190318
1.48499,35.6061,-0.441098E-01
1.48560,35.6207,0.598493E-01
1.48621,35.6353,0.879915E-02
1.48682,35.6500,-0.102301E-01
1.48743,35.6646,-0.790777E-01
1.48804,35.6793,-0.661713E-01
1.48865,35.6939,-0.131854
1.48926,35.7085,0.181907E-01
1.48987,35.7232,-0.784773E-03
1.49048,35.7378,-0.640620E-02
1.49109,35.7524,-0.117891E-01
1.49170,35.7671,0.597083E-01
1.49231,35.7817,0.368340E-01
1.49292,35.7963,0.756481E-02
1.49353,35.8110,-0.201094E-01
1.49414,35.8256,-0.299458E-01
1.49475,35.8402,-0.976424E-02
1.49536,35.8549,0.522803E-01
1.49597,35.8695,-0.173676E-01
1.49658,35.8841,-0.962343E-01
1.49719,35.8988,0.132202
1.49780,35.9134,0.104023
1.49841,35.9280,0.551745E-01
1.49902,35.9427,-0.600679E-01
1.49963,35.9573,-0.466466E-02
1.50024,35.9719,0.241550E-01
1.50085,35.9866,0.185599E-01
1.50146,36.0012,0.306173E-01
1.50208,36.0158,0.142425
1.50269,36.0305,0.572780E-01
1.50330,36.0451,-0.104409E-01
1.50391,36.0598,0.183614
1.50452,36.0744,0.981539E-01
1.50513,36.0890,-0.361962E-01
1.50574,36.1037,0.118262E-02
1.50635,36.1183,0.474790E-02
1.50696,36.1329,0.179536E-01
1.50757,36.1476,0.391940E-01
1.50818,36.1622,-0.293364E-01
1.50879,36.1768,0.182312
1.50940,36.1915,-0.498612E-01
1.51001,36.2061,0.124065E-01
1.51062,36.2207,-0.201722E-01
1.51123,36.2354,0.606052E-01
1.51184,36.2500,-0.718904E-02
1.51245,36.2646,0.561054E-01
1.51306,36.2793,-0.559147E-01
1.51367,36.2939,0.660806E-04
1.51428,36.3085,-0.562536E-02
1.51489,36.3232,-0.829192E-01
1.51550,36.3378,0.542531E-01
1.51611,36.3524,-0.164818E-01
1.51672,36.3671,-0.204771E-01
1.51733,36.3817,-0.343713E-01
1.51794,36.3963,-0.553158E-01
1.51855,36.4110,0.186787
1.51917,36.4256,-0.618902E-01
1.51978,36.4403,-0.205379E-01
1.52039,36.4549,-0.567293E-02
1.52100,36.4695,0.385638E-02
1.52161,36.4842,0.512378E-01
1.52222,36.4988,-0.138634E-01
1.52283,36.5134,-0.323825E-02
1.52344,36.5281,-0.432587E-02
1.52405,36.5427,-0.270958E-01
1.52466,36.5573,-0.939847E-02
1.52527,36.5720,0.418895E-01
1.52588,36.5866,0.389988E-01
1.52649,36.6012,0.113189E-01
1.52710,36.6159,-0.273292E-01
1.52771,36.6305,-0.376670E-01
1.52832,36.6451,-0.709796E-02
1.52893,36.6598,-0.217938E-01
1.52954,36.6744,-0.321772E-01
1.53015,36.6890,0.651877E-01
1.53076,36.7037,-0.351945E-01
1.53137,36.7183,-0.747258E-02
1.53198,36.7329,-0.132470E-01
1.53259,36.7476,-0.138875
1.53320,36.7622,0.411083E-01
1.53381,36.7768,-0.934393E-01
1.53442,36.7915,-0.937181E-02
1.53503,36.8061,0.132545E-02
1.53564,36.8208,-0.380444E-01
1.53625,36.8354,0.544397E-01
1.53687,36.8500,0.615080E-02
1.53748,36.8647,0.832833E-02
1.53809,36.8793,0.190941
1.53870,36.8939,0.937684E-02
1.53931,36.9086,0.110664E-01
1.53992,36.9232,-0.218243E-01
1.54053,36.9378,-0.106425E-01
1.54114,36.9525,-0.289143E-01
1.54175,36.9671,0.342151E-01
1.54236,36.9817,0.328439E-02
1.54297,36.9964,0.592504E-01
1.54358,37.0110,-0.116152E-01
1.54419,37.0256,0.115820
1.54480,37.0403,0.338856E-01
1.54541,37.0549,0.436581E-01
1.54602,37.0695,0.586925E-01
1.54663,37.0842,0.641764E-01
1.54724,37.0988,0.113364E-01
1.54785,37.1134,-0.357599E-02
1.54846,37.1281,0.101036E-01
1.54907,37.1427,0.123196
1.54968,37.1574,-0.361194E-01
1.55029,37.1720,0.236091E-02
1.55090,37.1866,-0.100495E-01
1.55151,37.2013,0.747343E-01
1.55212,37.2159,0.588301E-02
1.55273,37.2305,-0.123282
1.55334,37.2452,-0.373887E-01
1.55396,37.2598,-0.852183E-01
1.55457,37.2744,-0.654731E-02
1.55518,37.2891,0.474867E-01
1.55579,37.3037,-0.356470E-02
1.55640,37.3183,-0.821382E-02
1.55701,37.3330,-0.141864
1.55762,37.3476,-0.158977E-01
1.55823,37.3622,0.993810E-01
1.55884,37.3769,0.141882E-01
1.55945,37.3915,0.277587E-01
1.56006,37.4061,0.197833E-01
1.56067,37.4208,-0.700002E-01
1.56128,37.4354,-0.668773E-02
1.56189,37.4500,-0.747294E-01
1.56250,37.4647,-0.121057E-01
1.56311,37.4793,-0.207825E-01
1.56372,37.4939,-0.238951E-01
1.56433,37.5086,-0.850324E-01
1.56494,37.5232,0.624649E-01
1.56555,37.5379,0.121531E-01
1.56616,37.5525,-0.349114E-01
1.56677,37.5671,0.284808E-01
1.56738,37.5818,-0.998881E-01
1.56799,37.5964,0.162514E-01
1.56860,37.6110,0.478920E-01
1.56921,37.6257,-0.174650E-01
1.56982,37.6403,0.356804E-01
1.57043,37.6549,-0.121143E-01
1.57104,37.6696,-0.853588E-01
1.57166,37.6842,-0.117551E-01
1.57227,37.6988,-0.110438
1.57288,37.7135,0.427600E-01
1.57349,37.7281,-0.708238E-01
1.57410,37.7427,-0.104702E-01
1.57471,37.7574,0.139795
1.57532,37.7720,0.852356E-01
1.57593,37.7866,-0.460905E-01
1.57654,37.8013,0.112113E-01
1.57715,37.8159,-0.774400E-02
1.57776,37.8305,0.661593E-01
1.57837,37.8452,-0.544977E-01
1.57898,37.8598,0.339409E-01
1.57959,37.8744,-0.568289E-01
1.58020,37.8891,0.820922E-01
1.58081,37.9037,-0.830158E-02
1.58142,37.9184,0.178955E-01
1.58203,37.9330,0.620980E-01
1.58264,37.9476,0.218578E-01
1.58325,37.9623,0.434402E-01
1.58386,37.9769,-0.819789E-02
1.58447,37.9915,-0.284555E-01
1.58508,38.0062,0.391934E-02
1.58569,38.0208,0.103163
1.58630,38.0354,0.654647E-01
1.58691,38.0501,-0.935251E-01
1.58752,38.0647,0.403373E-01
1.58813,38.0793,0.334266E-01
1.58875,38.0940,0.174600E-01
1.58936,38.1086,0.901364E-02
1.58997,38.1232,0.411289E-01
1.59058,38.1379,0.940415E-01
1.59119,38.1525,-0.823325E-01
1.59180,38.1671,0.135796E-02
1.59241,38.1818,0.493232E-02
1.59302,38.1964,0.312259E-01
1.59363,38.2110,-0.409033E-01
1.59424,38.2257,0.390584E-01
1.59485,38.2403,0.148699E-01
1.59546,38.2549,0.409807E-01
1.59607,38.2696,0.105884E-01
1.59668,38.2842,0.200926E-02
1.59729,38.2989,0.750400E-02
1.59790,38.3135,0.106471
1.59851,38.3281,0.687738E-01
1.59912,38.3428,0.366119E-01
1.59973,38.3574,0.208771E-01
1.60034,38.3720,-0.159910E-02
1.60095,38.3867,0.199264E-02
1.60156,38.4013,-0.114171
1.60217,38.4159,-0.203363E-02
1.60278,38.4306,-0.394077E-01
1.60339,38.4452,-0.816077E-02
1.60400,38.4598,0.237853
1.60461,38.4745,0.538955E-01
1.60522,38.4891,0.207719
1.60583,38.5037,0.132738E-01
1.60645,38.5184,-0.120554E-01
1.60706,38.5330,0.168750E-01
1.60767,38.5476,0.765722E-02
1.60828,38.5623,0.221822E-01
1.60889,38.5769,-0.653925E-01
1.60950,38.5915,0.734634E-02
1.61011,38.6062,0.608968E-02
1.61072,38.6208,-0.251609E-01
1.61133,38.6354,0.238388
1.61194,38.6501,0.410955E-01
1.61255,38.6647,-0.346179E-01
1.61316,38.6794,-0.144077E-01
1.61377,38.6940,0.282282E-01
1.61438,38.7086,0.574382E-01
1.61499,38.7233,0.756055E-01
1.61560,38.7379,-0.196835E-01
1.61621,38.7525,0.898390E-02
1.61682,38.7672,0.204460E-01
1.61743,38.7818,-0.147458E-01
1.61804,38.7964,-0.422145E-02
1.61865,38.8111,0.577992E-01
1.61926,38.8257,0.142445
1.61987,38.8403,0.114581E-01
1.62048,38.8550,-0.309869E-01
1.62109,38.8696,0.366967E-01
1.62170,38.8842,0.180155E-01
1.62231,38.8989,-0.588083E-02
1.62292,38.9135,-0.343472E-01
1.62354,38.9281,-0.610918E-01
1.62415,38.9428,-0.859345E-01
1.62476,38.9574,0.332923E-01
1.62537,38.9720,0.241483E-01
1.62598,38.9867,0.760454E-01
1.62659,39.0013,0.764591E-01
1.62720,39.0159,0.128722E-02
1.62781,39.0306,0.403088E-02
1.62842,39.0452,0.569922E-01
1.62903,39.0599,0.141003E-01
1.62964,39.0745,-0.135500E-01
1.63025,39.0891,0.123027E-01
1.63086,39.1038,-0.392848E-02
1.63147,39.1184,-0.184930E-01
1.63208,39.1330,0.648584E-01
1.63269,39.1477,-0.936848E-01
1.63330,39.1623,0.786214E-02
1.63391,39.1769,-0.115411E-01
1.63452,39.1916,0.185824
1.63513,39.2062,0.406430E-01
1.63574,39.2208,-0.512974E-01
1.63635,39.2355,0.358444E-01
1.63696,39.2501,0.370508E-01
1.63757,39.2647,0.284153E-01
1.63818,39.2794,-0.900380E-01
1.63879,39.2940,0.208781E-02
1.63940,39.3086,0.423831E-01
1.64001,39.3233,0.448418E-01
1.64062,39.3379,-0.643758E-02
1.64124,39.3525,0.640739E-01
1.64185,39.3672,-0.990153E-03
1.64246,39.3818,-0.215034E-01
1.64307,39.3965,0.133212
1.64368,39.4111,-0.196392E-01
1.64429,39.4257,-0.550747E-01
1.64490,39.4404,0.474405E-01
1.64551,39.4550,-0.480989E-02
1.64612,39.4696,0.150479E-01
1.64673,39.4843,-0.592604E-01
1.64734,39.4989,0.307935E-01
1.64795,39.5135,-0.159232E-02
1.64856,39.5282,0.271436E-01
1.64917,39.5428,0.643288E-01
1.64978,39.5574,0.660558E-01
1.65039,39.5721,0.208745E-01
1.65100,39.5867,-0.946708E-01
1.65161,39.6013,0.521522E-01
1.65222,39.6160,0.315107E-01
1.65283,39.6306,0.775468E-02
1.65344,39.6452,0.355535E-01
1.65405,39.6599,-0.388776E-01
1.65466,39.6745,-0.248021E-01
1.65527,39.6891,-0.135668E-01
1.65588,39.7038,0.466609E-01
1.65649,39.7184,-0.294213E-02
1.65710,39.7330,-0.931534E-02
1.65771,39.7477,-0.292519E-01
1.65833,39.7623,-0.609701E-01
1.65894,39.7770,0.181262E-01
1.65955,39.7916,-0.343800E-02
1.66016,39.8062,-0.307509E-01
1.66077,39.8209,0.273457E-02
1.66138,39.8355,0.156311E-01
1.66199,39.8501,-0.381988E-01
1.66260,39.8648,-0.276948E-01
1.66321,39.8794,0.497685E-02
1.66382,39.8940,-0.196494E-01
1.66443,39.9087,0.169288E-01
1.66504,39.9233,-0.335184E-01
1.66565,39.9379,0.488192E-01
1.66626,39.9526,0.652484E-01
1.66687,39.9672,0.281946E-02
1.66748,39.9818,0.516108E-01
1.66809,39.9965,-0.113584
1.66870,40.0111,-0.773171E-02
1.66931,40.0257,-0.860092E-01
1.66992,40.0404,-0.457788E-01
1.67053,40.0550,-0.920801E-02
1.67114,40.0696,-0.354597E-01
1.67175,40.0843,0.258770E-01
1.67236,40.0989,-0.126092E-01
1.67297,40.1135,0.252259E-01
1.67358,40.1282,0.296769E-01
1.67419,40.1428,0.164037E-01
1.67480,40.1575,0.165299
1.67542,40.1721,0.197812E-01
1.67603,40.1867,0.348071E-01
1.67664,40.2014,0.581693E-01
1.67725,40.2160,0.136894E-01
1.67786,40.2306,0.209319E-01
1.67847,40.2453,-0.859299E-01
1.67908,40.2599,0.261932E-01
1.67969,40.2745,0.100205E-01
1.68030,40.2892,-0.668382E-01
1.68091,40.3038,0.207401
1.68152,40.3184,0.607383E-01
1.68213,40.3331,-0.183957E-01
1.68274,40.3477,0.209374E-02
1.68335,40.3623,0.390106E-01
1.68396,40.3770,0.857575E-01
1.68457,40.3916,-0.490575E-01
1.68518,40.4062,0.111357
1.68579,40.4209,0.657299E-02
1.68640,40.4355,-0.575762E-02
1.68701,40.4501,0.735511E-01
1.68762,40.4648,0.671805E-02
1.68823,40.4794,0.405265E-01
1.68884,40.4940,0.612293E-01
1.68945,40.5087,-0.113291E-03
1.69006,40.5233,0.159056E-01
1.69067,40.5380,0.109803E-01
1.69128,40.5526,0.130779E-01
1.69189,40.5672,-0.204243E-01
1.69250,40.5819,-0.102084E-01
1.69312,40.5965,-0.805844E-03
1.69373,40.6111,0.407359E-01
1.69434,40.6258,0.102937E-01
1.69495,40.6404,-0.145049E-01
1.69556,40.6550,0.195554E-02
1.69617,40.6697,-0.182111E-01
1.69678,40.6843,-0.210206E-01
1.69739,40.6989,-0.200641
1.69800,40.7136,-0.370740E-02
1.69861,40.7282,-0.737568E-01
1.69922,40.7428,0.306864E-01
1.69983,40.7575,-0.141269E-01
1.70044,40.7721,0.113164
1.70105,40.7867,0.333756E-01
1.70166,40.8014,-0.136651E-01
1.70227,40.8160,0.557194E-01
1.70288,40.8306,-0.282941E-01
1.70349,40.8453,0.216274E-01
1.70410,40.8599,-0.168100E-02
1.70471,40.8745,-0.135152E-02
1.70532,40.8892,0.412000E-02
1.70593,40.9038,0.172398E-01
1.70654,40.9185,-0.555518E-02
1.70715,40.9331,0.387167E-01
1.70776,40.9477,0.651703E-02
1.70837,40.9624,0.338332E-01
1.70898,40.9770,-0.231974E-01
1.70959,40.9916,-0.112787E-01
1.71021,41.0063,-0.139226E-01
1.71082,41.0209,0.262648E-01
1.71143,41.0355,-0.600687E-01
1.71204,41.0502,0.239517E-01
1.71265,41.0648,0.776039E-01
1.71326,41.0794,0.250672
1.71387,41.0941,0.200267
1.71448,41.1087,-0.468436E-01
1.71509,41.1233,0.252965E-02
1.71570,41.1380,-0.449890E-02
1.71631,41.1526,-0.114731
1.71692,41.1672,0.148707E-01
1.71753,41.1819,0.850801E-01
1.71814,41.1965,0.782045E-01
1.71875,41.2111,0.465886E-01
1.71936,41.2258,0.539522E-01
1.71997,41.2404,-0.827550E-01
1.72058,41.2550,-0.211976E-01
1.72119,41.2697,0.810308E-01
1.72180,41.2843,-0.190662E-02
1.72241,41.2990,0.150658
1.72302,41.3136,0.503802E-01
1.72363,41.3282,-0.136844E-01
1.72424,41.3429,0.144972
1.72485,41.3575,0.568824E-01
1.72546,41.3721,-0.214327E-01
1.72607,41.3868,-0.373208E-01
1.72668,41.4014,0.173781
1.72729,41.4160,-0.154790
1.72791,41.4307,-0.598885E-01
1.72852,41.4453,-0.160571
1.72913,41.4599,-0.202565E-02
1.72974,41.4746,-0.100960E-01
1.73035,41.4892,0.789302E-01
1.73096,41.5038,-0.259530E-02
1.73157,41.5185,-0.148669E-01
1.73218,41.5331,0.684159E-01
1.73279,41.5477,-0.119444E-01
1.73340,41.5624,-0.921276E-02
1.73401,41.5770,0.148576E-02
1.73462,41.5916,0.358157E-02
1.73523,41.6063,-0.294711E-01
1.73584,41.6209,-0.323933E-01
1.73645,41.6356,-0.125510E-01
1.73706,41.6502,0.853240E-01
1.73767,41.6648,-0.225374E-01
1.73828,41.6795,0.204124E-02
1.73889,41.6941,0.983102E-02
1.73950,41.7087,-0.404461E-02
1.74011,41.7234,-0.448666E-02
1.74072,41.7380,-0.554661E-01
1.74133,41.7526,-0.306135E-01
1.74194,41.7673,0.307132E-01
1.74255,41.7819,0.591861E-01
1.74316,41.7965,-0.190239E-01
1.74377,41.8112,0.148029E-01
1.74438,41.8258,0.683775E-01
1.74500,41.8404,-0.395043E-01
1.74561,41.8551,-0.500891E-02
1.74622,41.8697,-0.109227E-01
1.74683,41.8843,0.645409E-03
1.74744,41.8990,0.531720E-02
1.74805,41.9136,-0.140168E-01
1.74866,41.9282,0.118669
1.74927,41.9429,-0.496496E-02
1.74988,41.9575,0.365186E-01
1.75049,41.9721,0.151625E-01
1.75110,41.9868,0.288540E-01
1.75171,42.0014,-0.107427E-02
1.75232,42.0161,-0.367165E-01
1.75293,42.0307,-0.170075E-01
1.75354,42.0453,-0.392380E-03
1.75415,42.0600,0.894662E-01
1.75476,42.0746,-0.105860
1.75537,42.0892,-0.223811E-02
1.75598,42.1039,-0.357209E-04
1.75659,42.1185,-0.811085E-03
1.75720,42.1331,0.245593E-01
1.75781,42.1478,0.540894E-02
1.75842,42.1624,-0.235437E-01
1.75903,42.1770,0.316125E-01
1.75964,42.1917,0.487148E-01
1.76025,42.2063,0.650680E-03
1.76086,42.2209,-0.438142E-02
1.76147,42.2356,0.913694E-01
1.76208,42.2502,-0.258233E-01
1.76270,42.2648,0.261461E-01
1.76331,42.2795,0.410776E-01
1.76392,42.2941,0.390131E-01
1.76453,42.3087,-0.134625E-01
1.76514,42.3234,-0.135219E-01
1.76575,42.3380,0.668819E-01
1.76636,42.3526,0.294715E-03
1.76697,42.3673,0.227988E-01
1.76758,42.3819,0.187616E-01
1.76819,42.3966,0.480685E-01
1.76880,42.4112,0.493637E-01
1.76941,42.4258,0.169752
1.77002,42.4405,0.423259E-01
1.77063,42.4551,0.812153E-01
1.77124,42.4697,0.430663E-01
1.77185,42.4844,0.195013E-01
1.77246,42.4990,-0.208482E-01
1.77307,42.5136,0.119394E-01
1.77368,42.5283,0.146401E-02
1.77429,42.5429,0.653394E-02
1.77490,42.5575,0.354575E-01
1.77551,42.5722,0.150018E-01
1.77612,42.5868,-0.753393E-03
1.77673,42.6014,0.107554E-01
1.77734,42.6161,-0.889022E-01
1.77795,42.6307,-0.124474E-01
1.77856,42.6453,0.345927E-01
1.77917,42.6600,-0.408063E-01
1.77979,42.6746,0.219418E-01
1.78040,42.6892,-0.329888E-02
1.78101,42.7039,-0.300790E-01
1.78162,42.7185,0.139245
1.78223,42.7331,0.176450E-01
1.78284,42.7478,0.594798E-02
1.78345,42.7624,0.213949E-01
1.78406,42.7771,-0.180178E-01
1.78467,42.7917,-0.962446E-01
1.78528,42.8063,0.378557E-02
1.78589,42.8210,0.459096E-01
1.78650,42.8356,-0.410074E-01
1.78711,42.8502,-0.752657E-02
1.78772,42.8649,0.510862E-02
1.78833,42.8795,-0.282444E-01
1.78894,42.8941,0.779493E-02
1.78955,42.9088,0.277741E-01
1.79016,42.9234,-0.183278E-01
1.79077,42.9380,0.246342E-01
1.79138,42.9527,0.432661E-01
1.79199,42.9673,-0.229175E-01
1.79260,42.9819,0.423568E-01
1.79321,42.9966,0.159157E-01
1.79382,43.0112,0.150526E-01
1.79443,43.0258,-0.417924E-01
1.79504,43.0405,0.840563E-01
1.79565,43.0551,-0.840446E-01
1.79626,43.0697,0.210533E-01
1.79688,43.0844,-0.368305E-01
1.79749,43.0990,0.103430E-01
1.79810,43.1136,-0.424634E-01
1.79871,43.1283,0.443084E-01
1.79932,43.1429,0.228859E-01
1.79993,43.1576,-0.798684E-01
1.80054,43.1722,-0.688731E-01
1.80115,43.1868,-0.632271E-01
1.80176,43.2015,0.245266E-01
1.80237,43.2161,0.124643E-01
1.80298,43.2307,-0.706046E-01
1.80359,43.2454,-0.502347E-01
1.80420,43.2600,0.688567E-02
1.80481,43.2746,-0.511084E-01
1.80542,43.2893,0.503513E-01
1.80603,43.3039,-0.299225E-01
1.80664,43.3185,-0.364374E-01
1.80725,43.3332,-0.625312E-01
1.80786,43.3478,-0.338576E-01
1.80847,43.3624,-0.729913E-01
1.80908,43.3771,-0.330032E-01
1.80969,43.3917,0.167174E-01
1.81030,43.4063,-0.595430E-01
1.81091,43.4210,-0.228290E-01
1.81152,43.4356,0.857330E-01
1.81213,43.4502,0.511316E-01
1.81274,43.4649,-0.617124E-02
1.81335,43.4795,-0.700900E-01
1.81396,43.4941,0.867241E-03
1.81458,43.5088,0.228445E-01
1.81519,43.5234,-0.228649E-01
1.81580,43.5381,0.115480
1.81641,43.5527,-0.127816
1.81702,43.5673,-0.212022E-01
1.81763,43.5820,-0.100266E-01
1.81824,43.5966,-0.557726E-02
1.81885,43.6112,-0.246926E-01
1.81946,43.6259,0.325386E-01
1.82007,43.6405,0.836132E-01
1.82068,43.6551,0.359056E-01
1.82129,43.6698,-0.109478
1.82190,43.6844,0.358264E-01
1.82251,43.6990,-0.174133E-01
1.82312,43.7137,0.245540
1.82373,43.7283,-0.385533E-02
1.82434,43.7429,-0.206472E-01
1.82495,43.7576,-0.525383E-01
1.82556,43.7722,0.106991
1.82617,43.7868,0.261392E-01
1.82678,43.8015,-0.218876E-01
1.82739,43.8161,-0.878460E-01
1.82800,43.8307,-0.170446E-01
1.82861,43.8454,-0.265654E-01
1.82922,43.8600,-0.280378E-01
1.82983,43.8747,-0.278956E-01
1.83044,43.8893,0.101973E-01
1.83105,43.9039,-0.608340E-02
1.83167,43.9186,0.147243E-01
1.83228,43.9332,-0.139750E-01
1.83289,43.9478,0.393978E-01
1.83350,43.9625,0.520421E-02
1.83411,43.9771,0.882857E-01
1.83472,43.9917,-0.131040E-01
1.83533,44.0064,0.166868E-02
1.83594,44.0210,0.124488
1.83655,44.0356,-0.276559E-01
1.83716,44.0503,0.797980E-02
1.83777,44.0649,0.596873E-02
1.83838,44.0795,0.917189E-02
1.83899,44.0942,-0.224053E-01
1.83960,44.1088,0.557022E-01
1.84021,44.1234,-0.733886E-01
1.84082,44.1381,0.493295E-01
1.84143,44.1527,-0.262384E-01
1.84204,44.1673,-0.141671E-01
1.84265,44.1820,0.165156E-02
1.84326,44.1966,0.431934E-01
1.84387,44.2112,0.387094E-01
1.84448,44.2259,-0.254544E-01
1.84509,44.2405,0.140758E-01
1.84570,44.2552,0.389201E-01
1.84631,44.2698,0.101307
1.84692,44.2844,0.166899E-01
1.84753,44.2991,-0.101939
1.84814,44.3137,0.234609E-01
1.84875,44.3283,-0.171087E-01
1.84937,44.3430,-0.187466E-01
1.84998,44.3576,-0.262550E-01
1.85059,44.3722,0.145081E-01
1.85120,44.3869,0.112267E-01
1.85181,44.4015,-0.154503E-01
1.85242,44.4161,-0.466450E-01
1.85303,44.4308,0.236138E-01
1.85364,44.4454,-0.571794E-02
1.85425,44.4600,0.108418E-01
1.85486,44.4747,-0.114151E-01
1.85547,44.4893,0.734865E-01
1.85608,44.5039,0.280046E-03
1.85669,44.5186,0.153063E-01
1.85730,44.5332,0.280081E-01
1.85791,44.5478,-0.287760E-02
1.85852,44.5625,0.167315E-02
1.85913,44.5771,-0.624548E-01
1.85974,44.5917,0.198081E-01
1.86035,44.6064,-0.809491E-02
1.86096,44.6210,-0.513838E-01
1.86157,44.6357,0.726546E-01
1.86218,44.6503,0.194814E-01
1.86279,44.6649,0.874981E-01
1.86340,44.6796,-0.954315E-01
1.86401,44.6942,0.904155E-01
1.86462,44.7088,-0.529965E-02
1.86523,44.7235,0.194961E-01
1.86584,44.7381,0.677633E-01
1.86646,44.7527,-0.180214E-01
1.86707,44.7674,-0.114870E-01
1.86768,44.7820,0.113999
1.86829,44.7966,0.122004
1.86890,44.8113,-0.226428E-01
1.86951,44.8259,-0.220179E-03
1.87012,44.8405,0.508666E-01
1.87073,44.8552,-0.438790E-02
1.87134,44.8698,0.107793E-01
1.87195,44.8844,-0.232829E-01
1.87256,44.8991,0.613922E-01
1.87317,44.9137,0.902326E-02
1.87378,44.9283,-0.150000E-01
1.87439,44.9430,0.228562E-01
1.87500,44.9576,0.424429E-01
1.87561,44.9722,-0.388168E-01
1.87622,44.9869,0.461857E-01
1.87683,45.0015,0.289653E-01
1.87744,45.0162,-0.981344E-02
1.87805,45.0308,0.165318
1.87866,45.0454,-0.747421E-02
1.87927,45.0601,-0.379265E-01
1.87988,45.0747,0.123017
1.88049,45.0893,-0.448454E-01
1.88110,45.1040,0.133775E-01
1.88171,45.1186,0.364871E-01
1.88232,45.1332,0.309081E-01
1.88293,45.1479,-0.145442E-01
1.88354,45.1625,0.405792E-01
1.88416,45.1771,0.293767E-02
1.88477,45.1918,-0.556155E-01
1.88538,45.2064,-0.321973E-01
1.88599,45.2210,0.147583E-01
1.88660,45.2357,-0.517659E-01
1.88721,45.2503,-0.373939E-01
1.88782,45.2649,-0.171938E-01
1.88843,45.2796,-0.719825E-02
1.88904,45.2942,-0.166846E-01
1.88965,45.3088,0.820908E-01
1.89026,45.3235,0.673373E-01
1.89087,45.3381,0.159047
1.89148,45.3527,0.268024E-01
1.89209,45.3674,-0.658306E-01
1.89270,45.3820,0.339986E-01
1.89331,45.3967,-0.365982E-01
1.89392,45.4113,-0.795324E-01
1.89453,45.4259,-0.140407E-02
1.89514,45.4406,0.174343
1.89575,45.4552,0.691202E-01
1.89636,45.4698,0.387460E-01
1.89697,45.4845,0.669233E-01
1.89758,45.4991,0.485313E-01
1.89819,45.5137,0.483122E-01
1.89880,45.5284,0.101119
1.89941,45.5430,0.177459E-01
1.90002,45.5576,0.878630E-01
1.90063,45.5723,-0.166269E-01
1.90125,45.5869,-0.339107E-02
1.90186,45.6015,0.166374E-01
1.90247,45.6162,0.625348E-03
1.90308,45.6308,-0.203454E-01
1.90369,45.6454,-0.674036E-02
1.90430,45.6601,-0.521923E-01
1.90491,45.6747,0.474325E-02
1.90552,45.6893,-0.849850E-01
1.90613,45.7040,0.189162E-01
1.90674,45.7186,-0.209497E-02
1.90735,45.7332,0.103732
1.90796,45.7479,0.678297E-01
1.90857,45.7625,-0.341437E-01
1.90918,45.7772,0.314702E-01
1.90979,45.7918,0.247829E-01
1.91040,45.8064,0.550752E-02
1.91101,45.8211,0.926617E-01
1.91162,45.8357,0.239463E-01
1.91223,45.8503,-0.294082E-01
1.91284,45.8650,-0.325896E-01
1.91345,45.8796,0.134042E-02
1.91406,45.8942,0.475220E-01
1.91467,45.9089,-0.130981
1.91528,45.9235,0.428024E-02
1.91589,45.9381,-0.228614E-01
1.91650,45.9528,0.762191E-01
1.91711,45.9674,-0.295039E-02
1.91772,45.9820,0.198526E-01
1.91833,45.9967,0.274004E-01
1.91895,46.0113,-0.378199E-02
1.91956,46.0259,-0.369850E-01
1.92017,46.0406,0.440199E-02
1.92078,46.0552,0.416726E-01
1.92139,46.0698,0.512854E-01
1.92200,46.0845,-0.200314E-01
1.92261,46.0991,0.443267E-01
1.92322,46.1137,-0.601618E-01
1.92383,46.1284,-0.787830E-02
1.92444,46.1430,0.592646E-01
1.92505,46.1577,0.224604E-01
1.92566,46.1723,0.162419E-01
1.92627,46.1869,-0.917017E-03
1.92688,46.2016,-0.217009E-01
1.92749,46.2162,-0.258635E-03
1.92810,46.2308,0.171704E-01
1.92871,46.2455,0.105654
1.92932,46.2601,-0.857021E-01
1.92993,46.2747,-0.121801
1.93054,46.2894,-0.155026E-01
1.93115,46.3040,0.397304E-01
1.93176,46.3186,0.196161E-01
1.93237,46.3333,0.425648E-01
1.93298,46.3479,0.749977E-02
1.93359,46.3625,-0.138487E-01
1.93420,46.3772,0.105659
1.93481,46.3918,0.611689E-01
1.93542,46.4064,0.905394E-01
1.93604,46.4211,0.403188E-02
1.93665,46.4357,-0.312378E-02
1.93726,46.4503,0.344612E-01
1.93787,46.4650,-0.186102E-01
1.93848,46.4796,0.198116E-02
1.93909,46.4943,0.249380E-01
1.93970,46.5089,-0.294007E-02
1.94031,46.5235,0.217624E-01
1.94092,46.5382,0.913236E-02
1.94153,46.5528,0.953610E-02
1.94214,46.5674,0.182820E-01
1.94275,46.5821,0.187101E-04
1.94336,46.5967,-0.184142E-01
1.94397,46.6113,-0.340504E-02
1.94458,46.6260,0.749490E-02
1.94519,46.6406,0.690838E-01
1.94580,46.6552,0.359649E-01
1.94641,46.6699,0.666781E-02
1.94702,46.6845,0.698485E-01
1.94763,46.6991,0.405317E-01
1.94824,46.7138,-0.517567E-01
1.94885,46.7284,-0.294752E-01
1.94946,46.7430,-0.389079E-01
1.95007,46.7577,-0.261055E-01
1.95068,46.7723,-0.383500E-01
1.95129,46.7869,-0.643552E-01
1.95190,46.8016,0.180727E-01
1.95251,46.8162,0.128483E-01
1.95312,46.8308,0.114210
1.95374,46.8455,-0.343509E-02
1.95435,46.8601,0.977088E-01
1.95496,46.8748,0.530338E-01
1.95557,46.8894,0.149674
1.95618,46.9040,-0.199105E-01
1.95679,46.9187,0.967251E-01
1.95740,46.9333,-0.828107E-02
1.95801,46.9479,0.955814E-01
1.95862,46.9626,0.287707E-01
1.95923,46.9772,0.549761E-01
1.95984,46.9918,-0.167546E-01
1.96045,47.0065,0.135497E-01
1.96106,47.0211,-0.420830E-01
1.96167,47.0357,0.383612E-02
1.96228,47.0504,-0.283285E-01
1.96289,47.0650,0.109450
1.96350,47.0796,0.535359E-01
1.96411,47.0943,-0.161609E-01
1.96472,47.1089,0.911862E-01
1.96533,47.1235,-0.231983E-01
1.96594,47.1382,0.148960
1.96655,47.1528,-0.835040E-01
1.96716,47.1674,0.142302
1.96777,47.1821,-0.300665E-01
1.96838,47.1967,0.968343E-01
1.96899,47.2113,0.217856E-02
1.96960,47.2260,0.862511E-01
1.97021,47.2406,-0.863907E-01
1.97083,47.2553,-0.174219E-01
1.97144,47.2699,-0.409562E-01
1.97205,47.2845,0.400712E-01
1.97266,47.2992,0.992065E-01
1.97327,47.3138,-0.323322E-01
1.97388,47.3284,-0.351032E-01
1.97449,47.3431,-0.666609E-02
1.97510,47.3577,-0.101475
1.97571,47.3723,0.305904E-01
1.97632,47.3870,0.796818E-02
1.97693,47.4016,0.157145
1.97754,47.4162,-0.204574E-02
1.97815,47.4309,-0.313458E-01
1.97876,47.4455,-0.367877E-01
1.97937,47.4601,0.635379E-01
1.97998,47.4748,-0.191675E-01
1.98059,47.4894,0.854280E-02
1.98120,47.5040,-0.628261E-01
1.98181,47.5187,0.566190E-01
1.98242,47.5333,0.295399E-01
1.98303,47.5479,-0.249903E-01
1.98364,47.5626,0.339066E-01
1.98425,47.5772,0.155862E-01
1.98486,47.5918,-0.231121E-01
1.98547,47.6065,0.755654E-02
1.98608,47.6211,0.768822E-01
1.98669,47.6358,0.231510E-02
1.98730,47.6504,0.288705E-01
1.98792,47.6650,0.898530E-01
1.98853,47.6797,0.288115E-02
1.98914,47.6943,0.477738E-01
1.98975,47.7089,-0.578239E-01
1.99036,47.7236,-0.797247E-01
1.99097,47.7382,0.104870E-01
1.99158,47.7528,0.490460E-02
1.99219,47.7675,0.407648E-02
1.99280,47.7821,-0.638987E-01
1.99341,47.7967,-0.107587E-01
1.99402,47.8114,0.103581
1.99463,47.8260,-0.954155E-02
1.99524,47.8406,0.486698E-01
1.99585,47.8553,-0.257430E-03
1.99646,47.8699,0.301475E-01
1.99707,47.8845,0.221740E-01
1.99768,47.8992,0.654680E-04
1.99829,47.9138,-0.934621E-01
1.99890,47.9284,0.329037E-01
1.99951,47.9431,-0.120224E-01
2.00012,47.9577,-0.808171E-02
2.00073,47.9723,-0.303325E-02
2.00134,47.9870,0.282627E-01
2.00195,48.0016,0.483498E-01
2.00256,48.0163,-0.257226E-01
2.00317,48.0309,0.128806E-01
2.00378,48.0455,-0.461113E-01
2.00439,48.0602,0.393403E-02
2.00500,48.0748,-0.744543E-01
2.00562,48.0894,0.488110E-01
2.00623,48.1041,0.136573E-02
2.00684,48.1187,0.100033
2.00745,48.1333,-0.477025E-01
2.00806,48.1480,-0.770424E-01
2.00867,48.1626,0.213993E-01
2.00928,48.1772,0.188510E-01
2.00989,48.1919,-0.478071E-02
2.01050,48.2065,0.296017E-01
2.01111,48.2211,-0.153319E-02
2.01172,48.2358,0.606032E-02
2.01233,48.2504,0.131194
2.01294,48.2650,-0.194205E-01
2.01355,48.2797,-0.431853E-01
2.01416,48.2943,-0.382631E-01
2.01477,48.3089,-0.123038
2.01538,48.3236,-0.547102E-01
2.01599,48.3382,-0.108889E-02
2.01660,48.3528,0.112707E-01
2.01721,48.3675,-0.550400E-01
2.01782,48.3821,0.839805E-02
2.01843,48.3968,-0.103659
2.01904,48.4114,-0.161817
2.01965,48.4260,0.895950E-01
2.02026,48.4407,-0.841571E-02
2.02087,48.4553,-0.746158E-02
2.02148,48.4699,0.268264E-01
2.02209,48.4846,-0.999517E-02
2.02271,48.4992,0.857188E-01
2.02332,48.5138,-0.132270E-01
2.02393,48.5285,0.197290E-01
2.02454,48.5431,0.401630E-01
2.02515,48.5577,0.671349E-01
2.02576,48.5724,0.264802E-01
2.02637,48.5870,-0.202013E-01
2.02698,48.6016,-0.159999
2.02759,48.6163,-0.490870E-01
2.02820,48.6309,0.175488E-01
2.02881,48.6455,-0.944366E-02
2.02942,48.6602,-0.153083E-01
2.03003,48.6748,0.127956E-01
2.03064,48.6894,0.771097E-02
2.03125,48.7041,0.400779E-01
2.03186,48.7187,-0.542575E-01
2.03247,48.7334,-0.441118E-01
2.03308,48.7480,-0.403473E-01
2.03369,48.7626,-0.371487E-01
2.03430,48.7773,0.378251E-02
2.03491,48.7919,0.654922E-02
2.03552,48.8065,0.511017E-01
2.03613,48.8212,0.661225E-01
2.03674,48.8358,-0.732371E-03
2.03735,48.8504,-0.572348E-02
2.03796,48.8651,-0.183615E-01
2.03857,48.8797,0.696080E-02
2.03918,48.8943,-0.119090E-01
2.03979,48.9090,0.389123E-01
2.04041,48.9236,0.222143E-01
2.04102,48.9382,0.517301E-02
2.04163,48.9529,-0.308619E-01
2.04224,48.9675,0.147411
2.04285,48.9821,0.135783E-01
2.04346,48.9968,-0.404210E-01
2.04407,49.0114,0.315932E-01
2.04468,49.0260,0.569364E-01
2.04529,49.0407,-0.163446E-02
2.04590,49.0553,-0.347083E-01
2.04651,49.0699,0.187981
2.04712,49.0846,0.105210
2.04773,49.0992,0.406448E-01
2.04834,49.1139,-0.477452E-01
2.04895,49.1285,0.709190E-01
2.04956,49.1431,0.119164E-01
2.05017,49.1578,-0.209980E-01
2.05078,49.1724,-0.256306E-01
2.05139,49.1870,-0.162017E-01
2.05200,49.2017,0.812142E-02
2.05261,49.2163,0.239112E-01
2.05322,49.2309,0.425948E-01
2.05383,49.2456,0.298571E-01
2.05444,49.2602,-0.127585E-01
2.05505,49.2748,-0.795864E-01
2.05566,49.2895,0.104073
2.05627,49.3041,0.104084
2.05688,49.3187,0.181342E-01
2.05750,49.3334,0.212378E-01
2.05811,49.3480,0.475708E-01
2.05872,49.3626,-0.240256E-01
2.05933,49.3773,-0.121926E-01
2.05994,49.3919,-0.799603E-02
2.06055,49.4065,-0.352075E-01
2.06116,49.4212,0.166194E-01
2.06177,49.4358,0.156473E-01
2.06238,49.4504,0.426395E-01
2.06299,49.4651,-0.202044E-01
2.06360,49.4797,0.114465E-01
2.06421,49.4944,0.515971E-01
2.06482,49.5090,-0.369827E-01
2.06543,49.5236,-0.123159E-01
2.06604,49.5383,-0.475096E-01
2.06665,49.5529,0.165282E-01
2.06726,49.5675,0.379285E-02
2.06787,49.5822,0.187755E-01
2.06848,49.5968,-0.127693E-01
2.06909,49.6114,0.107752E-01
2.06970,49.6261,0.929529E-01
2.07031,49.6407,0.344823E-01
2.07092,49.6553,0.837252E-02
2.07153,49.6700,-0.175804E-01
2.07214,49.6846,-0.601504E-02
2.07275,49.6992,-0.151491E-01
2.07336,49.7139,0.589835E-01
2.07397,49.7285,0.160967
2.07458,49.7431,0.218531E-01
2.07520,49.7578,-0.354435E-01
2.07581,49.7724,0.562480E-01
2.07642,49.7870,0.166552
2.07703,49.8017,0.789587E-01
2.07764,49.8163,0.100276
2.07825,49.8309,-0.809375E-01
2.07886,49.8456,0.150177E-01
2.07947,49.8602,0.389675E-01
2.08008,49.8749,-0.815864E-01
2.08069,49.8895,-0.454603E-01
2.08130,49.9041,0.154928E-01
2.08191,49.9188,0.210793E-01
2.08252,49.9334,0.252515E-01
2.08313,49.9480,-0.168115E-01
2.08374,49.9627,0.100632E-01
2.08435,49.9773,-0.406263E-02
2.08496,49.9919,0.100761E-01
2.08557,50.0066,0.278871E-02
2.08618,50.0212,0.828841E-02
2.08679,50.0358,0.522337E-01
2.08740,50.0505,0.218993E-01
2.08801,50.0651,-0.511520E-02
2.08862,50.0797,0.318252E-01
2.08923,50.0944,-0.144790E-02
2.08984,50.1090,0.813537E-02
2.09045,50.1236,-0.459301E-02
2.09106,50.1383,0.121199E-01
2.09167,50.1529,0.134717
2.09229,50.1675,0.136244E-01
2.09290,50.1822,0.246701E-02
2.09351,50.1968,0.317413E-01
2.09412,50.2114,0.249622E-01
2.09473,50.2261,-0.150115E-01
2.09534,50.2407,-0.498881E-01
2.09595,50.2554,0.135854
2.09656,50.2700,-0.309221E-02
2.09717,50.2846,-0.219907E-01
2.09778,50.2993,-0.232256E-01
2.09839,50.3139,-0.273602E-01
2.09900,50.3285,-0.806064E-02
2.09961,50.3432,0.175012E-01
2.10022,50.3578,-0.472388E-01
2.10083,50.3724,0.219893E-01
2.10144,50.3871,-0.236539E-02
2.10205,50.4017,-0.386339E-01
2.10266,50.4163,-0.482641E-01
2.10327,50.4310,-0.603093E-01
2.10388,50.4456,-0.240155E-02
2.10449,50.4602,0.472619E-01
2.10510,50.4749,0.185484
2.10571,50.4895,0.196311E-02
2.10632,50.5041,0.132501E-01
2.10693,50.5188,0.594129E-02
2.10754,50.5334,0.717516E-01
2.10815,50.5480,0.261434E-01
2.10876,50.5627,0.906454E-02
2.10938,50.5773,0.365964E-01
2.10999,50.5919,-0.329167E-01
2.11060,50.6066,0.885767E-01
2.11121,50.6212,0.885395E-01
2.11182,50.6359,0.627170E-03
2.11243,50.6505,-0.474128E-01
2.11304,50.6651,-0.136554E-01
2.11365,50.6798,0.469972E-01
2.11426,50.6944,-0.357912E-01
2.11487,50.7090,-0.302387E-02
2.11548,50.7237,0.170297E-02
2.11609,50.7383,-0.372261E-01
2.11670,50.7529,-0.303991E-01
2.11731,50.7676,0.322682E-03
2.11792,50.7822,0.391671E-01
2.11853,50.7968,0.428770E-01
2.11914,50.8115,0.149617E-02
2.11975,50.8261,0.359915E-02
2.12036,50.8407,-0.275619E-02
2.12097,50.8554,0.374319E-01
2.12158,50.8700,0.183468E-01
2.12219,50.8846,-0.708793E-03
2.12280,50.8993,0.316177E-01
2.12341,50.9139,0.367985E-01
2.12402,50.9285,-0.233178E-01
2.12463,50.9432,-0.256787E-02
2.12524,50.9578,-0.502821E-01
2.12585,50.9725,-0.165657E-01
2.12646,50.9871,0.890454E-02
2.12708,51.0017,-0.122558E-01
2.12769,51.0164,0.637514E-03
2.12830,51.0310,0.528783E-02
2.12891,51.0456,-0.838622E-01
2.12952,51.0603,-0.568755E-02
2.13013,51.0749,0.142531E-01
2.13074,51.0895,-0.137193E-01
2.13135,51.1042,0.574726E-01
2.13196,51.1188,0.596484E-02
2.13257,51.1334,0.146779E-01
2.13318,51.1481,-0.764149E-01
2.13379,51.1627,0.968445E-01
2.13440,51.1773,-0.133181E-01
2.13501,51.1920,0.142787E-01
2.13562,51.2066,0.107916
2.13623,51.2212,0.208730E-01
2.13684,51.2359,-0.121132E-02
2.13745,51.2505,-0.185821E-01
2.13806,51.2651,0.334585E-01
2.13867,51.2798,0.200138E-01
2.13928,51.2944,0.177269E-01
2.13989,51.3090,0.106762
2.14050,51.3237,-0.730933E-01
2.14111,51.3383,0.115988
2.14172,51.3530,0.651444E-01
2.14233,51.3676,0.109901
2.14294,51.3822,0.621723E-01
2.14355,51.3969,0.451791E-01
2.14417,51.4115,-0.371195E-01
2.14478,51.4261,-0.604003E-01
2.14539,51.4408,-0.474799E-01
2.14600,51.4554,-0.408664E-01
2.14661,51.4700,-0.482004E-01
2.14722,51.4847,0.378095E-01
2.14783,51.4993,0.392476E-01
2.14844,51.5139,0.306825E-01
2.14905,51.5286,-0.890593E-02
2.14966,51.5432,0.225385E-01
2.15027,51.5578,-0.879600E-02
2.15088,51.5725,-0.151448
2.15149,51.5871,-0.262136E-01
2.15210,51.6017,0.384655E-01
2.15271,51.6164,0.122632E-01
2.15332,51.6310,0.955100E-02
2.15393,51.6456,-0.349848E-01
2.15454,51.6603,0.213944E-02
2.15515,51.6749,-0.489146E-01
2.15576,51.6895,-0.280390E-01
2.15637,51.7042,-0.232964E-01
2.15698,51.7188,0.194762E-01
2.15759,51.7335,0.295304E-01
2.15820,51.7481,0.315602E-01
2.15881,51.7627,0.478279E-01
2.15942,51.7774,-0.111372E-02
2.16003,51.7920,0.284116E-01
2.16064,51.8066,-0.475969E-01
2.16125,51.8213,-0.773209E-01
2.16187,51.8359,-0.694221E-01
2.16248,51.8505,-0.452669E-01
2.16309,51.8652,0.120046E-01
2.16370,51.8798,0.340195E-02
2.16431,51.8944,0.156387E-01
2.16492,51.9091,0.289150E-01
2.16553,51.9237,0.853112E-02
2.16614,51.9383,0.466817E-01
2.16675,51.9530,-0.213204E-01
2.16736,51.9676,0.139053E-01
2.16797,51.9822,0.177166E-01
2.16858,51.9969,0.113970
2.16919,52.0115,-0.441133E-02
2.16980,52.0261,-0.124080E-01
2.17041,52.0408,0.670106E-01
2.17102,52.0554,-0.215747E-02
2.17163,52.0700,0.492923E-01
2.17224,52.0847,-0.326433E-01
2.17285,52.0993,0.615677E-01
2.17346,52.1140,0.201902E-01
2.17407,52.1286,-0.472665E-01
2.17468,52.1432,-0.483839E-01
2.17529,52.1579,0.282494E-01
2.17590,52.1725,-0.189531E-01
2.17651,52.1871,-0.913329E-01
2.17712,52.2018,-0.372974E-01
2.17773,52.2164,-0.117806E-01
2.17834,52.2310,0.174968E-01
2.17896,52.2457,-0.116614E-01
2.17957,52.2603,-0.208414E-01
2.18018,52.2749,0.355785E-01
2.18079,52.2896,0.942893E-01
2.18140,52.3042,-0.269555E-01
2.18201,52.3188,0.287061E-01
2.18262,52.3335,0.341697E-01
2.18323,52.3481,0.175234E-01
2.18384,52.3627,0.963418E-02
2.18445,52.3774,-0.100328E-01
2.18506,52.3920,0.746417E-02
2.18567,52.4066,0.209162E-01
2.18628,52.4213,-0.823984E-03
2.18689,52.4359,-0.497387E-01
2.18750,52.4505,0.238344E-01
2.18811,52.4652,0.112704E-02
2.18872,52.4798,-0.103789E-02
2.18933,52.4945,0.134547E-02
2.18994,52.5091,0.179791
2.19055,52.5237,0.259764E-01
2.19116,52.5384,-0.498880E-01
2.19177,52.5530,-0.170102E-02
2.19238,52.5676,-0.107788E-01
2.19299,52.5823,0.276066E-02
2.19360,52.5969,0.125113E-01
2.19421,52.6115,-0.139065E-01
2.19482,52.6262,-0.314019E-02
2.19543,52.6408,-0.246075E-02
2.19604,52.6554,-0.978168E-02
2.19666,52.6701,-0.367682E-01
2.19727,52.6847,-0.279671E-01
2.19788,52.6993,0.437090E-02
2.19849,52.7140,0.220626
2.19910,52.7286,0.216703
2.19971,52.7432,0.447783E-02
2.20032,52.7579,0.558238E-01
2.20093,52.7725,-0.972249E-02
2.20154,52.7871,-0.365368E-01
2.20215,52.8018,0.371783E-02
2.20276,52.8164,0.215554E-01
2.20337,52.8310,-0.274852E-01
2.20398,52.8457,-0.630498E-01
2.20459,52.8603,0.155321E-01
2.20520,52.8750,-0.206219E-01
2.20581,52.8896,-0.476351E-01
2.20642,52.9042,0.977468E-01
2.20703,52.9189,-0.519047E-01
2.20764,52.9335,-0.104858E-02
2.20825,52.9481,0.115857E-01
2.20886,52.9628,0.986723E-01
2.20947,52.9774,0.123445E-01
2.21008,52.9920,0.237725E-01
2.21069,53.0067,0.601636E-01
2.21130,53.0213,-0.859203E-01
2.21191,53.0359,-0.845126E-01
2.21252,53.0506,-0.946291E-01
2.21313,53.0652,-0.451611E-02
2.21375,53.0798,-0.625307E-02
2.21436,53.0945,0.154964E-01
2.21497,53.1091,0.769696E-03
2.21558,53.1237,-0.802396E-01
2.21619,53.1384,-0.224823E-01
2.21680,53.1530,0.885007E-02
2.21741,53.1676,-0.336628E-01
2.21802,53.1823,0.311214E-01
2.21863,53.1969,0.972832E-02
2.21924,53.2116,-0.475859E-02
2.21985,53.2262,-0.543795E-02
2.22046,53.2408,0.954909E-01
2.22107,53.2555,-0.155988E-01
2.22168,53.2701,0.568788E-01
2.22229,53.2847,0.672134E-01
2.22290,53.2994,0.936009E-01
2.22351,53.3140,-0.145693E-01
2.22412,53.3286,0.313224E-01
2.22473,53.3433,0.124735E-01
2.22534,53.3579,-0.151196E-01
2.22595,53.3725,-0.339213E-02
2.22656,53.3872,0.200368E-01
2.22717,53.4018,0.722643E-01
2.22778,53.4164,0.112794E-01
2.22839,53.4311,-0.113409
2.22900,53.4457,0.110119E-01
2.22961,53.4603,0.235735E-01
2.23022,53.4750,0.872132E-03
2.23083,53.4896,-0.483111E-01
2.23145,53.5042,0.159207
2.23206,53.5189,0.485569E-02
2.23267,53.5335,0.388291E-01
2.23328,53.5481,0.610509E-02
2.23389,53.5628,-0.604731E-01
2.23450,53.5774,-0.338444E-01
2.23511,53.5921,0.402268E-01
2.23572,53.6067,0.244807E-01
2.23633,53.6213,0.204179E-01
2.23694,53.6360,-0.505707E-01
2.23755,53.6506,0.114853E-01
2.23816,53.6652,-0.578253E-02
2.23877,53.6799,-0.322863E-01
2.23938,53.6945,-0.231236E-01
2.23999,53.7091,-0.131503E-01
2.24060,53.7238,-0.877099E-02
2.24121,53.7384,-0.728022E-02
2.24182,53.7530,-0.556280E-01
2.24243,53.7677,-0.573461E-02
2.24304,53.7823,0.267934E-01
2.24365,53.7969,0.407607E-01
2.24426,53.8116,-0.607521E-01
2.24487,53.8262,-0.349597E-01
2.24548,53.8408,-0.116165E-01
2.24609,53.8555,-0.260858E-01
2.24670,53.8701,0.850169E-01
2.24731,53.8847,0.129543E-01
2.24792,53.8994,-0.251547E-01
2.24854,53.9140,0.358205E-01
2.24915,53.9286,0.113316E-02
2.24976,53.9433,-0.323139E-01
2.25037,53.9579,-0.369326E-01
2.25098,53.9726,0.605013E-01
2.25159,53.9872,0.168476E-01
2.25220,54.0018,0.518258E-01
2.25281,54.0165,0.938452E-02
2.25342,54.0311,0.179651E-01
2.25403,54.0457,0.382132E-01
2.25464,54.0604,0.638315E-01
2.25525,54.0750,0.687209E-01
2.25586,54.0896,-0.340151E-02
2.25647,54.1043,0.968919E-01
2.25708,54.1189,-0.348482E-01
2.25769,54.1335,0.207483E-01
2.25830,54.1482,-0.737637E-02
2.25891,54.1628,-0.231664E-01
2.25952,54.1774,0.406646E-01
2.26013,54.1921,-0.361223E-02
2.26074,54.2067,-0.319981E-01
2.26135,54.2213,-0.278281E-02
2.26196,54.2360,-0.502491E-02
2.26257,54.2506,-0.933687E-02
2.26318,54.2652,-0.940644E-02
2.26379,54.2799,-0.339785E-01
2.26440,54.2945,-0.834435E-01
2.26501,54.3091,-0.233769
2.26562,54.3238,-0.105348E-01
2.26624,54.3384,-0.411340E-01
2.26685,54.3531,-0.820202E-02
2.26746,54.3677,0.155740E-01
2.26807,54.3823,0.238398E-01
2.26868,54.3970,0.962918E-01
2.26929,54.4116,0.297886E-01
2.26990,54.4262,0.812259E-02
2.27051,54.4409,0.425020E-02
2.27112,54.4555,-0.695830E-01
2.27173,54.4701,-0.168401E-01
2.27234,54.4848,-0.689602E-01
2.27295,54.4994,-0.977286E-02
2.27356,54.5140,0.334086E-01
2.27417,54.5287,0.141254E-01
2.27478,54.5433,0.109597E-02
2.27539,54.5579,0.230958E-01
2.27600,54.5726,0.990113E-02
2.27661,54.5872,-0.624420E-02
2.27722,54.6018,0.483213E-02
2.27783,54.6165,-0.604044E-01
2.27844,54.6311,0.409781E-01
2.27905,54.6457,0.508722E-01
2.27966,54.6604,0.211256E-02
2.28027,54.6750,0.321455E-02
2.28088,54.6896,0.322329E-01
2.28149,54.7043,-0.585676E-01
2.28210,54.7189,-0.472710E-01
2.28271,54.7336,-0.499896E-01
2.28333,54.7482,0.398982E-02
2.28394,54.7628,-0.323320E-03
2.28455,54.7775,0.328218E-01
2.28516,54.7921,0.329857E-01
2.28577,54.8067,-0.135978E-01
2.28638,54.8214,-0.535611E-01
2.28699,54.8360,-0.398823E-01
2.28760,54.8506,-0.358800E-02
2.28821,54.8653,0.532093E-03
2.28882,54.8799,-0.395790E-01
2.28943,54.8945,-0.120004E-02
2.29004,54.9092,-0.297196E-03
2.29065,54.9238,-0.201906E-01
2.29126,54.9384,0.230379E-02
2.29187,54.9531,-0.196240E-01
2.29248,54.9677,0.681299E-01
2.29309,54.9823,0.497387E-01
2.29370,54.9970,-0.433643E-02
2.29431,55.0116,0.451818E-01
2.29492,55.0262,0.721254E-01
2.29553,55.0409,-0.251214E-02
2.29614,55.0555,-0.254181E-01
2.29675,55.0701,0.144710E-01
2.29736,55.0848,-0.298797E-01
2.29797,55.0994,0.113889E-01
2.29858,55.1141,0.107555
2.29919,55.1287,-0.101736E-01
2.29980,55.1433,-0.571558E-02
2.30042,55.1580,0.305537E-02
2.30103,55.1726,-0.410255E-01
2.30164,55.1872,-0.422349E-01
2.30225,55.2019,0.487911E-02
2.30286,55.2165,0.329749E-01
2.30347,55.2311,0.240892E-01
2.30408,55.2458,0.892151E-02
2.30469,55.2604,0.564616E-02
2.30530,55.2750,0.182036E-01
2.30591,55.2897,0.915286E-02
2.30652,55.3043,-0.321658E-02
2.30713,55.3189,0.674485E-02
2.30774,55.3336,0.627784E-01
2.30835,55.3482,0.350352E-01
2.30896,55.3628,0.217850E-01
2.30957,55.3775,0.254824E-02
2.31018,55.3921,0.375154E-01
2.31079,55.4067,0.313049E-01
2.31140,55.4214,0.304652E-02
2.31201,55.4360,-0.747621E-03
2.31262,55.4507,-0.342917E-01
2.31323,55.4653,0.460991E-02
2.31384,55.4799,0.557228E-01
2.31445,55.4946,0.231577E-01
2.31506,55.5092,-0.354719E-01
2.31567,55.5238,0.293132E-02
2.31628,55.5385,-0.759913E-01
2.31689,55.5531,0.139149
2.31750,55.5677,0.104547
2.31812,55.5824,0.492675E-02
2.31873,55.5970,-0.389243E-01
2.31934,55.6116,0.971127E-01
2.31995,55.6263,-0.181097E-02
2.32056,55.6409,0.658599E-01
2.32117,55.6555,0.119805E-01
2.32178,55.6702,-0.318460E-02
2.32239,55.6848,0.281655E-01
2.32300,55.6994,0.374030E-01
2.32361,55.7141,-0.568741E-01
2.32422,55.7287,-0.961769E-01
2.32483,55.7433,0.236711E-02
2.32544,55.7580,-0.145563E-01
2.32605,55.7726,-0.492215E-02
2.32666,55.7872,0.613451E-02
2.32727,55.8019,0.522697E-01
2.32788,55.8165,0.448399E-01
2.32849,55.8312,0.711429E-02
2.32910,55.8458,0.473258E-01
2.32971,55.8604,0.368804E-01
2.33032,55.8751,0.364543E-02
2.33093,55.8897,0.241155E-01
2.33154,55.9043,-0.375757E-01
2.33215,55.9190,0.259619E-01
2.33276,55.9336,0.120921E-01
2.33337,55.9482,0.674667E-02
2.33398,55.9629,0.414064E-01
2.33459,55.9775,0.593280E-02
2.33521,55.9921,-0.147565E-01
2.33582,56.0068,0.418223E-01
2.33643,56.0214,0.187932
2.33704,56.0360,0.114411
2.33765,56.0507,0.160025E-01
2.33826,56.0653,-0.730701E-02
2.33887,56.0799,0.652418E-02
2.33948,56.0946,0.734370E-01
2.34009,56.1092,-0.272164E-01
2.34070,56.1238,0.807399E-03
2.34131,56.1385,0.419769E-02
2.34192,56.1531,0.683753E-02
2.34253,56.1677,-0.594509E-01
2.34314,56.1824,0.195152E-02
2.34375,56.1970,0.104597E-01
2.34436,56.2117,0.128054E-01
2.34497,56.2263,-0.349836E-01
2.34558,56.2409,-0.141164E-01
2.34619,56.2556,0.163258E-01
2.34680,56.2702,0.614752E-01
2.34741,56.2848,0.241117E-02
2.34802,56.2995,-0.207315E-01
2.34863,56.3141,0.190729E-01
2.34924,56.3287,0.371050E-01
2.34985,56.3434,0.169104E-01
2.35046,56.3580,-0.179629E-01
2.35107,56.3726,0.180367E-01
2.35168,56.3873,-0.396069E-01
2.35229,56.4019,0.696415E-01
2.35291,56.4165,0.256486E-01
2.35352,56.4312,0.827650E-01
2.35413,56.4458,-0.434263E-01
2.35474,56.4604,0.111438
2.35535,56.4751,0.144740E-01
2.35596,56.4897,0.201780E-01
2.35657,56.5043,-0.148486E-01
2.35718,56.5190,0.407667E-02
2.35779,56.5336,-0.806355E-01
2.35840,56.5482,0.613418E-02
2.35901,56.5629,-0.965253E-02
2.35962,56.5775,-0.310746E-01
2.36023,56.5922,-0.465801E-02
2.36084,56.6068,-0.577624E-01
2.36145,56.6214,-0.628495E-01
2.36206,56.6361,-0.614749E-01
2.36267,56.6507,-0.401328E-01
2.36328,56.6653,-0.134162E-01
2.36389,56.6800,-0.327597E-01
2.36450,56.6946,-0.210972E-02
2.36511,56.7092,-0.226713E-02
2.36572,56.7239,0.314267E-01
2.36633,56.7385,0.111478
2.36694,56.7531,0.652746E-01
2.36755,56.7678,-0.713624E-01
2.36816,56.7824,-0.263021E-01
2.36877,56.7970,-0.935629E-01
2.36938,56.8117,0.341036E-01
2.37000,56.8263,0.593611E-01
2.37061,56.8409,0.229619E-01
2.37122,56.8556,0.366315E-02
2.37183,56.8702,-0.151115E-03
2.37244,56.8848,0.917699E-02
2.37305,56.8995,-0.134537
2.37366,56.9141,-0.739129E-01
2.37427,56.9287,0.153367E-01
2.37488,56.9434,0.137409E-01
2.37549,56.9580,-0.229017E-01
2.37610,56.9727,0.103638
2.37671,56.9873,0.262565E-01
2.37732,57.0019,-0.472763E-01
2.37793,57.0166,0.304712E-01
2.37854,57.0312,0.295483E-02
2.37915,57.0458,-0.431457E-01
2.37976,57.0605,-0.109060E-01
2.38037,57.0751,-0.532469E-01
2.38098,57.0897,0.478435E-01
2.38159,57.1044,0.463849E-01
2.38220,57.1190,-0.665070E-01
2.38281,57.1336,-0.838015E-02
2.38342,57.1483,-0.120492
2.38403,57.1629,0.159694E-01
2.38464,57.1775,-0.102259E-01
2.38525,57.1922,0.559993E-01
2.38586,57.2068,0.228957E-01
2.38647,57.2214,-0.126939E-01
2.38708,57.2361,0.435858E-01
2.38770,57.2507,0.800948E-02
2.38831,57.2653,0.598900E-01
2.38892,57.2800,0.163820E-01
2.38953,57.2946,-0.191724E-01
2.39014,57.3092,-0.235961E-01
2.39075,57.3239,0.723517E-02
2.39136,57.3385,-0.179890E-01
2.39197,57.3532,-0.194717E-01
2.39258,57.3678,0.704881E-01
2.39319,57.3824,0.529109E-01
2.39380,57.3971,0.363778E-03
2.39441,57.4117,-0.338263E-01
2.39502,57.4263,-0.374687E-01
2.39563,57.4410,-0.794800E-01
2.39624,57.4556,0.225910E-01
2.39685,57.4702,-0.550225E-01
2.39746,57.4849,0.624596E-01
2.39807,57.4995,0.555906E-01
2.39868,57.5141,0.730248E-03
2.39929,57.5288,0.115288E-01
2.39990,57.5434,0.218448E-03
2.40051,57.5580,-0.475945E-01
2.40112,57.5727,-0.282790E-01
2.40173,57.5873,0.260476E-02
2.40234,57.6019,-0.736498E-02
2.40295,57.6166,0.616907E-03
2.40356,57.6312,-0.373660E-01
2.40417,57.6458,-0.502645E-01
2.40479,57.6605,-0.245663E-01
2.40540,57.6751,-0.101647E-01
2.40601,57.6898,0.389696E-01
2.40662,57.7044,0.310209E-01
2.40723,57.7190,0.193887E-01
2.40784,57.7337,0.814015E-01
2.40845,57.7483,-0.138266E-01
2.40906,57.7629,0.472014E-01
2.40967,57.7776,0.335066E-01
2.41028,57.7922,0.224397E-01
2.41089,57.8068,-0.344797E-01
2.41150,57.8215,0.879556E-01
2.41211,57.8361,0.118786
2.41272,57.8507,-0.556740E-01
2.41333,57.8654,-0.899392E-02
2.41394,57.8800,0.527551E-01
2.41455,57.8946,0.200343E-01
2.41516,57.9093,-0.803037E-02
2.41577,57.9239,-0.231741E-01
2.41638,57.9385,-0.244688E-01
2.41699,57.9532,0.121264E-02
2.41760,57.9678,-0.576950E-01
2.41821,57.9824,0.317928E-01
2.41882,57.9971,0.593993E-02
2.41943,58.0117,0.670941E-02
2.42004,58.0263,-0.103306E-01
2.42065,58.0410,0.295330E-02
2.42126,58.0556,-0.836200E-01
2.42188,58.0703,0.573351E-02
2.42249,58.0849,0.352772E-01
2.42310,58.0995,-0.494020E-01
2.42371,58.1142,0.125134E-01
2.42432,58.1288,0.760269E-01
2.42493,58.1434,-0.223157E-01
2.42554,58.1581,0.666318E-01
2.42615,58.1727,0.254440E-01
2.42676,58.1873,0.728971E-02
2.42737,58.2020,0.114358E-01
2.42798,58.2166,0.570931E-02
2.42859,58.2312,-0.541175E-02
2.42920,58.2459,-0.118701E-01
2.42981,58.2605,-0.384012E-01
2.43042,58.2751,-0.158810E-02
2.43103,58.2898,-0.105683
2.43164,58.3044,-0.272640E-01
2.43225,58.3190,0.468583E-01
2.43286,58.3337,0.124130E-02
2.43347,58.3483,0.452323E-02
2.43408,58.3629,0.824770E-01
2.43469,58.3776,0.357688E-02
2.43530,58.3922,-0.361473E-01
2.43591,58.4068,0.295701E-01
2.43652,58.4215,-0.726412E-02
2.43713,58.4361,0.378750E-01
2.43774,58.4508,0.400899E-01
2.43835,58.4654,0.242017E-01
2.43896,58.4800,0.436326E-01
2.43958,58.4947,-0.317841E-01
2.44019,58.5093,0.220358E-01
2.44080,58.5239,0.168533E-02
2.44141,58.5386,-0.784677E-01
2.44202,58.5532,-0.270897E-02
2.44263,58.5678,-0.594406E-01
2.44324,58.5825,-0.850656E-01
2.44385,58.5971,0.526752E-01
2.44446,58.6117,-0.602927E-01
2.44507,58.6264,-0.119540E-01
2.44568,58.6410,0.278934E-01
2.44629,58.6556,0.798487E-01
2.44690,58.6703,-0.918348E-01
2.44751,58.6849,-0.831348E-02
2.44812,58.6995,-0.748476E-01
2.44873,58.7142,-0.211193E-01
2.44934,58.7288,-0.204623E-01
2.44995,58.7434,0.353496E-01
2.45056,58.7581,0.789449E-01
2.45117,58.7727,0.139008
2.45178,58.7873,-0.103724
2.45239,58.8020,-0.798956E-01
2.45300,58.8166,0.569805E-01
2.45361,58.8313,0.590350E-01
2.45422,58.8459,-0.170170E-01
2.45483,58.8605,0.138391
2.45544,58.8752,0.987234E-01
2.45605,58.8898,0.936622E-01
2.45667,58.9044,-0.233017E-02
2.45728,58.9191,-0.238919E-01
2.45789,58.9337,-0.842280E-02
2.45850,58.9483,0.284349E-01
2.45911,58.9630,0.227661E-01
2.45972,58.9776,0.377882E-01
2.46033,58.9922,-0.303422E-01
2.46094,59.0069,-0.742155E-03
2.46155,59.0215,0.995703E-02
2.46216,59.0361,-0.420751E-01
2.46277,59.0508,0.223683E-01
2.46338,59.0654,-0.231511E-01
2.46399,59.0800,0.122701E-01
2.46460,59.0947,0.332964E-01
2.46521,59.1093,0.493167E-01
2.46582,59.1239,-0.203008E-01
2.46643,59.1386,0.634894E-01
2.46704,59.1532,0.112208
2.46765,59.1678,0.148325E-01
2.46826,59.1825,-0.293343E-02
2.46887,59.1971,0.250856E-02
2.46948,59.2118,-0.579664E-01
2.47009,59.2264,0.436460E-01
2.47070,59.2410,0.263819E-01
2.47131,59.2557,0.707375E-01
2.47192,59.2703,-0.181852E-01
2.47253,59.2849,0.357509E-01
2.47314,59.2996,0.118348E-01
2.47375,59.3142,-0.267561E-01
2.47437,59.3288,-0.289084E-01
2.47498,59.3435,-0.614265E-01
2.47559,59.3581,0.571166E-02
2.47620,59.3727,0.133413E-02
2.47681,59.3874,-0.328170E-01
2.47742,59.4020,-0.124687E-01
2.47803,59.4166,0.970169E-01
2.47864,59.4313,0.256947E-01
2.47925,59.4459,0.214560E-01
2.47986,59.4605,0.789620E-01
2.48047,59.4752,-0.598805E-01
2.48108,59.4898,-0.130734E-01
2.48169,59.5044,-0.789045E-01
2.48230,59.5191,0.536973E-02
2.48291,59.5337,-0.948548E-01
2.48352,59.5483,0.104281E-01
2.48413,59.5630,0.558571E-01
2.48474,59.5776,0.157889E-01
2.48535,59.5923,0.311740E-01
2.48596,59.6069,-0.802745E-02
2.48657,59.6215,0.126081E-01
2.48718,59.6362,-0.152462E-01
2.48779,59.6508,-0.554509E-02
2.48840,59.6654,0.763221E-01
2.48901,59.6801,0.452969E-01
2.48962,59.6947,0.394681E-01
2.49023,59.7093,-0.501868E-02
2.49084,59.7240,0.870927E-01
2.49146,59.7386,0.597323E-03
2.49207,59.7532,-0.125479E-01
2.49268,59.7679,0.581107E-01
2.49329,59.7825,0.197890E-01
2.49390,59.7971,-0.417297E-01
2.49451,59.8118,-0.302667E-01
2.49512,59.8264,-0.311373E-01
2.49573,59.8410,0.429278E-01
2.49634,59.8557,-0.964015E-03
2.49695,59.8703,-0.374100E-01
2.49756,59.8849,0.110721E-01
2.49817,59.8996,-0.268716E-01
2.49878,59.9142,0.462323E-02
2.49939,59.9288,0.321971E-01
2.50000,59.9435,0.554489E-01
2.50061,59.9581,-0.511843E-01
2.50122,59.9728,0.439555E-01
2.50183,59.9874,0.351218E-01
2.50244,60.0020,-0.118476E-01
2.50305,60.0167,-0.289194E-01
2.50366,60.0313,-0.171106E-01
2.50427,60.0459,-0.443111E-01
2.50488,60.0606,-0.310301E-01
2.50549,60.0752,-0.210236E-01
2.50610,60.0898,0.245963E-01
2.50671,60.1045,0.128226
2.50732,60.1191,-0.364071E-02
2.50793,60.1337,-0.113852E-01
2.50854,60.1484,-0.446079E-01
2.50916,60.1630,0.250189E-01
2.50977,60.1776,0.511223E-01
2.51038,60.1923,-0.425935E-01
2.51099,60.2069,0.310521E-01
2.51160,60.2215,-0.149607
2.51221,60.2362,-0.249295E-01
2.51282,60.2508,-0.629315E-01
2.51343,60.2654,0.216412E-01
2.51404,60.2801,0.275943E-01
2.51465,60.2947,-0.804335E-02
2.51526,60.3094,0.421585E-01
2.51587,60.3240,0.130374
2.51648,60.3386,-0.760059E-01
2.51709,60.3533,0.268064E-01
2.51770,60.3679,0.355843E-01
2.51831,60.3825,0.592224E-02
2.51892,60.3972,0.358584E-01
2.51953,60.4118,-0.102112E-02
2.52014,60.4264,-0.493417E-01
2.52075,60.4411,0.785992E-01
2.52136,60.4557,0.167560E-01
2.52197,60.4703,-0.934361E-01
2.52258,60.4850,-0.348713E-01
2.52319,60.4996,0.528887E-01
2.52380,60.5142,0.427629E-02
2.52441,60.5289,-0.540080E-02
2.52502,60.5435,-0.846959E-01
2.52563,60.5581,0.851543E-01
2.52625,60.5728,0.356777E-01
2.52686,60.5874,0.144726
2.52747,60.6020,-0.296926E-01
2.52808,60.6167,-0.932080E-02
2.52869,60.6313,0.238866E-01
2.52930,60.6459,0.796369E-01
2.52991,60.6606,-0.429445E-01
2.53052,60.6752,0.536512E-01
2.53113,60.6899,0.124197E-01
2.53174,60.7045,-0.170469E-01
2.53235,60.7191,-0.505386E-02
2.53296,60.7338,-0.414415E-01
2.53357,60.7484,-0.142283E-01
2.53418,60.7630,-0.310796E-01
2.53479,60.7777,-0.102855E-01
2.53540,60.7923,0.413636E-01
2.53601,60.8069,0.198779E-01
2.53662,60.8216,0.771504E-01
2.53723,60.8362,0.649329E-02
2.53784,60.8508,0.801788E-02
2.53845,60.8655,-0.257323E-01
2.53906,60.8801,-0.799479E-02
2.53967,60.8947,0.690463E-02
2.54028,60.9094,0.226785E-01
2.54089,60.9240,-0.650632E-02
2.54150,60.9386,0.506576E-01
2.54211,60.9533,-0.952091E-02
2.54272,60.9679,-0.130939E-01
2.54333,60.9825,-0.173819E-01
2.54395,60.9972,0.376227E-01
2.54456,61.0118,-0.487447E-01
2.54517,61.0264,0.940316E-01
2.54578,61.0411,0.256604E-01
2.54639,61.0557,-0.102651
2.54700,61.0704,-0.684721E-01
2.54761,61.0850,0.930915E-02
2.54822,61.0996,-0.113145E-01
2.54883,61.1143,0.271208E-01
2.54944,61.1289,0.364301E-01
2.55005,61.1435,-0.534206E-02
2.55066,61.1582,-0.519751E-01
2.55127,61.1728,0.138243
2.55188,61.1874,0.572447E-01
2.55249,61.2021,-0.305706E-01
2.55310,61.2167,0.686604E-02
2.55371,61.2313,0.222861
2.55432,61.2460,0.247069E-01
2.55493,61.2606,0.209044E-01
2.55554,61.2752,0.640780E-01
2.55615,61.2899,0.481639E-02
2.55676,61.3045,-0.821010E-01
2.55737,61.3191,-0.703957E-01
2.55798,61.3338,0.702478E-01
2.55859,61.3484,0.583989E-01
2.55920,61.3630,0.176259E-01
2.55981,61.3777,0.107369
2.56042,61.3923,0.668061E-01
2.56104,61.4069,-0.957539E-01
2.56165,61.4216,0.808576E-01
2.56226,61.4362,-0.156087E-01
2.56287,61.4509,0.349838E-01
2.56348,61.4655,-0.184848E-01
2.56409,61.4801,-0.195374
2.56470,61.4948,-0.700477E-02
2.56531,61.5094,-0.184683E-02
2.56592,61.5240,-0.101760
2.56653,61.5387,0.441379E-01
2.56714,61.5533,0.108837E-01
2.56775,61.5679,0.730553E-01
2.56836,61.5826,0.494287E-02
2.56897,61.5972,-0.265195E-01
2.56958,61.6118,0.574546E-01
2.57019,61.6265,0.280612E-01
2.57080,61.6411,0.181075E-01
2.57141,61.6557,0.118999E-01
2.57202,61.6704,0.152097
2.57263,61.6850,0.253655E-01
2.57324,61.6996,0.742411E-01
2.57385,61.7143,-0.322372E-01
2.57446,61.7289,0.693978E-01
2.57507,61.7435,-0.396393E-02
2.57568,61.7582,-0.346475E-02
2.57629,61.7728,0.521696E-02
2.57690,61.7874,0.242194E-01
2.57751,61.8021,0.115623
2.57812,61.8167,0.646617E-02
2.57874,61.8314,0.474769E-02
2.57935,61.8460,0.660185E-01
2.57996,61.8606,0.542000E-01
2.58057,61.8753,0.613445E-03
2.58118,61.8899,-0.199681
2.58179,61.9045,-0.256183E-02
2.58240,61.9192,-0.119362
2.58301,61.9338,-0.145198E-01
2.58362,61.9484,0.425822E-01
2.58423,61.9631,0.162486
2.58484,61.9777,0.877830E-01
2.58545,61.9923,0.129726E-02
2.58606,62.0070,-0.461164E-02
2.58667,62.0216,-0.652085E-02
2.58728,62.0362,0.843612E-02
2.58789,62.0509,0.116098E-02
2.58850,62.0655,-0.475364E-02
2.58911,62.0801,-0.798293E-03
2.58972,62.0948,0.688072E-01
2.59033,62.1094,-0.144599E-01
2.59094,62.1240,-0.982872E-03
2.59155,62.1387,0.489331E-01
2.59216,62.1533,-0.395887E-01
2.59277,62.1679,0.626597E-02
2.59338,62.1826,0.112721
2.59399,62.1972,0.162838E-02
2.59460,62.2119,-0.146841
2.59521,62.2265,0.209503E-02
2.59583,62.2411,-0.206492E-01
2.59644,62.2558,-0.154104E-02
2.59705,62.2704,0.257393
2.59766,62.2850,0.878586E-02
2.59827,62.2997,-0.353647E-01
2.59888,62.3143,0.132091E-01
2.59949,62.3289,0.258524E-01
2.60010,62.3436,0.811113E-01
2.60071,62.3582,0.154966E-02
2.60132,62.3728,0.163353
2.60193,62.3875,0.201393
2.60254,62.4021,-0.661746E-01
2.60315,62.4167,0.960023E-02
2.60376,62.4314,0.520805E-03
2.60437,62.4460,0.201854E-01
2.60498,62.4606,-0.107245E-01
2.60559,62.4753,-0.110797E-01
2.60620,62.4899,-0.639676E-02
2.60681,62.5045,0.342704E-01
2.60742,62.5192,-0.156434E-01
2.60803,62.5338,0.278903E-01
2.60864,62.5485,0.187305
2.60925,62.5631,0.688342E-02
2.60986,62.5777,-0.186040E-01
2.61047,62.5924,0.464418E-01
2.61108,62.6070,0.692053E-03
2.61169,62.6216,-0.323260E-02
2.61230,62.6363,-0.315359E-01
2.61292,62.6509,-0.213017E-01
2.61353,62.6655,-0.639607E-01
2.61414,62.6802,0.900551E-01
2.61475,62.6948,-0.608446E-01
2.61536,62.7094,-0.397921E-01
2.61597,62.7241,-0.277503E-02
2.61658,62.7387,-0.372907E-01
2.61719,62.7533,0.105594E-01
2.61780,62.7680,0.201041E-02
2.61841,62.7826,-0.177771E-02
2.61902,62.7972,0.223230E-02
2.61963,62.8119,-0.782701E-02
2.62024,62.8265,0.282163E-01
2.62085,62.8411,0.313449E-01
2.62146,62.8558,0.646447E-01
2.62207,62.8704,0.405261E-01
2.62268,62.8850,-0.268225E-01
2.62329,62.8997,0.659039E-01
2.62390,62.9143,0.114808
2.62451,62.9290,0.168526E-01
2.62512,62.9436,0.128097E-01
2.62573,62.9582,0.607913E-01
2.62634,62.9729,0.421634E-01
2.62695,62.9875,0.323985E-02
2.62756,63.0021,0.504459E-01
2.62817,63.0168,-0.898804E-02
2.62878,63.0314,0.236831E-01
2.62939,63.0460,0.798280E-01
2.63000,63.0607,-0.483895E-01
2.63062,63.0753,-0.298817E-01
2.63123,63.0899,-0.358016E-01
2.63184,63.1046,0.149722E-01
2.63245,63.1192,0.188591E-01
2.63306,63.1338,-0.153150E-01
2.63367,63.1485,-0.217889E-01
2.63428,63.1631,0.139492
2.63489,63.1777,0.586815E-01
2.63550,63.1924,0.753401E-02
2.63611,63.2070,-0.241232E-01
2.63672,63.2216,-0.597167E-02
2.63733,63.2363,-0.112623E-01
2.63794,63.2509,0.466455E-01
2.63855,63.2655,0.580878E-02
2.63916,63.2802,-0.905162E-01
2.63977,63.2948,0.762541E-02
2.64038,63.3095,-0.129340
2.64099,63.3241,-0.925660E-01
2.64160,63.3387,-0.111985E-01
2.64221,63.3534,-0.458001E-01
2.64282,63.3680,-0.677017E-02
2.64343,63.3826,-0.275553E-01
2.64404,63.3973,-0.221257E-01
2.64465,63.4119,-0.320578E-01
2.64526,63.4265,0.760143E-01
2.64587,63.4412,0.624832E-02
2.64648,63.4558,-0.272448E-01
2.64709,63.4704,0.822214E-01
2.64771,63.4851,-0.242918E-01
2.64832,63.4997,0.190105E-01
2.64893,63.5143,-0.121971E-01
2.64954,63.5290,0.123941
2.65015,63.5436,0.405836E-01
2.65076,63.5582,0.899343E-01
2.65137,63.5729,0.792288E-02
2.65198,63.5875,0.553816E-02
2.65259,63.6021,-0.269945E-01
2.65320,63.6168,-0.524012E-01
2.65381,63.6314,-0.110681
2.65442,63.6460,0.410955E-01
2.65503,63.6607,0.235512E-02
2.65564,63.6753,-0.449569E-02
2.65625,63.6900,0.202997E-01
2.65686,63.7046,-0.282355E-01
2.65747,63.7192,-0.840230E-01
2.65808,63.7339,0.911551E-02
2.65869,63.7485,-0.948827E-02
2.65930,63.7631,0.423946E-01
2.65991,63.7778,-0.176731E-01
2.66052,63.7924,0.466267E-01
2.66113,63.8070,-0.786713E-01
2.66174,63.8217,-0.611369E-01
2.66235,63.8363,-0.852922E-02
2.66296,63.8509,-0.276368E-01
2.66357,63.8656,-0.213144E-02
2.66418,63.8802,0.438653E-02
2.66479,63.8948,-0.172602E-01
2.66541,63.9095,-0.488605E-02
2.66602,63.9241,-0.102812E-01
2.66663,63.9387,0.127685
2.66724,63.9534,0.369895E-01
2.66785,63.9680,-0.146676E-01
2.66846,63.9826,0.401672E-01
2.66907,63.9973,0.371312E-02
2.66968,64.0119,0.188372
2.67029,64.0265,0.414035E-01
2.67090,64.0412,0.126236
2.67151,64.0558,0.426984E-01
2.67212,64.0705,0.446416E-01
2.67273,64.0851,-0.126373E-01
2.67334,64.0997,0.455888E-02
2.67395,64.1144,0.431979E-01
2.67456,64.1290,0.571337E-01
2.67517,64.1436,0.376907E-01
2.67578,64.1583,-0.109193E-01
2.67639,64.1729,0.211085E-01
2.67700,64.1875,-0.506526E-03
2.67761,64.2022,0.324575E-01
2.67822,64.2168,-0.360494E-01
2.67883,64.2314,0.653265E-02
2.67944,64.2461,-0.519142E-01
2.68005,64.2607,-0.163331E-01
2.68066,64.2753,-0.514135E-01
2.68127,64.2900,0.421600E-01
2.68188,64.3046,0.150902E-01
2.68250,64.3192,-0.916727E-01
2.68311,64.3339,0.407279E-01
2.68372,64.3485,0.443311E-01
2.68433,64.3631,0.421771E-01
2.68494,64.3778,0.389217E-01
2.68555,64.3924,-0.236704E-01
2.68616,64.4070,0.969020E-02
2.68677,64.4217,0.299332E-01
2.68738,64.4363,-0.364392E-01
2.68799,64.4510,-0.429924E-02
2.68860,64.4656,0.154320E-01
2.68921,64.4802,0.123588
2.68982,64.4949,-0.131452E-01
2.69043,64.5095,-0.848664E-02
2.69104,64.5241,0.388000E-01
2.69165,64.5388,-0.145948E-01
2.69226,64.5534,0.108660
2.69287,64.5680,0.334179E-01
2.69348,64.5827,0.153252E-02
2.69409,64.5973,0.273709E-01
2.69470,64.6119,-0.397749E-02
2.69531,64.6266,-0.140038E-01
2.69592,64.6412,-0.280321E-01
2.69653,64.6558,0.998138E-02
2.69714,64.6705,-0.100651
2.69775,64.6851,0.258499E-02
2.69836,64.6997,-0.245123E-01
2.69897,64.7144,0.116999
2.69958,64.7290,0.420950E-02
2.70020,64.7436,0.698588E-01
2.70081,64.7583,-0.410714E-01
2.70142,64.7729,0.106550E-01
2.70203,64.7876,-0.602178E-01
2.70264,64.8022,0.805694E-01
2.70325,64.8168,0.672131E-01
2.70386,64.8315,0.126322E-01
2.70447,64.8461,-0.332914E-01
2.70508,64.8607,0.911450E-02
2.70569,64.8754,-0.402050E-01
2.70630,64.8900,-0.204476E-01
2.70691,64.9046,-0.222806E-02
2.70752,64.9193,-0.917303E-02
2.70813,64.9339,0.810748E-02
2.70874,64.9485,0.897802E-01
2.70935,64.9632,-0.119429
2.70996,64.9778,-0.325667E-01
2.71057,64.9924,-0.133629E-01
2.71118,65.0071,0.456920E-02
2.71179,65.0217,-0.356083E-01
2.71240,65.0363,-0.159952E-03
2.71301,65.0510,-0.595825E-02
2.71362,65.0656,0.195619E-01
2.71423,65.0802,-0.553185E-01
2.71484,65.0949,-0.215173E-01
2.71545,65.1095,-0.229077E-01
2.71606,65.1241,0.101362E-01
2.71667,65.1388,-0.406094E-02
2.71729,65.1534,0.655304E-02
2.71790,65.1681,0.251173E-01
2.71851,65.1827,-0.120061E-01
2.71912,65.1973,0.176153E-01
2.71973,65.2120,0.279585E-01
2.72034,65.2266,0.401407E-02
2.72095,65.2412,-0.118737E-01
2.72156,65.2559,-0.190907E-01
2.72217,65.2705,0.102848E-01
2.72278,65.2851,-0.179102E-01
2.72339,65.2998,-0.192028E-01
2.72400,65.3144,0.705848E-01
2.72461,65.3290,0.911633E-03
2.72522,65.3437,0.568608E-01
2.72583,65.3583,-0.933458E-01
2.72644,65.3729,0.152257E-02
2.72705,65.3876,-0.330894E-01
2.72766,65.4022,-0.147096E-02
2.72827,65.4168,0.564548E-01
2.72888,65.4315,0.293999E-01
2.72949,65.4461,0.137437E-01
2.73010,65.4607,0.718274E-01
2.73071,65.4754,0.184794
2.73132,65.4900,0.110627E-01
2.73193,65.5046,0.433791E-01
2.73254,65.5193,0.832142E-01
2.73315,65.5339,-0.688675E-02
2.73376,65.5486,0.109957
2.73438,65.5632,0.121111
2.73499,65.5778,0.676145E-02
2.73560,65.5925,0.250617E-01
2.73621,65.6071,0.709492E-01
2.73682,65.6217,0.164380E-01
2.73743,65.6364,0.201045E-01
2.73804,65.6510,-0.568603E-02
2.73865,65.6656,0.315073E-01
2.73926,65.6803,0.461769E-01
2.73987,65.6949,0.412090E-01
2.74048,65.7095,-0.488392E-01
2.74109,65.7242,0.916518E-01
2.74170,65.7388,-0.850713E-01
2.74231,65.7534,0.526281E-01
2.74292,65.7681,-0.459450E-01
2.74353,65.7827,-0.147226E-01
2.74414,65.7973,-0.591929E-01
2.74475,65.8120,-0.420523E-01
2.74536,65.8266,0.115104E-01
2.74597,65.8412,-0.644434E-02
2.74658,65.8559,0.410848E-01
2.74719,65.8705,0.371471E-01
2.74780,65.8851,-0.454603E-02
2.74841,65.8998,0.107431
2.74902,65.9144,0.640724E-01
2.74963,65.9291,-0.459688E-02
2.75024,65.9437,-0.639546E-02
2.75085,65.9583,-0.676988E-01
2.75146,65.9730,-0.354750E-01
2.75208,65.9876,-0.849404E-02
2.75269,66.0022,0.712086E-02
2.75330,66.0169,-0.100691E-01
2.75391,66.0315,-0.336549E-01
2.75452,66.0461,-0.599820E-01
2.75513,66.0608,-0.131400E-01
2.75574,66.0754,-0.490753E-01
2.75635,66.0900,0.208680E-01
2.75696,66.1047,-0.577954E-01
2.75757,66.1193,-0.926784E-02
2.75818,66.1339,0.455889E-01
2.75879,66.1486,-0.398923E-01
2.75940,66.1632,-0.160060E-01
2.76001,66.1778,0.471952E-01
2.76062,66.1925,-0.960144E-01
2.76123,66.2071,0.178322
2.76184,66.2217,-0.466004E-01
2.76245,66.2364,0.940573E-01
2.76306,66.2510,-0.125112E-01
2.76367,66.2656,-0.301479E-01
2.76428,66.2803,-0.129361E-01
2.76489,66.2949,0.728865E-02
2.76550,66.3096,0.113452
2.76611,66.3242,0.118196E-01
2.76672,66.3388,-0.236441E-01
2.76733,66.3535,0.125552
2.76794,66.3681,-0.263359E-02
2.76855,66.3827,0.352297E-01
2.76917,66.3974,-0.430546E-02
2.76978,66.4120,0.519035E-01
2.77039,66.4266,0.122180E-01
2.77100,66.4413,-0.482755E-01
2.77161,66.4559,-0.502191E-01
2.77222,66.4705,0.448774E-01
2.77283,66.4852,-0.184041E-01
2.77344,66.4998,-0.200097E-01
2.77405,66.5144,0.520124E-01
2.77466,66.5291,-0.204834E-01
2.77527,66.5437,-0.857264E-01
2.77588,66.5583,-0.265606E-01
2.77649,66.5730,0.708327E-01
2.77710,66.5876,0.119823
2.77771,66.6022,-0.519122E-01
2.77832,66.6169,-0.280481E-02
2.77893,66.6315,-0.134006E-01
2.77954,66.6461,0.390235E-02
2.78015,66.6608,0.229014E-01
2.78076,66.6754,0.162789E-02
2.78137,66.6901,0.656016E-01
2.78198,66.7047,0.119624
2.78259,66.7193,-0.226461E-02
2.78320,66.7340,0.880130E-01
2.78381,66.7486,-0.107075
2.78442,66.7632,0.950194E-01
2.78503,66.7779,0.461780E-01
2.78564,66.7925,0.515060E-02
2.78625,66.8071,0.402700E-01
2.78687,66.8218,-0.135170E-01
2.78748,66.8364,0.870837E-02
2.78809,66.8510,0.680837E-01
2.78870,66.8657,-0.117781E-01
2.78931,66.8803,0.621759E-01
2.78992,66.8949,-0.754882E-02
2.79053,66.9096,0.730146E-01
2.79114,66.9242,0.705799E-01
2.79175,66.9388,0.926901E-01
2.79236,66.9535,0.213285E-02
2.79297,66.9681,-0.120484
2.79358,66.9827,0.226115E-01
2.79419,66.9974,0.166897E-01
2.79480,67.0120,-0.331860E-01
2.79541,67.0267,0.963710E-02
2.79602,67.0413,0.307131E-02
2.79663,67.0559,-0.104541E-01
2.79724,67.0706,0.184402E-01
2.79785,67.0852,-0.884190E-01
2.79846,67.0998,-0.174210E-01
2.79907,67.1145,0.520284E-01
2.79968,67.1291,-0.244418E-01
2.80029,67.1437,-0.199195E-01
2.80090,67.1584,0.151827E-01
2.80151,67.1730,0.127187E-01
2.80212,67.1876,0.482656E-01
2.80273,67.2023,-0.575703E-03
2.80334,67.2169,-0.164882E-01
2.80396,67.2315,0.591199E-02
2.80457,67.2462,-0.658948E-02
2.80518,67.2608,0.234859E-01
2.80579,67.2754,-0.227164E-01
2.80640,67.2901,0.569322E-01
2.80701,67.3047,0.387215E-01
2.80762,67.3193,0.761073E-02
2.80823,67.3340,0.646548E-01
2.80884,67.3486,0.505786E-01
2.80945,67.3632,0.498577E-01
2.81006,67.3779,0.842324E-01
2.81067,67.3925,0.231832E-02
2.81128,67.4072,0.259887E-02
2.81189,67.4218,-0.162697E-01
2.81250,67.4364,0.395642E-01
2.81311,67.4511,-0.393662E-01
2.81372,67.4657,0.495308E-01
2.81433,67.4803,0.161044E-01
2.81494,67.4950,0.164784
2.81555,67.5096,-0.153536E-01
2.81616,67.5242,-0.914223E-02
2.81677,67.5389,-0.198973E-01
2.81738,67.5535,-0.815514E-02
2.81799,67.5681,-0.395855E-01
2.81860,67.5828,0.423402E-01
2.81921,67.5974,0.447852E-01
2.81982,67.6120,-0.374260E-01
2.82043,67.6267,0.256234E-01
2.82104,67.6413,0.114330E-01
2.82166,67.6559,-0.174983E-01
2.82227,67.6706,0.224035E-01
2.82288,67.6852,0.552213E-01
2.82349,67.6998,0.505146E-01
2.82410,67.7145,0.171386E-01
2.82471,67.7291,-0.235319E-02
2.82532,67.7437,-0.345551E-01
2.82593,67.7584,0.219602E-02
2.82654,67.7730,0.216224E-01
2.82715,67.7877,-0.110836
2.82776,67.8023,0.323408E-01
2.82837,67.8169,-0.108754
2.82898,67.8316,-0.187709E-01
2.82959,67.8462,0.108695E-02
2.83020,67.8608,-0.308578E-01
2.83081,67.8755,0.376324E-01
2.83142,67.8901,-0.112084
2.83203,67.9047,-0.123927E-01
2.83264,67.9194,-0.205722E-02
2.83325,67.9340,-0.105365E-01
2.83386,67.9486,0.928669E-01
2.83447,67.9633,0.323133E-01
2.83508,67.9779,-0.821997E-02
2.83569,67.9925,0.158112E-01
2.83630,68.0072,0.696375E-01
2.83691,68.0218,-0.632000E-01
2.83752,68.0364,-0.187049E-02
2.83813,68.0511,-0.670182E-02
2.83875,68.0657,0.984204E-02
2.83936,68.0803,0.166514E-01
2.83997,68.0950,-0.380318E-01
2.84058,68.1096,0.218451E-01
2.84119,68.1242,-0.255630E-01
2.84180,68.1389,0.162068E-01
2.84241,68.1535,-0.387439E-01
2.84302,68.1682,-0.233338E-01
2.84363,68.1828,-0.168774E-02
2.84424,68.1974,-0.572602E-01
2.84485,68.2121,0.504735E-01
2.84546,68.2267,-0.519837E-02
2.84607,68.2413,-0.333377E-01
2.84668,68.2560,-0.133479
2.84729,68.2706,-0.565957E-01
2.84790,68.2852,-0.736344E-01
2.84851,68.2999,-0.972052E-01
2.84912,68.3145,-0.457619E-02
2.84973,68.3291,-0.533767E-01
2.85034,68.3438,0.140756
2.85095,68.3584,0.891485E-01
2.85156,68.3730,-0.477926E-01
2.85217,68.3877,0.131090E-01
2.85278,68.4023,0.782150E-01
2.85339,68.4169,-0.114970E-01
2.85400,68.4316,0.972181E-01
2.85461,68.4462,-0.412976E-01
2.85522,68.4608,0.375194E-01
2.85583,68.4755,0.347705E-01
2.85645,68.4901,0.106827E-01
2.85706,68.5047,0.426703E-02
2.85767,68.5194,-0.554638E-02
2.85828,68.5340,0.148190E-01
2.85889,68.5487,-0.235820E-01
2.85950,68.5633,0.871434E-01
2.86011,68.5779,-0.408491E-01
2.86072,68.5926,-0.444801E-01
2.86133,68.6072,0.139149E-01
2.86194,68.6218,-0.415588E-01
2.86255,68.6365,-0.126530E-01
2.86316,68.6511,0.987523E-02
2.86377,68.6657,0.215265E-01
2.86438,68.6804,-0.150840E-01
2.86499,68.6950,-0.471217E-01
2.86560,68.7096,0.134066E-02
2.86621,68.7243,-0.111149
2.86682,68.7389,-0.892538E-02
2.86743,68.7535,0.276272E-01
2.86804,68.7682,0.442520E-01
2.86865,68.7828,-0.118711E-01
2.86926,68.7974,0.288864E-02
2.86987,68.8121,-0.585090E-01
2.87048,68.8267,0.272011E-01
2.87109,68.8413,0.519098E-01
2.87170,68.8560,0.194196E-01
2.87231,68.8706,0.685411E-01
2.87292,68.8852,-0.156032E-01
2.87354,68.8999,-0.325871E-02
2.87415,68.9145,-0.488585E-02
2.87476,68.9292,-0.292746E-01
2.87537,68.9438,-0.839702E-02
2.87598,68.9584,0.885060E-01
2.87659,68.9731,-0.103301E-01
2.87720,68.9877,-0.304802E-02
2.87781,69.0023,0.199125E-01
2.87842,69.0170,0.511829E-02
2.87903,69.0316,-0.906897E-01
2.87964,69.0462,0.188034
2.88025,69.0609,-0.713245E-02
2.88086,69.0755,0.291352E-02
2.88147,69.0901,0.174660
2.88208,69.1048,-0.262116E-01
2.88269,69.1194,-0.370249E-01
2.88330,69.1340,-0.690555E-02
2.88391,69.1487,-0.770874E-03
2.88452,69.1633,0.338733E-01
2.88513,69.1779,0.172751E-01
2.88574,69.1926,0.639167E-01
2.88635,69.2072,-0.605471E-02
2.88696,69.2218,-0.128993E-01
2.88757,69.2365,0.505423E-02
2.88818,69.2511,-0.259360E-01
2.88879,69.2658,-0.724381E-01
2.88940,69.2804,-0.240333E-01
2.89001,69.2950,0.234919E-01
2.89062,69.3097,0.534101E-01
2.89124,69.3243,-0.467637E-01
2.89185,69.3389,-0.801576E-02
2.89246,69.3536,-0.103413E-01
2.89307,69.3682,-0.421428E-01
2.89368,69.3828,-0.880861E-02
2.89429,69.3975,-0.307760E-01
2.89490,69.4121,0.197370E-01
2.89551,69.4267,-0.512970E-02
2.89612,69.4414,0.176250E-01
2.89673,69.4560,-0.210117E-02
2.89734,69.4706,0.476552E-01
2.89795,69.4853,-0.475414E-02
2.89856,69.4999,0.887272E-01
2.89917,69.5145,-0.124406E-01
2.89978,69.5292,-0.103807E-01
2.90039,69.5438,-0.598825E-01
2.90100,69.5584,-0.403005E-01
2.90161,69.5731,0.167529E-01
2.90222,69.5877,-0.127712E-01
2.90283,69.6023,-0.186495E-01
2.90344,69.6170,-0.530545E-01
2.90405,69.6316,0.117463E-01
2.90466,69.6463,0.174954E-01
2.90527,69.6609,-0.226975E-01
2.90588,69.6755,-0.227457E-01
2.90649,69.6902,-0.650398E-02
2.90710,69.7048,0.460796E-02
2.90771,69.7194,-0.593530E-02
2.90833,69.7341,0.817047E-01
2.90894,69.7487,0.156169E-01
2.90955,69.7633,0.738703E-01
2.91016,69.7780,0.689342E-01
2.91077,69.7926,-0.383826E-01
2.91138,69.8072,-0.128889E-01
2.91199,69.8219,-0.430200E-01
2.91260,69.8365,0.340754E-01
2.91321,69.8511,0.257069E-01
2.91382,69.8658,-0.368403E-01
2.91443,69.8804,-0.869487E-02
2.91504,69.8950,-0.469845E-01
2.91565,69.9097,-0.390030E-01
2.91626,69.9243,-0.910521E-01
2.91687,69.9389,-0.197915E-02
2.91748,69.9536,0.298518E-01
2.91809,69.9682,0.179113E-01
2.91870,69.9828,0.405736E-01
2.91931,69.9975,-0.103683E-01
2.91992,70.0121,-0.109592
2.92053,70.0268,-0.226773E-01
2.92114,70.0414,-0.295048E-01
2.92175,70.0560,0.265957E-01
2.92236,70.0707,-0.625827E-02
2.92297,70.0853,-0.408178E-01
2.92358,70.0999,-0.310059E-01
2.92419,70.1146,-0.323209E-01
2.92480,70.1292,-0.560649E-02
2.92542,70.1438,0.721103E-01
2.92603,70.1585,-0.475513E-01
2.92664,70.1731,-0.852547E-02
2.92725,70.1877,-0.575937E-01
2.92786,70.2024,-0.117108E-01
2.92847,70.2170,0.142802E-01
2.92908,70.2316,-0.308208E-01
2.92969,70.2463,-0.146169E-01
2.93030,70.2609,-0.633948E-02
2.93091,70.2755,0.190023E-01
2.93152,70.2902,0.119958E-01
2.93213,70.3048,0.575631E-03
2.93274,70.3194,-0.362825E-01
2.93335,70.3341,0.367303E-01
2.93396,70.3487,0.110369E-01
2.93457,70.3633,0.207289E-01
2.93518,70.3780,0.736996E-02
2.93579,70.3926,-0.330003E-01
2.93640,70.4073,-0.512344E-01
2.93701,70.4219,-0.787730E-03
2.93762,70.4365,-0.478511E-01
2.93823,70.4512,-0.144601
2.93884,70.4658,0.593494E-01
2.93945,70.4804,-0.115199
2.94006,70.4951,-0.424871E-01
2.94067,70.5097,0.112121
2.94128,70.5243,-0.165029E-01
2.94189,70.5390,0.541406E-02
2.94250,70.5536,0.130009E-01
2.94312,70.5682,-0.185571E-01
2.94373,70.5829,-0.690553E-01
2.94434,70.5975,0.249900E-01
2.94495,70.6121,-0.554861E-01
2.94556,70.6268,0.834638E-01
2.94617,70.6414,-0.423934E-01
2.94678,70.6560,0.128401E-01
2.94739,70.6707,0.410025E-01
2.94800,70.6853,0.423817E-01
2.94861,70.6999,0.312460E-01
2.94922,70.7146,0.285702E-02
2.94983,70.7292,0.444277E-01
2.95044,70.7438,0.128590
2.95105,70.7585,0.555683E-01
2.95166,70.7731,0.245284
2.95227,70.7878,0.133590E-01
2.95288,70.8024,-0.997380E-02
2.95349,70.8170,-0.472214E-01
2.95410,70.8317,0.801139E-01
2.95471,70.8463,0.264261E-01
2.95532,70.8609,-0.438214E-01
2.95593,70.8756,0.509105E-01
2.95654,70.8902,0.391916E-01
2.95715,70.9048,0.225438E-01
2.95776,70.9195,0.257153E-02
2.95837,70.9341,0.296950E-01
2.95898,70.9487,0.407437E-01
2.95959,70.9634,0.446739E-02
2.96021,70.9780,-0.407947E-01
2.96082,70.9926,0.107889
2.96143,71.0073,-0.326413E-01
2.96204,71.0219,0.369320E-02
2.96265,71.0365,0.111366E-02
2.96326,71.0512,-0.308110E-01
2.96387,71.0658,0.366128E-01
2.96448,71.0804,0.788833E-02
2.96509,71.0951,-0.269599E-01
2.96570,71.1097,0.214654
2.96631,71.1243,-0.601647E-01
2.96692,71.1390,0.739965E-02
2.96753,71.1536,-0.867121E-03
2.96814,71.1683,0.234422E-02
2.96875,71.1829,-0.366798E-01
2.96936,71.1975,-0.299988E-01
2.96997,71.2122,0.320109E-01
2.97058,71.2268,-0.232327E-01
2.97119,71.2414,0.524968E-01
2.97180,71.2561,0.103082E-01
2.97241,71.2707,-0.572419E-01
2.97302,71.2853,0.749610E-02
2.97363,71.3000,0.477588E-01
2.97424,71.3146,-0.350676E-01
2.97485,71.3292,0.184434E-02
2.97546,71.3439,0.111232E-01
2.97607,71.3585,0.108712
2.97668,71.3731,-0.106733
2.97729,71.3878,-0.159142
2.97791,71.4024,-0.923453E-02
2.97852,71.4170,-0.189110E-01
2.97913,71.4317,-0.205208E-01
2.97974,71.4463,-0.795787E-01
2.98035,71.4609,0.343662E-01
2.98096,71.4756,0.590539E-01
2.98157,71.4902,-0.453419E-02
2.98218,71.5048,0.143564E-01
2.98279,71.5195,0.298906E-01
2.98340,71.5341,0.371550E-01
2.98401,71.5488,-0.195422E-01
2.98462,71.5634,-0.237326E-01
2.98523,71.5780,-0.363858E-01
2.98584,71.5927,-0.110659E-01
2.98645,71.6073,0.696206E-02
2.98706,71.6219,0.278312E-01
2.98767,71.6366,-0.238491E-01
2.98828,71.6512,0.551431E-02
2.98889,71.6658,-0.678227E-02
2.98950,71.6805,-0.180678E-01
2.99011,71.6951,-0.360038E-01
2.99072,71.7097,0.374319E-01
2.99133,71.7244,-0.365012E-02
2.99194,71.7390,0.502164E-02
2.99255,71.7536,0.106470
2.99316,71.7683,-0.245118E-01
2.99377,71.7829,-0.639625E-01
2.99438,71.7975,-0.165825
2.99500,71.8122,-0.133377
2.99561,71.8268,-0.214535E-01
2.99622,71.8414,0.382517E-01
2.99683,71.8561,0.271996E-01
2.99744,71.8707,-0.744642E-01
2.99805,71.8854,0.459109E-01
2.99866,71.9000,0.914709E-01
2.99927,71.9146,0.259655E-01
2.99988,71.9293,0.345406E-02
3.00049,71.9439,0.263250
3.00110,71.9585,0.177620E-01
3.00171,71.9732,0.237363E-01
3.00232,71.9878,0.335671E-01
3.00293,72.0024,0.800435E-01
3.00354,72.0171,0.194430E-01
3.00415,72.0317,0.688510E-01
3.00476,72.0463,0.429257E-01
3.00537,72.0610,0.147348E-01
3.00598,72.0756,0.216134E-01
3.00659,72.0902,-0.610808E-02
3.00720,72.1049,0.630220E-01
3.00781,72.1195,0.275176E-01
3.00842,72.1341,0.317878E-01
3.00903,72.1488,0.255880E-01
3.00964,72.1634,-0.639332E-01
3.01025,72.1780,0.117163
3.01086,72.1927,-0.505090E-01
3.01147,72.2073,0.797007E-01
3.01208,72.2219,0.216354
3.01270,72.2366,0.570578E-01
3.01331,72.2512,-0.794246E-02
3.01392,72.2659,-0.251902E-01
3.01453,72.2805,0.425003E-02
3.01514,72.2951,0.741539E-01
3.01575,72.3098,0.595401E-01
3.01636,72.3244,0.134456
3.01697,72.3390,-0.112375E-01
3.01758,72.3537,-0.113820E-01
3.01819,72.3683,-0.443386E-01
3.01880,72.3829,0.122027E-02
3.01941,72.3976,0.242107E-01
3.02002,72.4122,0.906439E-01
3.02063,72.4268,-0.949213E-01
3.02124,72.4415,0.310205E-01
3.02185,72.4561,-0.141922E-01
3.02246,72.4707,0.736937E-01
3.02307,72.4854,0.608881E-02
3.02368,72.5000,0.136107E-01
3.02429,72.5146,-0.221206E-01
3.02490,72.5293,0.573833E-01
3.02551,72.5439,0.523663E-01
3.02612,72.5585,0.374071E-01
3.02673,72.5732,-0.617656E-02
3.02734,72.5878,-0.909572E-02
3.02795,72.6024,-0.202575E-01
3.02856,72.6171,-0.170192E-01
3.02917,72.6317,0.194984E-01
3.02979,72.6464,-0.110399E-01
3.03040,72.6610,-0.459439E-01
3.03101,72.6756,-0.725215E-02
3.03162,72.6903,-0.843635E-01
3.03223,72.7049,-0.250142E-01
3.03284,72.7195,-0.728036E-01
3.03345,72.7342,0.427686E-01
3.03406,72.7488,-0.395759E-01
3.03467,72.7634,-0.723011E-01
3.03528,72.7781,0.658748E-01
3.03589,72.7927,0.203067E-01
3.03650,72.8073,0.444702E-01
3.03711,72.8220,0.958215E-02
3.03772,72.8366,-0.960511E-03
3.03833,72.8512,0.219207E-01
3.03894,72.8659,0.107220E-01
3.03955,72.8805,0.189759E-01
3.04016,72.8951,0.141585E-01
3.04077,72.9098,-0.842747E-02
3.04138,72.9244,-0.266573E-01
3.04199,72.9390,0.280830E-01
3.04260,72.9537,0.201981E-01
3.04321,72.9683,0.397727E-01
3.04382,72.9829,-0.368372E-01
3.04443,72.9976,-0.250702E-01
3.04504,73.0122,-0.568320E-01
3.04565,73.0269,0.657412E-01
3.04626,73.0415,0.491698E-02
3.04688,73.0561,0.268028E-01
3.04749,73.0708,-0.920177E-01
3.04810,73.0854,0.607188E-01
3.04871,73.1000,0.171642
3.04932,73.1147,-0.319884E-02
3.04993,73.1293,0.111804
3.05054,73.1439,-0.257709E-01
3.05115,73.1586,0.501507E-01
3.05176,73.1732,0.327989E-01
3.05237,73.1878,0.108676E-01
3.05298,73.2025,-0.101118E-01
3.05359,73.2171,0.364885E-02
3.05420,73.2317,0.132681E-01
3.05481,73.2464,0.135292
3.05542,73.2610,0.439279E-01
3.05603,73.2756,-0.237670E-01
3.05664,73.2903,-0.892995E-01
3.05725,73.3049,0.100298E-01
3.05786,73.3195,-0.109046
3.05847,73.3342,0.279395E-03
3.05908,73.3488,0.275279E-01
3.05969,73.3634,-0.229626E-01
3.06030,73.3781,-0.212925E-01
3.06091,73.3927,-0.195168E-01
3.06152,73.4074,0.193413E-01
3.06213,73.4220,-0.359776E-01
3.06274,73.4366,-0.267014E-01
3.06335,73.4513,-0.253364E-01
3.06396,73.4659,0.299603E-02
3.06458,73.4805,0.773815E-01
3.06519,73.4952,-0.101238
3.06580,73.5098,-0.104116E-01
3.06641,73.5244,0.429256E-01
3.06702,73.5391,-0.509772E-02
3.06763,73.5537,0.688677E-01
3.06824,73.5683,-0.367460E-02
3.06885,73.5830,-0.103025
3.06946,73.5976,0.860655E-01
3.07007,73.6122,0.104509
3.07068,73.6269,-0.139030E-01
3.07129,73.6415,0.144733E-01
3.07190,73.6561,0.456255E-01
3.07251,73.6708,-0.996177E-04
3.07312,73.6854,0.148557E-01
3.07373,73.7000,-0.685096E-02
3.07434,73.7147,0.298491E-03
3.07495,73.7293,-0.581979E-01
3.07556,73.7439,-0.349855E-01
3.07617,73.7586,0.209544E-01
3.07678,73.7732,0.407437E-03
3.07739,73.7879,0.306887E-01
3.07800,73.8025,0.393617E-02
3.07861,73.8171,0.193811E-02
3.07922,73.8318,0.372238E-02
3.07983,73.8464,0.123345
3.08044,73.8610,0.350008E-01
3.08105,73.8757,-0.388099E-01
3.08167,73.8903,0.702784E-01
3.08228,73.9049,-0.820867E-01
3.08289,73.9196,-0.522194E-01
3.08350,73.9342,0.355392E-01
3.08411,73.9488,-0.558717E-02
3.08472,73.9635,-0.292312E-01
3.08533,73.9781,0.378521E-03
3.08594,73.9927,0.948740E-01
3.08655,74.0074,-0.277553E-01
3.08716,74.0220,-0.111736
3.08777,74.0366,-0.610488E-02
3.08838,74.0513,-0.172223E-01
3.08899,74.0659,0.624036E-01
3.08960,74.0805,0.252341E-01
3.09021,74.0952,0.707382E-01
3.09082,74.1098,0.378073E-01
3.09143,74.1245,0.222910E-01
3.09204,74.1391,-0.620144E-01
3.09265,74.1537,0.851799E-01
3.09326,74.1684,-0.112741E-01
3.09387,74.1830,0.555631E-02
3.09448,74.1976,0.176921E-01
3.09509,74.2123,0.233303E-01
3.09570,74.2269,0.370116E-01
3.09631,74.2415,0.221391
3.09692,74.2562,0.356165E-02
3.09753,74.2708,0.120098E-02
3.09814,74.2854,-0.159769E-01
3.09875,74.3001,0.117907
3.09937,74.3147,-0.504699E-02
3.09998,74.3293,0.212806E-01
3.10059,74.3440,-0.680081E-01
3.10120,74.3586,0.745479E-02
3.10181,74.3732,0.470621E-02
3.10242,74.3879,-0.146619E-01
3.10303,74.4025,0.391085E-01
3.10364,74.4171,-0.147430E-01
3.10425,74.4318,0.392151E-01
3.10486,74.4464,0.273731E-01
3.10547,74.4610,-0.220070E-01
3.10608,74.4757,-0.605698E-03
3.10669,74.4903,0.219269E-01
3.10730,74.5050,-0.301831E-01
3.10791,74.5196,-0.771112E-02
3.10852,74.5342,-0.946426E-03
3.10913,74.5489,0.117776
3.10974,74.5635,-0.652144E-01
3.11035,74.5781,0.219314E-01
3.11096,74.5928,0.132766
3.11157,74.6074,0.716730E-01
3.11218,74.6220,0.525908E-02
3.11279,74.6367,-0.537376E-03
3.11340,74.6513,-0.909313E-01
3.11401,74.6659,0.244110E-01
3.11462,74.6806,-0.317083E-02
3.11523,74.6952,-0.475401E-01
3.11584,74.7098,0.113801
3.11646,74.7245,-0.154687E-01
3.11707,74.7391,-0.645844E-02
3.11768,74.7537,-0.118525E-01
3.11829,74.7684,0.208271E-01
3.11890,74.7830,0.388167E-02
3.11951,74.7976,-0.137684E-01
3.12012,74.8123,-0.235073E-01
3.12073,74.8269,0.341133E-01
3.12134,74.8415,0.113237E-01
3.12195,74.8562,-0.352012E-03
3.12256,74.8708,0.229422E-01
3.12317,74.8855,0.752735E-01
3.12378,74.9001,-0.402772E-01
3.12439,74.9147,-0.293574E-01
3.12500,74.9294,0.949145E-02
3.12561,74.9440,-0.670925E-01
3.12622,74.9586,-0.184794E-01
3.12683,74.9733,-0.423904E-01
3.12744,74.9879,-0.188639E-01
3.12805,75.0025,0.257412E-01
3.12866,75.0172,0.356581E-01
3.12927,75.0318,-0.209136E-03
3.12988,75.0464,0.165363E-01
3.13049,75.0611,-0.171371E-01
3.13110,75.0757,0.189116E-01
3.13171,75.0903,0.536574E-01
3.13232,75.1050,0.605530E-01
3.13293,75.1196,-0.137946E-01
3.13354,75.1342,0.342339E-02
3.13416,75.1489,0.129865E-01
3.13477,75.1635,0.475703E-02
3.13538,75.1781,0.159987E-01
3.13599,75.1928,-0.145825E-01
3.13660,75.2074,0.756535E-02
3.13721,75.2220,0.401749E-01
3.13782,75.2367,0.676080E-01
3.13843,75.2513,0.112780E-01
3.13904,75.2660,0.506626E-01
3.13965,75.2806,-0.128408E-01
3.14026,75.2952,0.493858E-02
3.14087,75.3099,0.107569
3.14148,75.3245,0.664594E-01
3.14209,75.3391,0.210378E-01
3.14270,75.3538,0.646428E-01
3.14331,75.3684,0.264169E-02
3.14392,75.3830,0.163058E-01
3.14453,75.3977,-0.690016E-01
3.14514,75.4123,0.104892
3.14575,75.4269,-0.731335E-02
3.14636,75.4416,-0.157570E-01
3.14697,75.4562,-0.278215E-01
3.14758,75.4708,0.500725E-01
3.14819,75.4855,0.145954E-01
3.14880,75.5001,0.162111E-01
3.14941,75.5147,-0.924832E-02
3.15002,75.5294,0.156353E-01
3.15063,75.5440,0.216233E-01
3.15125,75.5586,-0.200518E-01
3.15186,75.5733,-0.254986E-02
3.15247,75.5879,0.247321E-01
3.15308,75.6025,-0.241736E-01
3.15369,75.6172,0.308802E-01
3.15430,75.6318,0.169548E-01
3.15491,75.6465,0.639087E-01
3.15552,75.6611,0.192579E-01
3.15613,75.6757,0.449715E-01
3.15674,75.6904,-0.146895E-02
3.15735,75.7050,0.480596E-02
3.15796,75.7196,0.117503E-01
3.15857,75.7343,-0.158722E-01
3.15918,75.7489,-0.245021E-01
3.15979,75.7635,-0.184662E-01
3.16040,75.7782,-0.104797E-01
3.16101,75.7928,-0.137967
3.16162,75.8074,-0.673315E-02
3.16223,75.8221,0.145141E-01
3.16284,75.8367,0.125301
3.16345,75.8513,0.307340E-01
3.16406,75.8660,-0.428333E-01
3.16467,75.8806,0.544730E-01
3.16528,75.8952,-0.547533E-01
3.16589,75.9099,0.404008E-01
3.16650,75.9245,-0.506594E-01
3.16711,75.9391,-0.172936E-01
3.16772,75.9538,-0.497124E-01
3.16833,75.9684,0.218965E-02
3.16895,75.9830,0.847375E-01
3.16956,75.9977,0.384304E-01
3.17017,76.0123,0.571369E-01
3.17078,76.0270,0.279491E-01
3.17139,76.0416,0.125768E-01
3.17200,76.0562,0.181724E-01
3.17261,76.0709,0.546480E-03
3.17322,76.0855,0.127423
3.17383,76.1001,0.316170E-01
3.17444,76.1148,0.467989E-01
3.17505,76.1294,-0.599814E-02
3.17566,76.1440,0.325838E-01
3.17627,76.1587,-0.101021E-02
3.17688,76.1733,0.394509E-01
3.17749,76.1879,0.203668E-01
3.17810,76.2026,0.693537E-01
3.17871,76.2172,-0.132871E-02
3.17932,76.2318,0.399739E-01
3.17993,76.2465,0.265228E-01
3.18054,76.2611,0.146269E-02
3.18115,76.2757,-0.347143E-01
3.18176,76.2904,-0.951568E-02
3.18237,76.3050,0.197359E-01
3.18298,76.3196,0.530039E-01
3.18359,76.3343,0.417060E-01
3.18420,76.3489,-0.104273
3.18481,76.3636,0.127762E-01
3.18542,76.3782,0.953339E-02
3.18604,76.3928,0.266787E-01
3.18665,76.4075,0.201220
3.18726,76.4221,-0.513447E-01
3.18787,76.4367,0.423687E-02
3.18848,76.4514,-0.688869E-02
3.18909,76.4660,-0.761188E-02
3.18970,76.4806,-0.365899E-02
3.19031,76.4953,0.300819E-02
3.19092,76.5099,0.134621E-01
3.19153,76.5245,-0.176837E-01
3.19214,76.5392,-0.116229E-02
3.19275,76.5538,0.277690E-01
3.19336,76.5684,-0.154321E-01
3.19397,76.5831,-0.289360E-02
3.19458,76.5977,-0.828490E-02
3.19519,76.6123,0.307718E-02
3.19580,76.6270,0.442045E-01
3.19641,76.6416,-0.320250E-02
3.19702,76.6562,0.952969E-02
3.19763,76.6709,0.206923E-02
3.19824,76.6855,0.494739E-01
3.19885,76.7001,0.195887E-01
3.19946,76.7148,0.896038E-06
3.20007,76.7294,0.642083E-02
3.20068,76.7441,0.117869
3.20129,76.7587,0.923094E-01
3.20190,76.7733,0.150524E-01
3.20251,76.7880,0.311021E-01
3.20312,76.8026,0.120583
3.20374,76.8172,0.573768E-01
3.20435,76.8319,-0.346848E-01
3.20496,76.8465,0.978506E-02
3.20557,76.8611,0.885550E-02
3.20618,76.8758,0.748024E-02
3.20679,76.8904,-0.455189E-01
3.20740,76.9050,-0.469608E-01
3.20801,76.9197,0.288467E-01
3.20862,76.9343,0.180597E-01
3.20923,76.9489,0.438202E-01
3.20984,76.9636,-0.387462E-01
3.21045,76.9782,-0.114990E-01
3.21106,76.9928,0.395178E-01
3.21167,77.0075,-0.636136E-01
3.21228,77.0221,-0.450300E-01
3.21289,77.0367,-0.488034E-01
3.21350,77.0514,-0.347089E-01
3.21411,77.0660,-0.193940E-01
3.21472,77.0806,0.746849E-01
3.21533,77.0953,0.499415E-01
3.21594,77.1099,-0.154419E-01
3.21655,77.1246,0.193780E-02
3.21716,77.1392,0.255063E-01
3.21777,77.1538,0.195898
3.21838,77.1685,0.954082E-02
3.21899,77.1831,0.870319E-01
3.21960,77.1977,-0.508358E-01
3.22021,77.2124,-0.148856E-01
3.22083,77.2270,-0.461542E-02
3.22144,77.2416,-0.141931
3.22205,77.2563,-0.299985E-03
3.22266,77.2709,0.131125E-01
3.22327,77.2855,0.851321E-01
3.22388,77.3002,0.525508E-01
3.22449,77.3148,0.400994E-01
3.22510,77.3294,0.639552E-01
3.22571,77.3441,-0.464200E-01
3.22632,77.3587,0.118139E-01
3.22693,77.3733,-0.123980E-01
3.22754,77.3880,-0.779889E-02
3.22815,77.4026,0.304960E-01
3.22876,77.4172,-0.593533E-01
3.22937,77.4319,-0.116525E-01
3.22998,77.4465,0.576466E-01
3.23059,77.4611,0.673921E-01
3.23120,77.4758,-0.756085E-02
3.23181,77.4904,-0.324860E-01
3.23242,77.5051,0.769594E-03
3.23303,77.5197,0.277898E-01
3.23364,77.5343,-0.201155E-01
3.23425,77.5490,-0.835840E-01
3.23486,77.5636,-0.976930E-02
3.23547,77.5782,0.921484E-02
3.23608,77.5929,-0.204820E-01
3.23669,77.6075,0.549641E-02
3.23730,77.6221,-0.259629E-01
3.23792,77.6368,-0.239884E-01
3.23853,77.6514,0.285576E-01
3.23914,77.6660,0.417982E-01
3.23975,77.6807,-0.313868E-01
3.24036,77.6953,-0.532401E-02
3.24097,77.7099,-0.280505E-01
3.24158,77.7246,0.912975E-01
3.24219,77.7392,0.184241E-01
3.24280,77.7538,0.704534E-01
3.24341,77.7685,0.339593E-02
3.24402,77.7831,0.632109E-01
3.24463,77.7977,-0.658848E-01
3.24524,77.8124,-0.781599E-01
3.24585,77.8270,0.572661E-01
3.24646,77.8416,0.276921E-01
3.24707,77.8563,0.186081E-01
3.24768,77.8709,0.104661E-01
3.24829,77.8856,0.260981E-01
3.24890,77.9002,-0.581215E-02
3.24951,77.9148,0.483351E-01
3.25012,77.9295,-0.130826E-01
3.25073,77.9441,0.468433E-02
3.25134,77.9587,0.491741E-01
3.25195,77.9734,-0.367580E-01
3.25256,77.9880,-0.480757E-01
3.25317,78.0026,0.600564E-01
3.25378,78.0173,0.605443E-02
3.25439,78.0319,-0.149641E-01
3.25500,78.0465,0.570521E-01
3.25562,78.0612,0.143310
3.25623,78.0758,0.572031E-02
3.25684,78.0904,0.541233E-01
3.25745,78.1051,-0.684204E-01
3.25806,78.1197,-0.627521E-01
3.25867,78.1343,0.812744E-01
3.25928,78.1490,0.925696E-02
3.25989,78.1636,-0.733373E-01
3.26050,78.1782,-0.582717E-01
3.26111,78.1929,0.230313E-01
3.26172,78.2075,-0.683619E-01
3.26233,78.2221,0.118197
3.26294,78.2368,0.275868E-01
3.26355,78.2514,0.188562E-01
3.26416,78.2661,0.604680E-01
3.26477,78.2807,0.134011E-02
3.26538,78.2953,0.455170E-01
3.26599,78.3100,-0.146829E-01
3.26660,78.3246,0.891961E-02
3.26721,78.3392,0.166413E-01
3.26782,78.3539,-0.214449E-01
3.26843,78.3685,-0.292781E-01
3.26904,78.3831,-0.286959E-01
3.26965,78.3978,-0.116187
3.27026,78.4124,-0.927682E-02
3.27087,78.4270,-0.208091E-01
3.27148,78.4417,-0.186787E-01
3.27209,78.4563,0.995876E-01
3.27271,78.4709,0.263664E-01
3.27332,78.4856,-0.907982E-01
3.27393,78.5002,-0.284483E-01
3.27454,78.5148,-0.481339E-01
3.27515,78.5295,0.283331E-01
3.27576,78.5441,-0.103217E-01
3.27637,78.5587,-0.269356E-02
3.27698,78.5734,0.219465E-01
3.27759,78.5880,-0.134609E-01
3.27820,78.6027,0.165133E-01
3.27881,78.6173,-0.936382E-02
3.27942,78.6319,-0.185175E-01
3.28003,78.6466,-0.665332E-01
3.28064,78.6612,-0.698562E-01
3.28125,78.6758,-0.199721E-01
3.28186,78.6905,0.291634E-01
3.28247,78.7051,0.119554E-01
3.28308,78.7197,0.277629E-01
3.28369,78.7344,0.742755E-02
3.28430,78.7490,0.152967
3.28491,78.7636,0.146077E-01
3.28552,78.7783,0.110316E-01
3.28613,78.7929,0.156454E-01
3.28674,78.8075,-0.613897E-02
3.28735,78.8222,0.185966E-01
3.28796,78.8368,0.766462E-01
3.28857,78.8514,0.718340E-01
3.28918,78.8661,0.224641E-01
3.28979,78.8807,0.832537E-01
3.29041,78.8953,0.282479E-01
3.29102,78.9100,0.486689E-01
3.29163,78.9246,0.136530E-01
3.29224,78.9392,0.143393E-01
3.29285,78.9539,0.562013E-01
3.29346,78.9685,0.313856E-01
3.29407,78.9832,-0.601763E-01
3.29468,78.9978,-0.130853
3.29529,79.0124,0.120275E-01
3.29590,79.0271,-0.621580E-02
3.29651,79.0417,-0.157922E-01
3.29712,79.0563,0.503774E-01
3.29773,79.0710,0.263291E-01
3.29834,79.0856,0.345508E-01
3.29895,79.1002,-0.637218E-02
3.29956,79.1149,0.380205E-01
3.30017,79.1295,-0.141839E-01
3.30078,79.1441,0.584867E-02
3.30139,79.1588,0.146499E-01
3.30200,79.1734,-0.369333E-01
3.30261,79.1880,-0.109527
3.30322,79.2027,0.234009E-01
3.30383,79.2173,0.103060
3.30444,79.2319,0.345400E-01
3.30505,79.2466,0.203205E-01
3.30566,79.2612,0.318869E-01
3.30627,79.2758,-0.348105E-01
3.30688,79.2905,0.611630E-01
3.30750,79.3051,-0.249426E-01
3.30811,79.3197,0.304217E-01
3.30872,79.3344,-0.400098E-01
3.30933,79.3490,-0.137947E-01
3.30994,79.3637,-0.713042E-02
3.31055,79.3783,0.226123E-01
3.31116,79.3929,0.332582E-01
3.31177,79.4076,0.158174E-01
3.31238,79.4222,0.517181E-01
3.31299,79.4368,0.118398
3.31360,79.4515,-0.713243E-02
3.31421,79.4661,0.876520E-02
3.31482,79.4807,-0.194375E-01
3.31543,79.4954,0.172884E-01
3.31604,79.5100,0.199043E-01
3.31665,79.5246,-0.317794E-01
3.31726,79.5393,0.473389E-01
3.31787,79.5539,-0.169606E-01
3.31848,79.5685,-0.301001E-01
3.31909,79.5832,-0.845528E-02
3.31970,79.5978,-0.352429E-01
3.32031,79.6124,0.855613E-01
3.32092,79.6271,0.969674E-02
3.32153,79.6417,-0.404405E-01
3.32214,79.6563,0.650933E-02
3.32275,79.6710,0.275041E-02
3.32336,79.6856,0.151423E-01
3.32397,79.7002,-0.181894E-02
3.32458,79.7149,0.770560E-02
3.32520,79.7295,-0.734065E-01
3.32581,79.7442,0.117092E-01
3.32642,79.7588,0.110341
3.32703,79.7734,0.174699
3.32764,79.7881,0.208560E-01
3.32825,79.8027,-0.649149E-01
3.32886,79.8173,-0.663179E-01
3.32947,79.8320,0.194694E-01
3.33008,79.8466,0.143997E-01
3.33069,79.8612,0.700301E-01
3.33130,79.8759,0.588179E-01
3.33191,79.8905,0.650594E-01
3.33252,79.9051,-0.127552E-01
3.33313,79.9198,0.150807E-01
3.33374,79.9344,-0.307077E-01
3.33435,79.9490,0.860692E-02
3.33496,79.9637,0.338523E-01
3.33557,79.9783,-0.340451E-01
3.33618,79.9929,0.532192E-02
3.33679,80.0076,-0.233485E-01
3.33740,80.0222,-0.664624E-02
3.33801,80.0368,-0.129510E-01
3.33862,80.0515,-0.294918E-01
3.33923,80.0661,0.147084E-01
3.33984,80.0807,-0.892857E-01
3.34045,80.0954,-0.192420E-01
3.34106,80.1100,0.318096E-01
3.34167,80.1247,-0.786453E-01
3.34229,80.1393,-0.444113E-01
3.34290,80.1539,-0.335129E-01
3.34351,80.1686,0.215806E-02
3.34412,80.1832,-0.225737E-01
3.34473,80.1978,-0.149278E-01
3.34534,80.2125,0.279701E-01
3.34595,80.2271,-0.326906E-01
3.34656,80.2417,0.219661E-01
3.34717,80.2564,0.634078E-01
3.34778,80.2710,-0.147547E-01
3.34839,80.2856,0.353125E-01
3.34900,80.3003,0.173950E-01
3.34961,80.3149,-0.733844E-01
3.35022,80.3295,-0.396847E-01
3.35083,80.3442,0.382921E-01
3.35144,80.3588,-0.748896E-02
3.35205,80.3734,0.596827E-02
3.35266,80.3881,-0.436976E-01
3.35327,80.4027,0.402019E-01
3.35388,80.4173,-0.682554E-01
3.35449,80.4320,-0.504940E-01
3.35510,80.4466,-0.149792E-01
3.35571,80.4612,0.107506E-01
3.35632,80.4759,0.529341E-01
3.35693,80.4905,0.907167E-01
3.35754,80.5052,-0.152996E-01
3.35815,80.5198,-0.103654E-01
3.35876,80.5344,0.924679E-02
3.35938,80.5491,0.190986E-01
3.35999,80.5637,0.638163E-01
3.36060,80.5783,0.888852E-01
3.36121,80.5930,-0.115727E-01
3.36182,80.6076,-0.649299E-02
3.36243,80.6222,0.285740E-01
3.36304,80.6369,0.902795E-02
3.36365,80.6515,0.458370E-01
3.36426,80.6661,-0.327328E-01
3.36487,80.6808,-0.194918E-01
3.36548,80.6954,0.538698E-01
3.36609,80.7100,-0.423191E-02
3.36670,80.7247,-0.159432E-02
3.36731,80.7393,0.171598E-01
3.36792,80.7539,0.125229E-02
3.36853,80.7686,0.160966E-01
3.36914,80.7832,0.186034E-02
3.36975,80.7978,0.810258E-03
3.37036,80.8125,0.158491E-02
3.37097,80.8271,0.313247E-02
3.37158,80.8418,-0.106390E-01
3.37219,80.8564,0.404233E-01
3.37280,80.8710,0.158185
3.37341,80.8857,0.171597E-01
3.37402,80.9003,-0.152687E-01
3.37463,80.9149,-0.675309E-01
3.37524,80.9296,0.208313E-01
3.37585,80.9442,0.143476E-01
3.37646,80.9588,0.114624E-01
3.37708,80.9735,-0.207452E-02
3.37769,80.9881,0.644697E-01
3.37830,81.0027,0.338312E-01
3.37891,81.0174,-0.706923E-02
3.37952,81.0320,0.206641E-01
3.38013,81.0466,-0.422033E-01
3.38074,81.0613,-0.297472E-01
3.38135,81.0759,-0.731983E-02
3.38196,81.0905,-0.113948
3.38257,81.1052,-0.145908E-01
3.38318,81.1198,-0.269479E-01
3.38379,81.1344,-0.145707E-01
3.38440,81.1491,0.940242E-02
3.38501,81.1637,0.285736E-02
3.38562,81.1783,-0.183657E-01
3.38623,81.1930,-0.123066E-01
3.38684,81.2076,-0.246976E-02
3.38745,81.2223,0.698394E-01
3.38806,81.2369,0.988671E-02
3.38867,81.2515,-0.268507E-01
3.38928,81.2662,-0.869338E-01
3.38989,81.2808,0.598962E-01
3.39050,81.2954,0.122216
3.39111,81.3101,0.246181E-01
3.39172,81.3247,-0.239517E-01
3.39233,81.3393,0.475301E-01
3.39294,81.3540,0.207361E-01
3.39355,81.3686,0.241832E-01
3.39417,81.3832,0.805307E-01
3.39478,81.3979,0.188467
3.39539,81.4125,0.580320E-01
3.39600,81.4271,0.288293E-01
3.39661,81.4418,-0.461584E-01
3.39722,81.4564,-0.311896E-01
3.39783,81.4710,0.228744E-01
3.39844,81.4857,0.519003E-01
3.39905,81.5003,0.111484E-01
3.39966,81.5149,-0.766752E-01
3.40027,81.5296,-0.839113E-02
3.40088,81.5442,-0.222107E-01
3.40149,81.5588,0.449675E-01
3.40210,81.5735,-0.583392E-01
3.40271,81.5881,-0.160911E-01
3.40332,81.6028,0.183702E-01
3.40393,81.6174,-0.198239E-01
3.40454,81.6320,0.585168E-01
3.40515,81.6467,-0.907563E-02
3.40576,81.6613,0.167239E-01
3.40637,81.6759,0.424081E-01
3.40698,81.6906,-0.113264E-02
3.40759,81.7052,0.754780E-03
3.40820,81.7198,0.380566E-02
3.40881,81.7345,-0.532362E-01
3.40942,81.7491,0.116513
3.41003,81.7637,0.351227E-01
3.41064,81.7784,0.550005E-01
3.41125,81.7930,0.494016E-01
3.41187,81.8076,-0.116432E-01
3.41248,81.8223,-0.116655
3.41309,81.8369,0.777100E-03
3.41370,81.8515,-0.887527E-02
3.41431,81.8662,0.878318E-02
3.41492,81.8808,-0.737116E-02
3.41553,81.8954,0.276405E-01
3.41614,81.9101,0.319753E-01
3.41675,81.9247,-0.124131E-01
3.41736,81.9393,0.517777E-01
3.41797,81.9540,0.553285E-02
3.41858,81.9686,-0.586910E-01
3.41919,81.9833,0.879601E-01
3.41980,81.9979,-0.536707E-01
3.42041,82.0125,0.145451E-01
3.42102,82.0272,0.142537
3.42163,82.0418,-0.804170E-02
3.42224,82.0564,0.907609E-04
3.42285,82.0711,-0.462905E-01
3.42346,82.0857,0.157594E-01
3.42407,82.1003,-0.680919E-01
3.42468,82.1150,-0.720139E-02
3.42529,82.1296,-0.303182E-01
3.42590,82.1442,0.160274E-01
3.42651,82.1589,0.556386E-02
3.42712,82.1735,0.520167E-01
3.42773,82.1881,-0.681377E-01
3.42834,82.2028,-0.138264E-01
3.42896,82.2174,0.176196E-01
3.42957,82.2320,0.175438E-02
3.43018,82.2467,0.224224E-01
3.43079,82.2613,0.157488
3.43140,82.2759,0.122484E-01
3.43201,82.2906,-0.211415E-01
3.43262,82.3052,-0.616033E-01
3.43323,82.3198,-0.217501E-01
3.43384,82.3345,0.606144E-01
3.43445,82.3491,-0.418042E-01
3.43506,82.3638,-0.163258E-01
3.43567,82.3784,-0.144385E-01
3.43628,82.3930,0.967111E-02
3.43689,82.4077,-0.257626E-02
3.43750,82.4223,0.404932E-01
3.43811,82.4369,0.721732E-02
3.43872,82.4516,-0.521241E-01
3.43933,82.4662,0.785149E-02
3.43994,82.4808,-0.305444E-01
3.44055,82.4955,-0.186786E-01
3.44116,82.5101,0.240895E-01
3.44177,82.5247,0.322124E-01
3.44238,82.5394,0.174987E-01
3.44299,82.5540,-0.519094E-02
3.44360,82.5686,-0.340495E-02
3.44421,82.5833,0.127486
3.44482,82.5979,-0.682191E-01
3.44543,82.6125,0.253518E-02
3.44604,82.6272,-0.726087E-01
3.44666,82.6418,0.253329E-01
3.44727,82.6564,0.227438E-01
3.44788,82.6711,-0.265562E-03
3.44849,82.6857,-0.382686E-03
3.44910,82.7003,0.668984E-01
3.44971,82.7150,-0.292924E-01
3.45032,82.7296,0.489325E-01
3.45093,82.7443,0.192668E-01
3.45154,82.7589,-0.243708E-01
3.45215,82.7735,0.111178
3.45276,82.7882,-0.308476E-01
3.45337,82.8028,-0.379807E-02
3.45398,82.8174,0.127100E-02
3.45459,82.8321,-0.564646E-02
3.45520,82.8467,0.519649E-01
3.45581,82.8613,0.924023E-02
3.45642,82.8760,-0.538563E-02
3.45703,82.8906,0.331503E-01
3.45764,82.9052,-0.578401E-01
3.45825,82.9199,0.211476E-02
3.45886,82.9345,0.256581E-01
3.45947,82.9491,-0.670719E-02
3.46008,82.9638,0.287858E-01
3.46069,82.9784,0.399401E-02
3.46130,82.9930,0.127036
3.46191,83.0077,-0.132947E-02
3.46252,83.0223,0.118611E-01
3.46313,83.0369,0.110348E-01
3.46375,83.0516,-0.134692E-01
3.46436,83.0662,0.257528E-01
3.46497,83.0809,0.307642E-01
3.46558,83.0955,0.690413E-02
3.46619,83.1101,0.632265E-01
3.46680,83.1248,0.514947E-01
3.46741,83.1394,0.275586E-01
3.46802,83.1540,0.716406E-01
3.46863,83.1687,-0.104707E-01
3.46924,83.1833,-0.127445E-01
3.46985,83.1979,0.217284E-01
3.47046,83.2126,-0.350783E-01
3.47107,83.2272,-0.317987E-01
3.47168,83.2418,0.139908E-01
3.47229,83.2565,-0.620521E-01
3.47290,83.2711,0.547133E-01
3.47351,83.2857,-0.350559E-01
3.47412,83.3004,0.620694E-01
3.47473,83.3150,-0.257913E-01
3.47534,83.3296,-0.220625E-01
3.47595,83.3443,-0.189380E-01
3.47656,83.3589,-0.985323E-02
3.47717,83.3735,0.290077E-01
3.47778,83.3882,0.559906E-01
3.47839,83.4028,0.775263E-02
3.47900,83.4174,-0.374328E-01
3.47961,83.4321,0.159354E-01
3.48022,83.4467,-0.118367E-01
3.48083,83.4614,0.110856
3.48145,83.4760,0.154221E-02
3.48206,83.4906,0.306443E-01
3.48267,83.5053,0.930775E-02
3.48328,83.5199,-0.374918E-01
3.48389,83.5345,0.451365E-02
3.48450,83.5492,0.334843E-01
3.48511,83.5638,0.197501E-01
3.48572,83.5784,0.446006E-01
3.48633,83.5931,0.108444
3.48694,83.6077,0.499348E-01
3.48755,83.6223,-0.437712E-01
3.48816,83.6370,0.339897E-02
3.48877,83.6516,0.252256E-01
3.48938,83.6662,-0.273265E-02
3.48999,83.6809,-0.333354E-01
3.49060,83.6955,-0.332600E-01
3.49121,83.7101,0.788099E-01
3.49182,83.7248,-0.161551E-02
3.49243,83.7394,0.183999E-01
3.49304,83.7540,0.112978
3.49365,83.7687,0.181869E-01
3.49426,83.7833,-0.132932E-01
3.49487,83.7979,0.644997E-02
3.49548,83.8126,0.520996E-01
3.49609,83.8272,-0.280681E-01
3.49670,83.8419,0.152993E-01
3.49731,83.8565,0.859955E-02
3.49792,83.8711,-0.127447E-01
3.49854,83.8858,0.104735E-01
3.49915,83.9004,0.486661E-01
3.49976,83.9150,0.854654E-01
3.50037,83.9297,0.346286E-02
3.50098,83.9443,-0.679421E-01
3.50159,83.9589,0.272391E-01
3.50220,83.9736,-0.313537E-01
3.50281,83.9882,-0.206678E-02
3.50342,84.0028,0.290459E-02
3.50403,84.0175,-0.231417E-01
3.50464,84.0321,0.359013E-01
3.50525,84.0467,0.316544E-01
3.50586,84.0614,0.115185E-01
3.50647,84.0760,-0.300287E-01
3.50708,84.0906,-0.135883E-01
3.50769,84.1053,-0.389061E-03
3.50830,84.1199,0.185153E-01
3.50891,84.1345,0.519247E-01
3.50952,84.1492,0.177790E-01
3.51013,84.1638,-0.973633E-01
3.51074,84.1784,-0.211794E-01
3.51135,84.1931,-0.323210E-01
3.51196,84.2077,-0.113495E-01
3.51257,84.2224,0.290756E-01
3.51318,84.2370,-0.289098E-01
3.51379,84.2516,-0.385896E-02
3.51440,84.2663,0.814800E-03
3.51501,84.2809,0.320236E-01
3.51562,84.2955,0.126599E-01
3.51624,84.3102,-0.102483E-01
3.51685,84.3248,-0.122201
3.51746,84.3394,-0.791562E-01
3.51807,84.3541,-0.302784E-01
3.51868,84.3687,0.312662E-01
3.51929,84.3833,-0.221280
3.51990,84.3980,-0.548280E-02
3.52051,84.4126,0.688586E-01
3.52112,84.4272,-0.519578E-02
3.52173,84.4419,-0.104960
3.52234,84.4565,0.140842E-01
3.52295,84.4711,0.177052E-01
3.52356,84.4858,-0.642239E-01
3.52417,84.5004,0.667940E-01
3.52478,84.5150,0.204959E-01
3.52539,84.5297,0.808530E-01
3.52600,84.5443,0.158269E-01
3.52661,84.5589,-0.159462E-01
3.52722,84.5736,0.686005E-02
3.52783,84.5882,0.536481E-02
3.52844,84.6029,0.889806E-02
3.52905,84.6175,0.105054E-03
3.52966,84.6321,0.589630E-01
3.53027,84.6468,-0.961428E-01
3.53088,84.6614,-0.159176
3.53149,84.6760,0.443374E-01
3.53210,84.6907,-0.288653E-01
3.53271,84.7053,-0.864239E-02
3.53333,84.7199,0.373057E-01
3.53394,84.7346,-0.164747E-03
3.53455,84.7492,0.107092
3.53516,84.7638,0.167680E-01
3.53577,84.7785,-0.212340E-01
3.53638,84.7931,-0.770397E-02
3.53699,84.8077,0.228982E-02
3.53760,84.8224,0.675903E-01
3.53821,84.8370,-0.983797E-02
3.53882,84.8516,-0.235901E-01
3.53943,84.8663,-0.984776E-02
3.54004,84.8809,-0.553041E-01
3.54065,84.8955,0.693807E-02
3.54126,84.9102,0.578486E-01
3.54187,84.9248,-0.233999E-02
3.54248,84.9394,0.148953E-01
3.54309,84.9541,-0.332737E-02
3.54370,84.9687,0.312692E-01
3.54431,84.9834,0.132262E-01
3.54492,84.9980,0.615922E-01
3.54553,85.0126,-0.634685E-01
3.54614,85.0273,-0.114611E-01
3.54675,85.0419,0.108349E-03
3.54736,85.0565,0.210145E-02
3.54797,85.0712,0.801654E-02
3.54858,85.0858,-0.652804E-01
3.54919,85.1004,-0.746792E-01
3.54980,85.1151,0.197321E-01
3.55042,85.1297,-0.208357E-01
3.55103,85.1443,0.638924E-01
3.55164,85.1590,0.919956E-01
3.55225,85.1736,0.529462E-01
3.55286,85.1882,-0.257507E-01
3.55347,85.2029,0.638844E-01
3.55408,85.2175,0.346714E-02
3.55469,85.2321,-0.134031E-01
3.55530,85.2468,0.116195E-01
3.55591,85.2614,0.180047E-01
3.55652,85.2760,-0.326942E-01
3.55713,85.2907,-0.102922E-01
3.55774,85.3053,0.267545E-01
3.55835,85.3199,0.211709E-01
3.55896,85.3346,0.321872E-01
3.55957,85.3492,0.385744E-02
3.56018,85.3639,-0.469532E-01
3.56079,85.3785,-0.530671E-01
3.56140,85.3931,0.155729E-01
3.56201,85.4078,0.660990E-01
3.56262,85.4224,-0.266870E-02
3.56323,85.4370,-0.571422E-02
3.56384,85.4517,-0.823451E-02
3.56445,85.4663,0.226256E-01
3.56506,85.4809,0.654747E-01
3.56567,85.4956,0.542599E-01
3.56628,85.5102,0.114315
3.56689,85.5248,0.304837E-01
3.56750,85.5395,-0.163330E-01
3.56812,85.5541,0.131411
3.56873,85.5687,0.149591
3.56934,85.5834,0.260849E-01
3.56995,85.5980,0.117763
3.57056,85.6126,0.393749E-02
3.57117,85.6273,-0.176309E-02
3.57178,85.6419,0.292349E-01
3.57239,85.6565,0.432434E-02
3.57300,85.6712,0.354710E-03
3.57361,85.6858,0.245925E-01
3.57422,85.7005,0.294343E-01
3.57483,85.7151,0.304291E-01
3.57544,85.7297,0.730224E-01
3.57605,85.7444,0.279930E-01
3.57666,85.7590,-0.103891E-01
3.57727,85.7736,0.126944E-01
3.57788,85.7883,0.226447E-01
3.57849,85.8029,0.119739
3.57910,85.8175,0.724757E-01
3.57971,85.8322,0.329408E-01
3.58032,85.8468,0.575399E-03
3.58093,85.8614,-0.484970E-01
3.58154,85.8761,-0.219070E-01
3.58215,85.8907,-0.479280E-01
3.58276,85.9053,-0.306166E-02
3.58337,85.9200,-0.442006E-01
3.58398,85.9346,-0.102273E-01
3.58459,85.9492,-0.237878E-01
3.58521,85.9639,0.277718E-01
3.58582,85.9785,0.417789E-01
3.58643,85.9931,-0.967989E-01
3.58704,86.0078,0.348648E-02
3.58765,86.0224,0.509838E-01
3.58826,86.0370,0.227369E-01
3.58887,86.0517,0.234647E-01
3.58948,86.0663,-0.455774E-02
3.59009,86.0810,0.495765E-02
3.59070,86.0956,-0.642305E-03
3.59131,86.1102,0.292134E-01
3.59192,86.1249,0.137074E-01
3.59253,86.1395,-0.110101E-01
3.59314,86.1541,-0.860430E-01
3.59375,86.1688,-0.161603E-01
3.59436,86.1834,0.277393E-02
3.59497,86.1980,0.320843E-01
3.59558,86.2127,-0.844059E-02
3.59619,86.2273,-0.664903E-01
3.59680,86.2419,0.291276E-01
3.59741,86.2566,-0.512559E-01
3.59802,86.2712,-0.533206E-01
3.59863,86.2858,-0.482807E-01
3.59924,86.3005,-0.254814E-01
3.59985,86.3151,0.767886E-01
3.60046,86.3297,-0.657640E-01
3.60107,86.3444,0.154695E-01
3.60168,86.3590,-0.268690E-01
3.60229,86.3736,0.967053E-01
3.60291,86.3883,-0.179012
3.60352,86.4029,-0.733438E-01
3.60413,86.4175,0.457875E-01
3.60474,86.4322,0.530910E-01
3.60535,86.4468,-0.298615E-01
3.60596,86.4615,-0.300381E-01
3.60657,86.4761,-0.221534E-01
3.60718,86.4907,0.354368E-01
3.60779,86.5054,0.734694E-02
3.60840,86.5200,-0.272412E-01
3.60901,86.5346,0.379535E-01
3.60962,86.5493,-0.333993E-01
3.61023,86.5639,0.464202E-01
3.61084,86.5785,-0.121224
3.61145,86.5932,-0.349704E-01
3.61206,86.6078,-0.383494E-02
3.61267,86.6224,0.485285E-02
3.61328,86.6371,-0.746172E-02
3.61389,86.6517,0.280629E-01
3.61450,86.6663,0.705939E-01
3.61511,86.6810,0.597523E-01
3.61572,86.6956,0.364940E-01
3.61633,86.7102,-0.387338E-03
3.61694,86.7249,-0.192822E-01
3.61755,86.7395,-0.202687E-01
3.61816,86.7541,-0.306138E-02
3.61877,86.7688,0.737805E-01
3.61938,86.7834,-0.706829E-01
3.62000,86.7980,-0.896498E-01
3.62061,86.8127,0.142906E-01
3.62122,86.8273,-0.215488E-01
3.62183,86.8420,0.814636E-01
3.62244,86.8566,-0.365363E-01
3.62305,86.8712,-0.157326E-03
3.62366,86.8859,-0.192577E-01
3.62427,86.9005,-0.346077E-01
3.62488,86.9151,-0.957305E-02
3.62549,86.9298,0.495849E-01
3.62610,86.9444,-0.826162E-02
3.62671,86.9590,-0.880695E-02
3.62732,86.9737,0.940184E-01
3.62793,86.9883,-0.296784E-01
3.62854,87.0029,0.984086E-02
3.62915,87.0176,0.319886E-02
3.62976,87.0322,-0.473750E-01
3.63037,87.0468,-0.328052E-01
3.63098,87.0615,0.166112E-01
3.63159,87.0761,0.706158E-02
3.63220,87.0907,-0.106836
3.63281,87.1054,-0.445083E-01
3.63342,87.1200,-0.355772E-02
3.63403,87.1346,0.289078E-01
3.63464,87.1493,-0.244968E-02
3.63525,87.1639,-0.175286E-01
3.63586,87.1785,-0.146647E-01
3.63647,87.1932,-0.727398E-02
3.63708,87.2078,0.510137E-02
3.63770,87.2225,0.461859E-01
3.63831,87.2371,-0.107496E-01
3.63892,87.2517,-0.355477E-02
3.63953,87.2664,-0.888108E-02
3.64014,87.2810,0.156955E-01
3.64075,87.2956,0.190176E-01
3.64136,87.3103,0.783477E-01
3.64197,87.3249,0.735037E-01
3.64258,87.3395,0.538613E-02
3.64319,87.3542,-0.196432E-02
3.64380,87.3688,0.737171E-01
3.64441,87.3834,-0.199063E-01
3.64502,87.3981,0.972093E-01
3.64563,87.4127,-0.374415E-01
3.64624,87.4273,0.174250E-01
3.64685,87.4420,-0.116551E-01
3.64746,87.4566,0.292537E-01
3.64807,87.4712,0.143443E-01
3.64868,87.4859,0.628750E-01
3.64929,87.5005,0.234552
3.64990,87.5151,0.112587
3.65051,87.5298,-0.137525E-01
3.65112,87.5444,-0.805207E-01
3.65173,87.5590,0.723654E-02
3.65234,87.5737,0.992853E-03
3.65295,87.5883,0.860025E-02
3.65356,87.6030,-0.231946E-01
3.65417,87.6176,0.437649E-01
3.65479,87.6322,0.330601E-01
3.65540,87.6469,0.330349E-01
3.65601,87.6615,-0.482532E-01
3.65662,87.6761,-0.423734E-03
3.65723,87.6908,-0.108558
3.65784,87.7054,0.524326E-02
3.65845,87.7200,0.111422E-01
3.65906,87.7347,0.232022E-01
3.65967,87.7493,-0.110403E-01
3.66028,87.7639,0.446142E-01
3.66089,87.7786,-0.254383E-01
3.66150,87.7932,-0.269653E-01
3.66211,87.8078,0.410024E-01
3.66272,87.8225,-0.325562E-01
3.66333,87.8371,-0.309290E-01
3.66394,87.8517,0.181063
3.66455,87.8664,-0.329012E-01
3.66516,87.8810,0.808385E-02
3.66577,87.8956,-0.288086E-01
3.66638,87.9103,-0.429316E-02
3.66699,87.9249,-0.278207E-01
3.66760,87.9396,-0.398787E-01
3.66821,87.9542,-0.648852E-02
3.66882,87.9688,-0.429259E-01
3.66943,87.9835,-0.495966E-01
3.67004,87.9981,-0.254755E-02
3.67065,88.0127,0.462488E-02
3.67126,88.0274,-0.296661E-01
3.67188,88.0420,-0.827117E-02
3.67249,88.0566,0.228142E-01
3.67310,88.0713,-0.531344E-01
3.67371,88.0859,0.798171E-01
3.67432,88.1005,0.170292E-02
3.67493,88.1152,0.255348E-01
3.67554,88.1298,0.209633E-01
3.67615,88.1444,-0.804811E-02
3.67676,88.1591,0.158030E-01
3.67737,88.1737,-0.121914
3.67798,88.1883,0.177710
3.67859,88.2030,-0.235952E-01
3.67920,88.2176,0.148414E-01
3.67981,88.2322,0.258415E-01
3.68042,88.2469,-0.378001E-01
3.68103,88.2615,0.396545E-02
3.68164,88.2761,0.619845E-01
3.68225,88.2908,-0.126665E-01
3.68286,88.3054,-0.582550E-01
3.68347,88.3201,-0.383840E-01
3.68408,88.3347,-0.247072E-02
3.68469,88.3493,0.624549E-01
3.68530,88.3640,0.151376E-01
3.68591,88.3786,0.493242E-01
3.68652,88.3932,0.116763
3.68713,88.4079,0.184923E-01
3.68774,88.4225,-0.145274E-01
3.68835,88.4371,-0.970209E-02
3.68896,88.4518,0.374335E-01
3.68958,88.4664,-0.989433E-01
3.69019,88.4810,0.709518E-02
3.69080,88.4957,0.107043E-01
3.69141,88.5103,0.947098E-02
3.69202,88.5249,0.181500E-01
3.69263,88.5396,0.229100E-01
3.69324,88.5542,0.114748
3.69385,88.5688,0.494764E-01
3.69446,88.5835,-0.140732E-01
3.69507,88.5981,-0.210511E-01
3.69568,88.6127,-0.297750E-01
3.69629,88.6274,-0.941805E-01
3.69690,88.6420,-0.214409E-01
3.69751,88.6566,0.471397E-01
3.69812,88.6713,-0.451735E-01
3.69873,88.6859,-0.117455
3.69934,88.7006,-0.222399E-01
3.69995,88.7152,0.564258E-01
3.70056,88.7298,-0.293755E-01
3.70117,88.7445,-0.369932E-02
3.70178,88.7591,0.176086E-02
3.70239,88.7737,-0.483338E-01
3.70300,88.7884,-0.334848E-01
3.70361,88.8030,-0.163327E-01
3.70422,88.8176,-0.705074E-02
3.70483,88.8323,-0.347534E-02
3.70544,88.8469,0.683508E-02
3.70605,88.8615,0.720329E-01
3.70667,88.8762,0.205489E-01
3.70728,88.8908,-0.355849E-02
3.70789,88.9054,0.283796E-01
3.70850,88.9201,-0.122553E-01
3.70911,88.9347,-0.423449E-01
3.70972,88.9493,-0.108542E-02
3.71033,88.9640,0.743932E-02
3.71094,88.9786,0.158495E-01
3.71155,88.9932,0.258975E-01
3.71216,89.0079,0.656711E-02
3.71277,89.0225,-0.336928E-01
3.71338,89.0371,0.982361E-02
3.71399,89.0518,-0.185836E-01
3.71460,89.0664,0.588208E-02
3.71521,89.0811,-0.235585E-01
3.71582,89.0957,-0.937076E-01
3.71643,89.1103,-0.389679E-01
3.71704,89.1250,0.593812E-01
3.71765,89.1396,-0.173252E-01
3.71826,89.1542,-0.145943E-02
3.71887,89.1689,0.247698E-01
3.71948,89.1835,-0.128461
3.72009,89.1981,-0.272061E-02
3.72070,89.2128,0.147075E-01
3.72131,89.2274,-0.103131E-01
3.72192,89.2420,-0.553860E-01
3.72253,89.2567,0.162247E-01
3.72314,89.2713,0.826706E-01
3.72375,89.2859,0.574651E-02
3.72437,89.3006,0.411749E-01
3.72498,89.3152,0.137425
3.72559,89.3298,0.190764E-01
3.72620,89.3445,-0.105955
3.72681,89.3591,0.522858E-01
3.72742,89.3737,-0.331340E-01
3.72803,89.3884,0.334531E-01
3.72864,89.4030,-0.964623E-02
3.72925,89.4176,0.218222E-02
3.72986,89.4323,0.171576E-01
3.73047,89.4469,0.291994E-01
3.73108,89.4616,-0.469154E-01
3.73169,89.4762,0.126774E-01
3.73230,89.4908,-0.876792E-02
3.73291,89.5055,0.309303E-01
3.73352,89.5201,-0.536185E-01
3.73413,89.5347,-0.459727E-01
3.73474,89.5494,-0.428681E-01
3.73535,89.5640,-0.231658E-01
3.73596,89.5786,0.554719E-01
3.73657,89.5933,0.852838E-02
3.73718,89.6079,0.243470E-01
3.73779,89.6225,0.399794E-01
3.73840,89.6372,0.112762E-02
3.73901,89.6518,0.246252E-01
3.73962,89.6664,0.484064E-01
3.74023,89.6811,0.121730E-01
3.74084,89.6957,0.244719E-01
3.74146,89.7103,0.452643E-02
3.74207,89.7250,0.417100E-02
3.74268,89.7396,0.705027E-01
3.74329,89.7542,-0.840746E-01
3.74390,89.7689,-0.766577E-01
3.74451,89.7835,-0.778243E-02
3.74512,89.7981,0.815343E-02
3.74573,89.8128,-0.153039E-01
3.74634,89.8274,0.102956
3.74695,89.8421,-0.166636
3.74756,89.8567,-0.556653E-01
3.74817,89.8713,-0.159834E-01
3.74878,89.8860,0.636630E-01
3.74939,89.9006,0.436539E-01
3.75000,89.9152,0.587219E-01
3.75061,89.9299,-0.628875E-01
3.75122,89.9445,0.190213E-01
3.75183,89.9591,0.334108E-01
3.75244,89.9738,-0.107922E-01
3.75305,89.9884,-0.319907E-02
3.75366,90.0030,0.579957E-02
3.75427,90.0177,-0.711315E-02
3.75488,90.0323,0.225486E-02
3.75549,90.0469,0.117314E-01
3.75610,90.0616,-0.328479E-02
3.75671,90.0762,0.362028E-02
3.75732,90.0908,0.689885E-01
3.75793,90.1055,-0.109864
3.75854,90.1201,-0.140974
3.75916,90.1347,-0.121860E-01
3.75977,90.1494,-0.633920E-01
3.76038,90.1640,0.820237E-01
3.76099,90.1787,0.121203
3.76160,90.1933,0.437262E-02
3.76221,90.2079,0.924057E-02
3.76282,90.2226,0.147106
3.76343,90.2372,-0.109485E-01
3.76404,90.2518,0.213659E-01
3.76465,90.2665,-0.877575E-01
3.76526,90.2811,-0.268074E-01
3.76587,90.2957,-0.152116E-01
3.76648,90.3104,0.489885E-01
3.76709,90.3250,-0.699446E-01
3.76770,90.3396,0.740583E-01
3.76831,90.3543,-0.193021E-01
3.76892,90.3689,0.501145E-02
3.76953,90.3835,0.689215E-01
3.77014,90.3982,-0.611564E-02
3.77075,90.4128,0.203070E-01
3.77136,90.4274,0.499418E-01
3.77197,90.4421,-0.829417E-01
3.77258,90.4567,-0.168614E-01
3.77319,90.4713,-0.108192E-02
3.77380,90.4860,0.255550E-01
3.77441,90.5006,-0.190753E-01
3.77502,90.5152,0.259861E-01
3.77563,90.5299,-0.669891E-01
3.77625,90.5445,-0.180150E-01
3.77686,90.5592,-0.679725E-01
3.77747,90.5738,-0.139824E-01
3.77808,90.5884,0.140967E-01
3.77869,90.6031,0.622334E-02
3.77930,90.6177,-0.630292E-02
3.77991,90.6323,0.835985E-01
3.78052,90.6470,0.132872E-01
3.78113,90.6616,-0.244269E-01
3.78174,90.6762,0.175263E-01
3.78235,90.6909,0.297122E-01
3.78296,90.7055,-0.463609E-01
3.78357,90.7201,0.264550E-01
3.78418,90.7348,0.248574E-01
3.78479,90.7494,0.104902
3.78540,90.7640,-0.279917E-01
3.78601,90.7787,-0.937793E-04
3.78662,90.7933,0.152600E-01
3.78723,90.8079,-0.644551E-01
3.78784,90.8226,0.980167E-02
3.78845,90.8372,0.531206E-01
3.78906,90.8518,-0.678777E-01
3.78967,90.8665,0.391310E-01
3.79028,90.8811,-0.705981E-02
3.79089,90.8957,0.527816E-01
3.79150,90.9104,-0.724132E-01
3.79211,90.9250,-0.257187E-01
3.79272,90.9397,-0.368090E-01
3.79333,90.9543,-0.176114E-01
3.79395,90.9689,-0.161595E-01
3.79456,90.9836,-0.311858E-01
3.79517,90.9982,0.306493E-01
3.79578,91.0128,-0.253819E-01
3.79639,91.0275,0.187521E-02
3.79700,91.0421,-0.276621E-01
3.79761,91.0567,-0.292353E-01
3.79822,91.0714,-0.142776E-02
3.79883,91.0860,-0.683249E-01
3.79944,91.1006,0.991992E-02
3.80005,91.1153,-0.557478E-02
3.80066,91.1299,-0.306854E-02
3.80127,91.1445,0.184459E-01
3.80188,91.1592,0.175672
3.80249,91.1738,-0.222522E-01
3.80310,91.1884,-0.254845E-02
3.80371,91.2031,0.653455E-02
3.80432,91.2177,0.617004E-01
3.80493,91.2323,-0.235410E-01
3.80554,91.2470,-0.420864E-01
3.80615,91.2616,-0.894374E-02
3.80676,91.2762,0.196714E-01
3.80737,91.2909,0.827242E-01
3.80798,91.3055,-0.356626E-01
3.80859,91.3202,0.245026
3.80920,91.3348,-0.401469E-02
3.80981,91.3494,-0.430530E-01
3.81042,91.3641,0.100864E-01
3.81104,91.3787,-0.112822E-01
3.81165,91.3933,-0.649501E-01
3.81226,91.4080,-0.509779E-02
3.81287,91.4226,-0.893081E-01
3.81348,91.4372,-0.462914E-02
3.81409,91.4519,0.595853E-01
3.81470,91.4665,-0.523140E-01
3.81531,91.4811,-0.664559E-01
3.81592,91.4958,0.501673E-01
3.81653,91.5104,-0.258630E-01
3.81714,91.5250,-0.782641E-03
3.81775,91.5397,-0.223814E-01
3.81836,91.5543,0.488012E-01
3.81897,91.5689,-0.129136E-01
3.81958,91.5836,0.606511E-01
3.82019,91.5982,0.269333E-01
3.82080,91.6128,-0.117518E-01
3.82141,91.6275,-0.492185E-01
3.82202,91.6421,-0.967855E-02
3.82263,91.6567,-0.252789E-01
3.82324,91.6714,0.139671E-01
3.82385,91.6860,-0.100272E-01
3.82446,91.7007,-0.292871E-01
3.82507,91.7153,0.764012E-02
3.82568,91.7299,0.374611E-02
3.82629,91.7446,0.198359E-01
3.82690,91.7592,-0.120230E-01
3.82751,91.7738,-0.106469
3.82812,91.7885,0.194984
3.82874,91.8031,-0.123423E-01
3.82935,91.8177,-0.595626E-01
3.82996,91.8324,-0.279697E-01
3.83057,91.8470,-0.192852E-02
3.83118,91.8616,0.342354E-01
3.83179,91.8763,0.885933E-03
3.83240,91.8909,-0.167317E-01
3.83301,91.9055,-0.684125E-02
3.83362,91.9202,-0.662794E-01
3.83423,91.9348,0.368891E-01
3.83484,91.9494,-0.388768E-01
3.83545,91.9641,0.258822E-01
3.83606,91.9787,0.262463E-02
3.83667,91.9933,-0.779421E-01
3.83728,92.0080,0.441133E-01
3.83789,92.0226,-0.515984E-01
3.83850,92.0372,0.654254E-01
3.83911,92.0519,-0.998396E-01
3.83972,92.0665,0.230511E-01
3.84033,92.0812,0.120033E-03
3.84094,92.0958,0.234808E-01
3.84155,92.1104,0.386950E-01
3.84216,92.1251,0.257529E-01
3.84277,92.1397,-0.649463E-02
3.84338,92.1543,0.472517E-01
3.84399,92.1690,-0.120953E-01
3.84460,92.1836,0.296933E-01
3.84521,92.1982,0.127845E-01
3.84583,92.2129,0.969700E-02
3.84644,92.2275,0.242014E-01
3.84705,92.2421,-0.328585E-02
3.84766,92.2568,-0.173779E-01
3.84827,92.2714,0.123960E-02
3.84888,92.2860,-0.186213E-01
3.84949,92.3007,0.242452E-01
3.85010,92.3153,0.222119E-02
3.85071,92.3299,0.745036E-01
3.85132,92.3446,0.893095E-01
3.85193,92.3592,0.162200
3.85254,92.3738,0.514429E-01
3.85315,92.3885,0.774491E-02
3.85376,92.4031,0.444115E-01
3.85437,92.4178,0.295708E-01
3.85498,92.4324,0.585418E-01
3.85559,92.4470,0.802220E-01
3.85620,92.4617,0.262588E-01
3.85681,92.4763,0.199323E-01
3.85742,92.4909,0.509316E-01
3.85803,92.5056,-0.881635E-01
3.85864,92.5202,-0.526946E-02
3.85925,92.5348,-0.278638E-01
3.85986,92.5495,0.313431E-01
3.86047,92.5641,0.198326E-01
3.86108,92.5787,-0.218618E-02
3.86169,92.5934,0.261585E-01
3.86230,92.6080,-0.534931E-01
3.86292,92.6226,-0.173809
3.86353,92.6373,-0.473067E-01
3.86414,92.6519,-0.378005E-02
3.86475,92.6665,-0.782943E-02
3.86536,92.6812,-0.299176E-01
3.86597,92.6958,-0.807705E-02
3.86658,92.7104,0.124445
3.86719,92.7251,0.512577E-01
3.86780,92.7397,0.113373
3.86841,92.7543,0.531101E-01
3.86902,92.7690,0.464835E-02
3.86963,92.7836,-0.239834E-01
3.87024,92.7983,-0.126962E-01
3.87085,92.8129,-0.414547E-02
3.87146,92.8275,-0.449415E-02
3.87207,92.8422,0.187649E-01
3.87268,92.8568,0.191193E-01
3.87329,92.8714,-0.202375E-01
3.87390,92.8861,-0.187283E-02
3.87451,92.9007,-0.105234
3.87512,92.9153,-0.156576E-02
3.87573,92.9300,-0.125745E-01
3.87634,92.9446,0.681873E-02
3.87695,92.9592,0.281800E-01
3.87756,92.9739,0.125218
3.87817,92.9885,-0.439120E-01
3.87878,93.0031,0.111490
3.87939,93.0178,0.700820E-01
3.88000,93.0324,0.722867E-01
3.88062,93.0470,0.396807E-01
3.88123,93.0617,-0.806162E-01
3.88184,93.0763,0.683606E-01
3.88245,93.0909,0.730843E-02
3.88306,93.1056,0.389571E-01
3.88367,93.1202,-0.297957E-01
3.88428,93.1348,0.856008E-02
3.88489,93.1495,0.436800E-02
3.88550,93.1641,0.595428E-01
3.88611,93.1788,0.818846E-01
3.88672,93.1934,-0.143657E-01
3.88733,93.2080,-0.256936E-02
3.88794,93.2227,0.136323
3.88855,93.2373,0.400213E-01
3.88916,93.2519,-0.835842E-02
3.88977,93.2666,0.244497E-01
3.89038,93.2812,0.980633E-01
3.89099,93.2958,0.116041E-01
3.89160,93.3105,-0.574110E-02
3.89221,93.3251,0.380337E-01
3.89282,93.3397,0.306415E-01
3.89343,93.3544,0.144204
3.89404,93.3690,-0.212856E-01
3.89465,93.3836,-0.418274E-01
3.89526,93.3983,0.354688E-01
3.89587,93.4129,0.264403E-01
3.89648,93.4275,0.549885E-01
3.89709,93.4422,-0.279533E-01
3.89771,93.4568,-0.239926E-01
3.89832,93.4714,-0.894290E-04
3.89893,93.4861,0.453582E-01
3.89954,93.5007,0.637721E-01
3.90015,93.5153,0.232935E-01
3.90076,93.5300,-0.148637E-01
3.90137,93.5446,0.100233
3.90198,93.5593,0.433725E-01
3.90259,93.5739,-0.123080
3.90320,93.5885,0.724551E-01
3.90381,93.6032,0.326257E-01
3.90442,93.6178,0.737175E-02
3.90503,93.6324,0.120655E-01
3.90564,93.6471,0.299572E-01
3.90625,93.6617,0.331739E-01
3.90686,93.6763,0.762085E-01
3.90747,93.6910,-0.742762E-02
3.90808,93.7056,0.918936E-02
3.90869,93.7202,-0.229772E-02
3.90930,93.7349,0.771785E-01
3.90991,93.7495,0.683363E-02
3.91052,93.7641,-0.559672E-01
3.91113,93.7788,-0.467378E-01
3.91174,93.7934,0.273313E-01
3.91235,93.8080,-0.121434E-01
3.91296,93.8227,0.558494E-02
3.91357,93.8373,0.116274
3.91418,93.8519,0.226345E-01
3.91479,93.8666,0.778560E-01
3.91541,93.8812,0.195222E-02
3.91602,93.8958,0.686981E-02
3.91663,93.9105,-0.683140E-03
3.91724,93.9251,0.267559E-01
3.91785,93.9398,0.231738E-01
3.91846,93.9544,-0.149693
3.91907,93.9690,-0.373914E-01
3.91968,93.9837,-0.529568E-01
3.92029,93.9983,-0.770699E-01
3.92090,94.0129,0.934732E-01
3.92151,94.0276,-0.130471E-01
3.92212,94.0422,-0.525078E-01
3.92273,94.0568,0.111101E-01
3.92334,94.0715,0.194542E-01
3.92395,94.0861,0.117369
3.92456,94.1007,0.233955E-01
3.92517,94.1154,-0.148931E-01
3.92578,94.1300,0.831913E-01
3.92639,94.1446,0.495562E-01
3.92700,94.1593,0.577469E-01
3.92761,94.1739,0.102034E-01
3.92822,94.1885,0.569833E-01
3.92883,94.2032,-0.250860E-01
3.92944,94.2178,0.146813E-01
3.93005,94.2324,-0.492854E-02
3.93066,94.2471,0.402227E-01
3.93127,94.2617,-0.470606E-02
3.93188,94.2763,0.488290E-03
3.93250,94.2910,-0.187722E-01
3.93311,94.3056,-0.139044
3.93372,94.3203,0.272775E-01
3.93433,94.3349,0.281421E-01
3.93494,94.3495,0.169905E-01
3.93555,94.3642,-0.331901E-01
3.93616,94.3788,-0.995167E-02
3.93677,94.3934,0.258450E-01
3.93738,94.4081,-0.314802E-01
3.93799,94.4227,-0.813015E-01
3.93860,94.4373,0.234459E-01
3.93921,94.4520,0.161158
3.93982,94.4666,-0.345491E-02
3.94043,94.4812,-0.155131E-01
3.94104,94.4959,-0.849378E-05
3.94165,94.5105,0.561492E-02
3.94226,94.5251,-0.512283E-01
3.94287,94.5398,-0.346106E-01
3.94348,94.5544,-0.407953E-01
3.94409,94.5690,0.156682E-02
3.94470,94.5837,0.459401E-02
3.94531,94.5983,-0.353815E-01
3.94592,94.6129,0.176295E-01
3.94653,94.6276,-0.686765E-01
3.94714,94.6422,0.460941E-02
3.94775,94.6569,-0.322413E-02
3.94836,94.6715,-0.255177E-01
3.94897,94.6861,-0.902402E-01
3.94958,94.7008,-0.962983E-03
3.95020,94.7154,-0.589874E-01
3.95081,94.7300,0.263579E-01
3.95142,94.7447,-0.278465E-01
3.95203,94.7593,-0.557541E-03
3.95264,94.7739,0.515221E-02
3.95325,94.7886,-0.595933E-01
3.95386,94.8032,0.795728E-02
3.95447,94.8178,0.437474E-01
3.95508,94.8325,-0.153438E-01
3.95569,94.8471,-0.124829E-01
3.95630,94.8617,0.245405E-01
3.95691,94.8764,-0.771544E-01
3.95752,94.8910,-0.230575E-01
3.95813,94.9056,-0.102401
3.95874,94.9203,0.832671E-01
3.95935,94.9349,-0.103929E-01
3.95996,94.9495,0.777838E-01
3.96057,94.9642,0.185128E-01
3.96118,94.9788,0.417280E-01
3.96179,94.9934,-0.104463E-01
3.96240,95.0081,-0.227858E-01
3.96301,95.0227,-0.287736E-01
3.96362,95.0374,0.638281E-02
3.96423,95.0520,0.634319E-01
3.96484,95.0666,-0.224369E-01
3.96545,95.0813,-0.469198E-01
3.96606,95.0959,-0.525020E-04
3.96667,95.1105,0.118382E-01
3.96729,95.1252,-0.494381E-01
3.96790,95.1398,-0.252803E-01
3.96851,95.1544,0.224183E-01
3.96912,95.1691,0.148929E-01
3.96973,95.1837,0.322119E-01
3.97034,95.1983,0.122556
3.97095,95.2130,0.262078E-02
3.97156,95.2276,0.127319E-01
3.97217,95.2422,-0.675174E-01
3.97278,95.2569,0.113426
3.97339,95.2715,0.324577E-02
3.97400,95.2861,0.399233E-01
3.97461,95.3008,0.281194E-01
3.97522,95.3154,-0.157795
3.97583,95.3300,-0.531728E-02
3.97644,95.3447,0.194361E-01
3.97705,95.3593,0.336084E-02
3.97766,95.3739,0.164804E-01
3.97827,95.3886,0.159823E-01
3.97888,95.4032,-0.179885E-01
3.97949,95.4179,-0.368037E-01
3.98010,95.4325,0.116165E-02
3.98071,95.4471,0.189498E-01
3.98132,95.4618,0.750009E-01
3.98193,95.4764,-0.193708E-01
3.98254,95.4910,0.887747E-01
3.98315,95.5057,0.398794E-01
3.98376,95.5203,0.149498E-01
3.98438,95.5349,0.151170E-01
3.98499,95.5496,0.579815E-02
3.98560,95.5642,-0.347625E-01
3.98621,95.5788,0.552253E-01
3.98682,95.5935,0.288235E-01
3.98743,95.6081,-0.215551E-01
3.98804,95.6227,0.424144E-01
3.98865,95.6374,-0.218993E-01
3.98926,95.6520,0.704125E-01
3.98987,95.6666,-0.252163E-01
3.99048,95.6813,0.218011E-01
3.99109,95.6959,-0.331415E-01
3.99170,95.7105,0.195825E-01
3.99231,95.7252,-0.306490E-01
3.99292,95.7398,-0.309284E-01
3.99353,95.7544,0.674329E-01
3.99414,95.7691,0.852169E-01
3.99475,95.7837,-0.272910E-01
3.99536,95.7984,-0.178010E-01
3.99597,95.8130,0.999542E-01
3.99658,95.8276,0.473877E-02
3.99719,95.8423,-0.193983E-01
3.99780,95.8569,-0.100666E-01
3.99841,95.8715,0.428837E-01
3.99902,95.8862,-0.725659E-01
3.99963,95.9008,0.201335
4.00024,95.9154,0.814588E-02
4.00085,95.9301,-0.191701E-01
4.00146,95.9447,-0.173117E-01
4.00208,95.9593,-0.265270E-01
4.00269,95.9740,-0.125315E-01
4.00330,95.9886,0.133673E-01
4.00391,96.0032,0.157429E-01
4.00452,96.0179,-0.487108E-01
4.00513,96.0325,0.475360E-01
4.00574,96.0471,0.174574E-01
4.00635,96.0618,0.123061
4.00696,96.0764,-0.279888E-01
4.00757,96.0910,0.893435E-02
4.00818,96.1057,0.100824E-01
4.00879,96.1203,-0.572218E-01
4.00940,96.1349,-0.110225E-01
4.01001,96.1496,0.795086E-02
4.01062,96.1642,0.952937E-02
4.01123,96.1789,0.392876E-01
4.01184,96.1935,0.103946E-01
4.01245,96.2081,-0.420602E-03
4.01306,96.2228,0.142476E-01
4.01367,96.2374,-0.586004E-02
4.01428,96.2520,-0.919704E-02
4.01489,96.2667,0.562333E-01
4.01550,96.2813,0.273858E-01
4.01611,96.2959,-0.258896E-02
4.01672,96.3106,-0.727474E-01
4.01733,96.3252,-0.244786E-01
4.01794,96.3398,0.103895E-01
4.01855,96.3545,-0.242497E-01
4.01917,96.3691,0.846959E-01
4.01978,96.3837,0.384197E-01
4.02039,96.3984,0.318213E-01
4.02100,96.4130,-0.648802E-03
4.02161,96.4276,-0.208193E-01
4.02222,96.4423,-0.358681E-01
4.02283,96.4569,0.444009E-01
4.02344,96.4715,-0.459422E-01
4.02405,96.4862,0.381495E-01
4.02466,96.5008,-0.469515E-01
4.02527,96.5154,0.542279E-01
4.02588,96.5301,0.231926E-01
4.02649,96.5447,0.254223E-01
4.02710,96.5594,-0.285003E-01
4.02771,96.5740,0.327157E-01
4.02832,96.5886,-0.565053E-01
4.02893,96.6033,0.375807E-01
4.02954,96.6179,0.101822E-01
4.03015,96.6325,-0.133790E-01
4.03076,96.6472,0.101767E-01
4.03137,96.6618,0.550215E-01
4.03198,96.6764,0.622322E-02
4.03259,96.6911,-0.753061E-01
4.03320,96.7057,0.238586E-01
4.03381,96.7203,-0.101852
4.03442,96.7350,-0.625785E-02
4.03503,96.7496,0.122146E-01
4.03564,96.7642,0.407032E-01
4.03625,96.7789,0.116156E-01
4.03687,96.7935,-0.338659E-01
4.03748,96.8081,-0.224504E-01
4.03809,96.8228,-0.821460E-02
4.03870,96.8374,-0.939689E-02
4.03931,96.8520,0.403623E-01
4.03992,96.8667,-0.172631E-02
4.04053,96.8813,-0.154787E-01
4.04114,96.8960,0.112671E-01
4.04175,96.9106,0.693520E-01
4.04236,96.9252,0.628850E-02
4.04297,96.9399,0.221794E-01
4.04358,96.9545,0.444098E-01
4.04419,96.9691,0.794331E-01
4.04480,96.9838,-0.271388E-01
4.04541,96.9984,0.309552E-02
4.04602,97.0130,-0.222608E-01
4.04663,97.0277,0.746614E-01
4.04724,97.0423,-0.310512E-01
4.04785,97.0569,0.303179E-01
4.04846,97.0716,-0.420905E-01
4.04907,97.0862,-0.699720E-01
4.04968,97.1008,-0.867154E-02
4.05029,97.1155,0.310371E-01
4.05090,97.1301,0.394269E-01
4.05151,97.1447,-0.156297E-01
4.05212,97.1594,0.634466E-02
4.05273,97.1740,0.663884E-01
4.05334,97.1886,0.377747E-01
4.05396,97.2033,-0.568606E-01
4.05457,97.2179,0.169929E-01
4.05518,97.2325,-0.855294E-01
4.05579,97.2472,0.108803
4.05640,97.2618,0.499404E-01
4.05701,97.2765,-0.527852E-02
4.05762,97.2911,-0.271496E-01
4.05823,97.3057,-0.371589E-01
4.05884,97.3204,0.275612E-01
4.05945,97.3350,0.135168E-01
4.06006,97.3496,0.393466E-01
4.06067,97.3643,0.217601E-01
4.06128,97.3789,0.410786E-01
4.06189,97.3935,0.835128E-01
4.06250,97.4082,0.105408E-01
4.06311,97.4228,0.150048E-01
4.06372,97.4374,-0.122000E-01
4.06433,97.4521,0.107511E-01
4.06494,97.4667,-0.439566E-01
4.06555,97.4813,-0.786171E-01
4.06616,97.4960,0.132795
4.06677,97.5106,0.243660E-01
4.06738,97.5252,-0.281623E-01
4.06799,97.5399,0.335907E-01
4.06860,97.5545,0.233659E-01
4.06921,97.5691,-0.379465E-01
4.06982,97.5838,-0.245733E-01
4.07043,97.5984,0.714445E-01
4.07104,97.6130,0.186810E-01
4.07166,97.6277,-0.306885E-02
4.07227,97.6423,0.707146E-03
4.07288,97.6570,0.405267E-01
4.07349,97.6716,0.533870E-01
4.07410,97.6862,-0.243756E-02
4.07471,97.7009,-0.616005E-03
4.07532,97.7155,0.126928E-01
4.07593,97.7301,0.554947E-01
4.07654,97.7448,-0.303115E-01
4.07715,97.7594,-0.255999E-02
4.07776,97.7740,-0.675953E-01
4.07837,97.7887,0.115587
4.07898,97.8033,-0.541766E-01
4.07959,97.8179,-0.148721E-01
4.08020,97.8326,0.326557E-01
4.08081,97.8472,0.930632E-01
4.08142,97.8618,0.379514E-01
4.08203,97.8765,0.318719E-01
4.08264,97.8911,0.232120E-01
4.08325,97.9057,0.427406E-02
4.08386,97.9204,-0.220574E-01
4.08447,97.9350,0.331243E-01
4.08508,97.9496,0.310311E-01
4.08569,97.9643,0.589840E-01
4.08630,97.9789,0.136645E-01
4.08691,97.9935,-0.765323E-01
4.08752,98.0082,-0.601757E-02
4.08813,98.0228,0.479666E-01
4.08875,98.0375,-0.398791E-01
4.08936,98.0521,0.226167E-02
4.08997,98.0667,-0.371475E-01
4.09058,98.0814,0.139656
4.09119,98.0960,0.361032E-02
4.09180,98.1106,-0.559476E-01
4.09241,98.1253,0.188981E-01
4.09302,98.1399,0.626506E-01
4.09363,98.1545,-0.108375E-01
4.09424,98.1692,-0.535261E-01
4.09485,98.1838,0.516154E-01
4.09546,98.1984,-0.144283E-01
4.09607,98.2131,0.959319E-01
4.09668,98.2277,0.333896E-01
4.09729,98.2423,-0.148319
4.09790,98.2570,0.298099E-01
4.09851,98.2716,-0.830168E-01
4.09912,98.2862,0.377435E-01
4.09973,98.3009,0.455481E-01
4.10034,98.3155,0.386304E-01
4.10095,98.3301,-0.960822E-01
4.10156,98.3448,-0.235978E-01
4.10217,98.3594,-0.108987E-01
4.10278,98.3740,0.232059E-01
4.10339,98.3887,0.525040E-01
4.10400,98.4033,-0.491095E-02
4.10461,98.4180,0.109851E-01
4.10522,98.4326,0.406440E-01
4.10583,98.4472,-0.404793E-03
4.10645,98.4619,0.869271E-02
4.10706,98.4765,0.565718E-01
4.10767,98.4911,-0.175214E-01
4.10828,98.5058,-0.469312E-02
4.10889,98.5204,0.157923
4.10950,98.5350,0.460740E-01
4.11011,98.5497,-0.192028E-01
4.11072,98.5643,0.692999E-01
4.11133,98.5789,0.369895E-01
4.11194,98.5936,0.442416E-02
4.11255,98.6082,-0.764186E-01
4.11316,98.6228,-0.591444E-01
4.11377,98.6375,-0.273960E-01
4.11438,98.6521,-0.800974E-02
4.11499,98.6667,-0.281267E-01
4.11560,98.6814,0.402500E-01
4.11621,98.6960,0.109202E-01
4.11682,98.7106,0.377404E-01
4.11743,98.7253,-0.562126E-02
4.11804,98.7399,-0.121119
4.11865,98.7545,-0.202703E-02
4.11926,98.7692,-0.825679E-02
4.11987,98.7838,-0.246984E-01
4.12048,98.7985,-0.181171E-01
4.12109,98.8131,-0.214716E-01
4.12170,98.8277,-0.324184E-01
4.12231,98.8424,-0.625800E-01
4.12292,98.8570,0.636555E-02
4.12354,98.8716,-0.852002E-02
4.12415,98.8863,0.615681E-01
4.12476,98.9009,0.120675
4.12537,98.9155,0.500939E-01
4.12598,98.9302,-0.330402E-01
4.12659,98.9448,-0.272834E-01
4.12720,98.9594,-0.277330E-01
4.12781,98.9741,0.558359E-02
4.12842,98.9887,0.112890
4.12903,99.0033,-0.653374E-01
4.12964,99.0180,0.142530E-01
4.13025,99.0326,0.687894E-01
4.13086,99.0472,-0.142929E-01
4.13147,99.0619,-0.337241E-02
4.13208,99.0765,0.522128E-01
4.13269,99.0911,0.346376E-01
4.13330,99.1058,-0.272050E-01
4.13391,99.1204,0.427037E-02
4.13452,99.1350,0.428412E-02
4.13513,99.1497,0.374087E-01
4.13574,99.1643,-0.603831E-01
4.13635,99.1790,-0.336276E-01
4.13696,99.1936,0.606959E-01
4.13757,99.2082,0.283217E-01
4.13818,99.2229,0.970814E-02
4.13879,99.2375,0.576093E-02
4.13940,99.2521,-0.447062E-03
4.14001,99.2668,0.921892E-01
4.14062,99.2814,-0.215617E-02
4.14124,99.2960,-0.339438E-01
4.14185,99.3107,-0.107379
4.14246,99.3253,0.270394E-01
4.14307,99.3399,0.353859E-01
4.14368,99.3546,0.526607E-02
4.14429,99.3692,0.352476E-01
4.14490,99.3838,0.123248E-01
4.14551,99.3985,0.300144E-01
4.14612,99.4131,-0.804310E-01
4.14673,99.4277,-0.423664E-01
4.14734,99.4424,-0.250879E-01
4.14795,99.4570,-0.849252E-01
4.14856,99.4716,0.570660E-01
4.14917,99.4863,-0.153290E-01
4.14978,99.5009,-0.194704E-02
4.15039,99.5156,-0.228216E-01
4.15100,99.5302,0.784771E-01
4.15161,99.5448,-0.133741E-01
4.15222,99.5595,-0.251141E-02
4.15283,99.5741,0.322009E-01
4.15344,99.5887,0.167457E-01
4.15405,99.6034,0.444654E-02
4.15466,99.6180,0.108934
4.15527,99.6326,-0.111444E-01
4.15588,99.6473,0.234720E-02
4.15649,99.6619,-0.461760E-02
4.15710,99.6765,-0.306948E-02
4.15771,99.6912,0.143026
4.15833,99.7058,-0.610161E-02
4.15894,99.7204,-0.393376E-02
4.15955,99.7351,-0.179526E-01
4.16016,99.7497,-0.403846E-01
4.16077,99.7643,0.570093E-02
4.16138,99.7790,-0.472617E-02
4.16199,99.7936,-0.935787E-02
4.16260,99.8082,-0.133971E-01
4.16321,99.8229,0.136741E-02
4.16382,99.8375,-0.163332E-01
4.16443,99.8521,0.444971E-01
4.16504,99.8668,-0.180819E-01
4.16565,99.8814,0.289526E-01
4.16626,99.8961,-0.328865E-01
4.16687,99.9107,0.883737E-01
4.16748,99.9253,-0.143525E-01
4.16809,99.9400,0.599704E-01
4.16870,99.9546,0.389759E-01
4.16931,99.9692,-0.688753E-02
4.16992,99.9839,-0.759089E-02
4.17053,99.9985,-0.584032E-01
4.17114,100.013,0.480344E-03
4.17175,100.028,0.269315E-01
4.17236,100.042,0.999715E-02
4.17297,100.057,-0.657804E-01
4.17358,100.072,0.877914E-03
4.17419,100.086,-0.802081E-02
4.17480,100.101,-0.291380E-01
4.17542,100.116,-0.238992E-01
4.17603,100.130,0.731992E-01
4.17664,100.145,-0.177016E-01
4.17725,100.159,-0.211139E-01
4.17786,100.174,0.812162E-01
4.17847,100.189,0.386751E-01
4.17908,100.203,-0.619701E-02
4.17969,100.218,-0.396551E-01
4.18030,100.233,0.179513E-02
4.18091,100.247,-0.400376E-01
4.18152,100.262,-0.712123E-01
4.18213,100.277,0.362082E-01
4.18274,100.291,-0.344131E-01
4.18335,100.306,0.150188E-01
4.18396,100.320,-0.456064E-02
4.18457,100.335,0.201995E-01
4.18518,100.350,0.230842E-02
4.18579,100.364,-0.263340E-02
4.18640,100.379,0.203811E-01
4.18701,100.394,0.819917E-02
4.18762,100.408,0.272336E-01
4.18823,100.423,0.106952
4.18884,100.438,0.592601E-02
4.18945,100.452,-0.565848E-01
4.19006,100.467,0.273974E-02
4.19067,100.481,-0.164351E-01
4.19128,100.496,0.239872E-01
4.19189,100.511,0.191258E-01
4.19250,100.525,-0.100818
4.19312,100.540,-0.951466E-02
4.19373,100.555,-0.139018E-01
4.19434,100.569,-0.107666E-01
4.19495,100.584,0.228877E-01
4.19556,100.599,0.102557
4.19617,100.613,0.525723E-01
4.19678,100.628,-0.239298E-01
4.19739,100.642,-0.222400E-01
4.19800,100.657,-0.556252E-02
4.19861,100.672,0.967619E-03
4.19922,100.686,-0.177995E-01
4.19983,100.701,-0.317388E-01
4.20044,100.716,-0.350517E-02
4.20105,100.730,0.691649E-01
4.20166,100.745,-0.219921E-01
4.20227,100.759,-0.523529E-01
4.20288,100.774,0.433630E-01
4.20349,100.789,-0.615425E-02
4.20410,100.803,0.382254E-03
4.20471,100.818,-0.168409E-01
4.20532,100.833,-0.221961E-01
4.20593,100.847,-0.317951E-01
4.20654,100.862,-0.397524E-01
4.20715,100.877,-0.133541E-01
4.20776,100.891,0.490762E-02
4.20837,100.906,0.713422E-02
4.20898,100.920,-0.853422E-02
4.20959,100.935,0.669368E-01
4.21021,100.950,0.116244E-01
4.21082,100.964,0.392689E-01
4.21143,100.979,-0.121147E-01
4.21204,100.994,-0.835585E-01
4.21265,101.008,0.128759
4.21326,101.023,-0.237634E-01
4.21387,101.038,0.982505E-02
4.21448,101.052,-0.192080E-01
4.21509,101.067,-0.100111E-01
4.21570,101.081,0.478323E-01
4.21631,101.096,0.699441E-02
4.21692,101.111,0.617373E-01
4.21753,101.125,-0.591825E-02
4.21814,101.140,0.651188E-01
4.21875,101.155,0.958211E-02
4.21936,101.169,0.512965E-01
4.21997,101.184,0.524491E-01
4.22058,101.199,0.692377E-01
4.22119,101.213,0.405612E-01
4.22180,101.228,0.341538E-01
4.22241,101.242,-0.515653E-01
4.22302,101.257,0.115085E-01
4.22363,101.272,0.129318E-01
4.22424,101.286,-0.197215E-01
4.22485,101.301,0.194830E-01
4.22546,101.316,0.121425E-01
4.22607,101.330,-0.237498E-01
4.22668,101.345,-0.272591E-01
4.22729,101.360,-0.585635E-01
4.22791,101.374,-0.154738E-01
4.22852,101.389,0.996246E-02
4.22913,101.403,-0.255501E-01
4.22974,101.418,-0.184315
4.23035,101.433,0.504291E-01
4.23096,101.447,-0.232119E-02
4.23157,101.462,-0.232336E-01
4.23218,101.477,0.627911E-01
4.23279,101.491,-0.320656E-02
4.23340,101.506,0.200574E-01
4.23401,101.520,-0.775638E-01
4.23462,101.535,0.465015E-01
4.23523,101.550,-0.196850E-01
4.23584,101.564,0.108888E-01
4.23645,101.579,-0.247665E-01
4.23706,101.594,-0.540932E-01
4.23767,101.608,-0.331942E-01
4.23828,101.623,-0.457118E-01
4.23889,101.638,0.180080E-01
4.23950,101.652,-0.504250E-02
4.24011,101.667,0.127890
4.24072,101.681,-0.170793E-01
4.24133,101.696,-0.900860E-01
4.24194,101.711,0.127361E-01
4.24255,101.725,0.408326E-02
4.24316,101.740,0.284665E-01
4.24377,101.755,-0.948522E-01
4.24438,101.769,-0.628222E-01
4.24500,101.784,0.252468E-01
4.24561,101.799,-0.151810E-01
4.24622,101.813,0.314540E-02
4.24683,101.828,0.138740E-01
4.24744,101.842,0.178336
4.24805,101.857,-0.190537E-01
4.24866,101.872,-0.592512E-01
4.24927,101.886,-0.546200E-01
4.24988,101.901,-0.537454E-01
4.25049,101.916,0.835888E-02
4.25110,101.930,0.157269E-01
4.25171,101.945,-0.445468E-01
4.25232,101.960,0.959683E-02
4.25293,101.974,-0.488684E-01
4.25354,101.989,-0.996437E-01
4.25415,102.003,-0.325192E-01
4.25476,102.018,0.316779E-01
4.25537,102.033,0.132592E-01
4.25598,102.047,-0.132819E-01
4.25659,102.062,-0.313689E-01
4.25720,102.077,0.393833E-01
4.25781,102.091,0.116178E-01
4.25842,102.106,-0.421423E-01
4.25903,102.121,0.227336E-01
4.25964,102.135,-0.251322E-01
4.26025,102.150,-0.224646E-01
4.26086,102.164,-0.419735E-01
4.26147,102.179,-0.279441E-01
4.26208,102.194,0.286384E-01
4.26270,102.208,-0.760519E-03
4.26331,102.223,0.140310E-01
4.26392,102.238,0.236290E-02
4.26453,102.252,0.372654E-01
4.26514,102.267,0.404168E-01
4.26575,102.281,-0.709033E-01
4.26636,102.296,0.128515E-01
4.26697,102.311,0.404453E-02
4.26758,102.325,0.398873E-01
4.26819,102.340,-0.127989
4.26880,102.355,0.274228E-01
4.26941,102.369,-0.154938E-01
4.27002,102.384,-0.690424E-01
4.27063,102.399,-0.268217E-01
4.27124,102.413,-0.688662E-02
4.27185,102.428,-0.579632E-01
4.27246,102.442,0.480645E-01
4.27307,102.457,-0.238645E-01
4.27368,102.472,-0.291436E-02
4.27429,102.486,-0.208827E-01
4.27490,102.501,0.891240E-01
4.27551,102.516,0.205564E-01
4.27612,102.530,0.156888
4.27673,102.545,-0.186705E-01
4.27734,102.560,-0.882570E-01
4.27795,102.574,0.204595E-01
4.27856,102.589,-0.292902E-01
4.27917,102.603,0.218704E-01
4.27979,102.618,-0.445873E-01
4.28040,102.633,0.122069E-01
4.28101,102.647,-0.124123
4.28162,102.662,-0.840128E-01
4.28223,102.677,-0.633098E-01
4.28284,102.691,0.159346E-02
4.28345,102.706,0.215563E-01
4.28406,102.721,-0.353049E-02
4.28467,102.735,-0.139292E-01
4.28528,102.750,0.113864
4.28589,102.764,0.819869E-03
4.28650,102.779,0.166932E-01
4.28711,102.794,0.150619E-02
4.28772,102.808,-0.224625E-01
4.28833,102.823,0.370167E-01
4.28894,102.838,-0.291100E-01
4.28955,102.852,0.983747E-02
4.29016,102.867,0.136852E-02
4.29077,102.882,0.304130E-02
4.29138,102.896,-0.480877E-01
4.29199,102.911,-0.560776E-02
4.29260,102.925,0.273393E-01
4.29321,102.940,0.397271E-01
4.29382,102.955,0.547777E-01
4.29443,102.969,-0.185859E-01
4.29504,102.984,-0.683814E-01
4.29565,102.999,-0.213637E-01
4.29626,103.013,0.130066E-01
4.29688,103.028,-0.975064E-02
4.29749,103.042,-0.493110E-01
4.29810,103.057,-0.238979E-02
4.29871,103.072,-0.249972E-01
4.29932,103.086,0.321066E-01
4.29993,103.101,0.474642E-01
4.30054,103.116,0.120882E-01
4.30115,103.130,0.555810E-01
4.30176,103.145,-0.541064E-01
4.30237,103.160,-0.473254E-01
4.30298,103.174,0.186263E-02
4.30359,103.189,-0.738660E-02
4.30420,103.203,-0.520159E-01
4.30481,103.218,0.546224E-01
4.30542,103.233,-0.961757E-02
4.30603,103.247,0.201043E-01
4.30664,103.262,-0.150587E-01
4.30725,103.277,-0.164328E-01
4.30786,103.291,-0.474833E-01
4.30847,103.306,0.328747E-01
4.30908,103.321,-0.307566E-01
4.30969,103.335,-0.104743E-01
4.31030,103.350,-0.357261E-01
4.31091,103.364,0.534988E-03
4.31152,103.379,-0.825245E-02
4.31213,103.394,0.473059E-01
4.31274,103.408,0.138820E-02
4.31335,103.423,-0.405334E-02
4.31396,103.438,-0.175311E-02
4.31458,103.452,-0.223122E-02
4.31519,103.467,0.165626E-01
4.31580,103.482,0.109820E-01
4.31641,103.496,-0.293846E-01
4.31702,103.511,0.116978E-01
4.31763,103.525,0.410883E-02
4.31824,103.540,-0.491694E-02
4.31885,103.555,0.544174E-01
4.31946,103.569,0.117500E-01
4.32007,103.584,0.118695
4.32068,103.599,-0.241302E-01
4.32129,103.613,-0.115477
4.32190,103.628,-0.212024E-01
4.32251,103.643,0.706001E-02
4.32312,103.657,-0.658227E-01
4.32373,103.672,-0.173479
4.32434,103.686,0.127956E-01
4.32495,103.701,0.625377E-02
4.32556,103.716,-0.102574
4.32617,103.730,-0.802902E-01
4.32678,103.745,-0.932555E-03
4.32739,103.760,0.956678E-01
4.32800,103.774,-0.110456E-01
4.32861,103.789,-0.176005E-01
4.32922,103.803,0.134328
4.32983,103.818,-0.197968E-01
4.33044,103.833,-0.403434E-02
4.33105,103.847,0.703972E-01
4.33167,103.862,-0.164653E-01
4.33228,103.877,0.549610E-01
4.33289,103.891,0.896637E-01
4.33350,103.906,0.107795
4.33411,103.921,-0.453100E-01
4.33472,103.935,-0.759304E-01
4.33533,103.950,0.546714E-01
4.33594,103.964,0.614577E-01
4.33655,103.979,-0.292728E-01
4.33716,103.994,0.104357E-01
4.33777,104.008,-0.150490E-02
4.33838,104.023,0.545605E-01
4.33899,104.038,-0.705048E-01
4.33960,104.052,-0.393866E-01
4.34021,104.067,0.611458E-02
4.34082,104.082,0.362568E-01
4.34143,104.096,-0.142509
4.34204,104.111,0.550587E-01
4.34265,104.125,0.979524E-01
4.34326,104.140,-0.524203E-01
4.34387,104.155,0.428442E-01
4.34448,104.169,-0.402480E-01
4.34509,104.184,0.480897E-01
4.34570,104.199,0.640327E-01
4.34631,104.213,0.476669E-02
4.34692,104.228,0.264257E-01
4.34753,104.243,0.185634E-01
4.34814,104.257,0.590385E-01
4.34875,104.272,-0.748607E-01
4.34937,104.286,-0.825537E-02
4.34998,104.301,-0.440154E-02
4.35059,104.316,-0.907417E-01
4.35120,104.330,0.205086E-01
4.35181,104.345,-0.663743E-01
4.35242,104.360,0.249806E-01
4.35303,104.374,0.830617E-02
4.35364,104.389,-0.177400E-01
4.35425,104.404,-0.208302E-01
4.35486,104.418,0.443112E-02
4.35547,104.433,0.398388E-02
4.35608,104.447,0.309167E-02
4.35669,104.462,-0.673682E-01
4.35730,104.477,-0.432092E-02
4.35791,104.491,0.666313E-02
4.35852,104.506,-0.299347E-01
4.35913,104.521,0.927064E-02
4.35974,104.535,0.189767E-01
4.36035,104.550,0.222443E-01
4.36096,104.565,0.630018E-01
4.36157,104.579,-0.383345E-02
4.36218,104.594,0.450877E-01
4.36279,104.608,0.343084E-01
4.36340,104.623,0.808078E-01
4.36401,104.638,-0.568027E-02
4.36462,104.652,0.253703E-01
4.36523,104.667,-0.224946E-01
4.36584,104.682,0.256998E-01
4.36646,104.696,-0.758362E-02
4.36707,104.711,0.127993E-01
4.36768,104.725,0.301763E-01
4.36829,104.740,0.553605E-01
4.36890,104.755,-0.190881
4.36951,104.769,-0.155044E-01
4.37012,104.784,0.338524E-01
4.37073,104.799,-0.675386E-01
4.37134,104.813,-0.661969E-01
4.37195,104.828,-0.810126E-01
4.37256,104.843,-0.687866E-01
4.37317,104.857,0.506852E-02
4.37378,104.872,-0.363855E-01
4.37439,104.886,0.285530E-01
4.37500,104.901,0.257948E-02
4.37561,104.916,0.471223E-01
4.37622,104.930,0.851195E-01
4.37683,104.945,0.159472E-01
4.37744,104.960,0.127686E-01
4.37805,104.974,-0.363588E-01
4.37866,104.989,0.892225E-01
4.37927,105.004,0.901075E-01
4.37988,105.018,0.119876
4.38049,105.033,0.157261E-02
4.38110,105.047,0.218233E-01
4.38171,105.062,-0.362973E-02
4.38232,105.077,-0.118368E-01
4.38293,105.091,0.173175E-01
4.38354,105.106,0.497732E-01
4.38416,105.121,0.352003E-01
4.38477,105.135,0.320797E-01
4.38538,105.150,0.143561E-01
4.38599,105.165,0.231779E-01
4.38660,105.179,0.330254E-01
4.38721,105.194,0.495240E-01
4.38782,105.208,0.886512E-03
4.38843,105.223,0.734134E-01
4.38904,105.238,-0.146757
4.38965,105.252,0.381336E-01
4.39026,105.267,-0.223413E-02
4.39087,105.282,0.299866E-01
4.39148,105.296,0.609697E-02
4.39209,105.311,-0.248466E-01
4.39270,105.326,-0.262006E-01
4.39331,105.340,-0.181791E-02
4.39392,105.355,-0.601220E-01
4.39453,105.369,-0.746645E-01
4.39514,105.384,-0.183618E-01
4.39575,105.399,-0.198581E-01
4.39636,105.413,-0.301867E-01
4.39697,105.428,-0.160088E-01
4.39758,105.443,-0.112182E-01
4.39819,105.457,-0.139387E-02
4.39880,105.472,0.996814E-01
4.39941,105.486,-0.257819E-01
4.40002,105.501,0.118892E-01
4.40063,105.516,-0.410527E-01
4.40125,105.530,-0.250750E-01
4.40186,105.545,0.656551E-02
4.40247,105.560,0.269175E-01
4.40308,105.574,-0.552101E-02
4.40369,105.589,0.279999E-01
4.40430,105.604,0.413001E-01
4.40491,105.618,0.655904E-01
4.40552,105.633,0.214452E-01
4.40613,105.647,-0.814796E-02
4.40674,105.662,0.500535E-03
4.40735,105.677,0.127443
4.40796,105.691,-0.221581E-01
4.40857,105.706,-0.242879E-01
4.40918,105.721,0.115529E-02
4.40979,105.735,-0.167707E-01
4.41040,105.750,0.455511E-01
4.41101,105.765,0.215293E-01
4.41162,105.779,0.363912E-02
4.41223,105.794,-0.146228
4.41284,105.808,0.197601E-02
4.41345,105.823,0.113004
4.41406,105.838,0.883691E-01
4.41467,105.852,0.190087E-01
4.41528,105.867,-0.509900E-01
4.41589,105.882,0.204258E-01
4.41650,105.896,-0.246842E-02
4.41711,105.911,0.252672E-01
4.41772,105.926,0.717277E-01
4.41833,105.940,-0.228273E-01
4.41895,105.955,0.259988E-01
4.41956,105.969,0.266392E-01
4.42017,105.984,0.642578E-01
4.42078,105.999,0.833580E-01
4.42139,106.013,0.565744E-01
4.42200,106.028,-0.475354E-01
4.42261,106.043,0.354007E-02
4.42322,106.057,0.261562E-01
4.42383,106.072,0.532513E-01
4.42444,106.087,-0.105125E-01
4.42505,106.101,-0.143531E-01
4.42566,106.116,0.869864E-01
4.42627,106.130,0.327510E-01
4.42688,106.145,-0.333629E-01
4.42749,106.160,0.109109
4.42810,106.174,0.435995E-01
4.42871,106.189,0.191434E-01
4.42932,106.204,0.792960E-01
4.42993,106.218,0.176311E-01
4.43054,106.233,0.476983E-01
4.43115,106.247,0.170002E-01
4.43176,106.262,0.569319E-01
4.43237,106.277,0.208071E-01
4.43298,106.291,0.711278E-01
4.43359,106.306,0.124696E-01
4.43420,106.321,0.578674E-01
4.43481,106.335,-0.589633E-01
4.43542,106.350,-0.908487E-02
4.43604,106.365,0.197840E-01
4.43665,106.379,0.677035E-01
4.43726,106.394,0.200480E-02
4.43787,106.408,0.993312E-01
4.43848,106.423,0.147876E-01
4.43909,106.438,-0.179256E-01
4.43970,106.452,0.514309E-01
4.44031,106.467,0.142844E-01
4.44092,106.482,0.154065E-01
4.44153,106.496,-0.315001E-01
4.44214,106.511,0.870972E-02
4.44275,106.526,0.145546E-01
4.44336,106.540,-0.926984E-02
4.44397,106.555,0.330863E-01
4.44458,106.569,-0.135610E-01
4.44519,106.584,0.226764E-01
4.44580,106.599,-0.296254E-01
4.44641,106.613,0.386677E-01
4.44702,106.628,0.810563E-01
4.44763,106.643,0.656355E-01
4.44824,106.657,0.408544E-02
4.44885,106.672,-0.170035E-01
4.44946,106.687,-0.462585E-02
4.45007,106.701,0.240501E-01
4.45068,106.716,-0.347341E-01
4.45129,106.730,0.799543E-01
4.45190,106.745,0.179183
4.45251,106.760,-0.117894
4.45312,106.774,0.621826E-01
4.45374,106.789,-0.438988E-03
4.45435,106.804,0.188305E-01
4.45496,106.818,0.318621E-02
4.45557,106.833,0.976427E-02
4.45618,106.848,-0.197753E-01
4.45679,106.862,-0.599871E-02
4.45740,106.877,-0.815435E-01
4.45801,106.891,0.380627E-01
4.45862,106.906,0.340182E-01
4.45923,106.921,-0.211572E-02
4.45984,106.935,-0.617584E-01
4.46045,106.950,-0.644650E-01
4.46106,106.965,-0.752400E-02
4.46167,106.979,0.219210E-01
4.46228,106.994,-0.358845E-01
4.46289,107.008,0.542483E-01
4.46350,107.023,-0.360712E-02
4.46411,107.038,-0.566546E-02
4.46472,107.052,-0.137761E-01
4.46533,107.067,-0.104054
4.46594,107.082,-0.196166E-01
4.46655,107.096,-0.106620
4.46716,107.111,0.620367E-01
4.46777,107.126,0.127676E-01
4.46838,107.140,0.298926E-02
4.46899,107.155,0.110978E-01
4.46960,107.169,0.134352
4.47021,107.184,0.307322E-02
4.47083,107.199,-0.257709E-01
4.47144,107.213,-0.392758E-02
4.47205,107.228,0.881335E-02
4.47266,107.243,-0.331063E-01
4.47327,107.257,0.151044E-01
4.47388,107.272,-0.157159E-01
4.47449,107.287,0.933966E-03
4.47510,107.301,-0.121955E-02
4.47571,107.316,0.822284E-02
4.47632,107.330,0.576976E-01
4.47693,107.345,-0.254945E-02
4.47754,107.360,-0.279699E-01
4.47815,107.374,0.711206E-01
4.47876,107.389,-0.264262E-01
4.47937,107.404,0.967582E-02
4.47998,107.418,-0.798181E-02
4.48059,107.433,0.171542E-02
4.48120,107.448,-0.832956E-02
4.48181,107.462,0.676125E-01
4.48242,107.477,0.563669E-02
4.48303,107.491,0.264267E-01
4.48364,107.506,0.261983E-03
4.48425,107.521,0.470647E-01
4.48486,107.535,0.482820E-01
4.48547,107.550,-0.239611E-01
4.48608,107.565,0.156213E-03
4.48669,107.579,-0.147762E-01
4.48730,107.594,-0.205300E-01
4.48792,107.609,-0.131994E-01
4.48853,107.623,0.727682E-01
4.48914,107.638,0.427530E-03
4.48975,107.652,0.159076E-01
4.49036,107.667,0.149056E-01
4.49097,107.682,0.666616E-02
4.49158,107.696,-0.430294E-02
4.49219,107.711,0.621899E-01
4.49280,107.726,0.423178E-01
4.49341,107.740,-0.353282E-01
4.49402,107.755,-0.128272E-01
4.49463,107.769,-0.381521E-01
4.49524,107.784,0.105080E-01
4.49585,107.799,0.219685E-01
4.49646,107.813,-0.353630E-02
4.49707,107.828,0.314134E-01
4.49768,107.843,0.226882
4.49829,107.857,0.235759E-01
4.49890,107.872,0.394060E-01
4.49951,107.887,-0.999844E-02
4.50012,107.901,0.235128E-01
4.50073,107.916,0.206759
4.50134,107.930,0.160612
4.50195,107.945,0.174236
4.50256,107.960,-0.346932E-01
4.50317,107.974,0.164570
4.50378,107.989,-0.120094
4.50439,108.004,0.138482E-01
4.50500,108.018,0.774536E-01
4.50562,108.033,0.287907E-02
4.50623,108.048,-0.135385E-01
4.50684,108.062,-0.818205E-01
4.50745,108.077,-0.712920E-01
4.50806,108.091,-0.131056E-01
4.50867,108.106,-0.822871E-01
4.50928,108.121,0.259253E-01
4.50989,108.135,0.752921E-01
4.51050,108.150,-0.561571E-01
4.51111,108.165,0.522857E-01
4.51172,108.179,-0.708664E-01
4.51233,108.194,-0.245288E-02
4.51294,108.209,-0.539757E-01
4.51355,108.223,-0.157450E-01
4.51416,108.238,0.741690E-01
4.51477,108.252,0.706584E-01
4.51538,108.267,-0.292379E-01
4.51599,108.282,-0.584810E-01
4.51660,108.296,0.105224
4.51721,108.311,0.300592E-01
4.51782,108.326,0.254930E-01
4.51843,108.340,-0.151740
4.51904,108.355,-0.344995E-01
4.51965,108.370,-0.102443E-01
4.52026,108.384,-0.337881E-01
4.52087,108.399,0.307133E-01
4.52148,108.413,0.662291E-01
4.52209,108.428,0.492380E-01
4.52271,108.443,0.180885
4.52332,108.457,-0.316725E-01
4.52393,108.472,0.448950E-01
4.52454,108.487,-0.796532E-02
4.52515,108.501,0.187370E-01
4.52576,108.516,-0.228387E-02
4.52637,108.530,-0.131841E-01
4.52698,108.545,0.165582
4.52759,108.560,0.298557E-01
4.52820,108.574,0.139333E-01
4.52881,108.589,-0.550265E-01
4.52942,108.604,0.184222E-01
4.53003,108.618,-0.844046E-01
4.53064,108.633,-0.305146E-01
4.53125,108.648,-0.779852E-01
4.53186,108.662,-0.634362E-02
4.53247,108.677,-0.725816E-02
4.53308,108.691,0.952001E-01
4.53369,108.706,-0.638169E-01
4.53430,108.721,0.915605E-03
4.53491,108.735,-0.186659E-02
4.53552,108.750,0.149981
4.53613,108.765,-0.733510E-03
4.53674,108.779,-0.137800
4.53735,108.794,0.386360E-01
4.53796,108.809,0.255675E-01
4.53857,108.823,0.199548E-03
4.53918,108.838,-0.594383E-02
4.53979,108.852,0.105561
4.54041,108.867,0.501908E-01
4.54102,108.882,0.918822E-01
4.54163,108.896,-0.141366E-01
4.54224,108.911,-0.302065E-01
4.54285,108.926,-0.181030E-01
4.54346,108.940,-0.293876E-01
4.54407,108.955,0.289290E-01
4.54468,108.970,0.139050
4.54529,108.984,0.135208
4.54590,108.999,0.140023E-01
4.54651,109.013,0.279252E-01
4.54712,109.028,-0.636356E-01
4.54773,109.043,0.597591E-02
4.54834,109.057,0.226614E-01
4.54895,109.072,0.882125E-02
4.54956,109.087,-0.154477E-01
4.55017,109.101,-0.136741E-01
4.55078,109.116,0.137674E-01
4.55139,109.131,-0.186757E-01
4.55200,109.145,-0.345952E-01
4.55261,109.160,0.399852E-01
4.55322,109.174,0.196792E-01
4.55383,109.189,0.160412E-01
4.55444,109.204,-0.285222E-01
4.55505,109.218,0.594406E-03
4.55566,109.233,0.122361E-01
4.55627,109.248,0.103675E-01
4.55688,109.262,0.102824
4.55750,109.277,0.341104E-01
4.55811,109.291,-0.445148E-01
4.55872,109.306,-0.315737E-01
4.55933,109.321,-0.121714
4.55994,109.335,0.102202
4.56055,109.350,0.140420E-01
4.56116,109.365,-0.412956E-01
4.56177,109.379,0.532834E-01
4.56238,109.394,0.145080
4.56299,109.409,-0.389140E-01
4.56360,109.423,0.784919E-02
4.56421,109.438,0.461859E-02
4.56482,109.452,-0.554840E-01
4.56543,109.467,0.203928E-01
4.56604,109.482,0.306202E-01
4.56665,109.496,0.442583E-01
4.56726,109.511,0.544740E-01
4.56787,109.526,-0.803539E-01
4.56848,109.540,0.192125E-01
4.56909,109.555,0.171042
4.56970,109.570,-0.511159E-01
4.57031,109.584,0.408724E-01
4.57092,109.599,0.180619E-01
4.57153,109.613,0.150735E-01
4.57214,109.628,-0.135252
4.57275,109.643,0.238970E-01
4.57336,109.657,0.956763E-01
4.57397,109.672,-0.399042E-01
4.57458,109.687,0.504058E-01
4.57520,109.701,0.557572E-01
4.57581,109.716,-0.856252E-01
4.57642,109.731,0.275601E-01
4.57703,109.745,-0.336200E-01
4.57764,109.760,0.357133E-01
4.57825,109.774,0.611091E-01
4.57886,109.789,-0.208272E-01
4.57947,109.804,0.126851E-01
4.58008,109.818,0.313818E-01
4.58069,109.833,0.404488E-01
4.58130,109.848,0.149524
4.58191,109.862,-0.432228E-01
4.58252,109.877,0.178333E-01
4.58313,109.892,-0.523184E-01
4.58374,109.906,-0.285193E-01
4.58435,109.921,-0.630826E-02
4.58496,109.935,0.242209E-01
4.58557,109.950,-0.176268E-01
4.58618,109.965,0.111626
4.58679,109.979,0.443905E-01
4.58740,109.994,-0.934239E-01
4.58801,110.009,0.181013E-01
4.58862,110.023,0.317194E-02
4.58923,110.038,0.606221E-01
4.58984,110.052,0.215675E-01
4.59045,110.067,0.108656
4.59106,110.082,-0.109599
4.59167,110.096,-0.159619E-01
4.59229,110.111,-0.251718E-02
4.59290,110.126,0.117497
4.59351,110.140,-0.542503E-01
4.59412,110.155,-0.103099
4.59473,110.170,-0.684999E-04
4.59534,110.184,0.399509E-02
4.59595,110.199,-0.143354
4.59656,110.213,0.675189E-01
4.59717,110.228,0.268882E-02
4.59778,110.243,0.379220E-01
4.59839,110.257,0.291639E-02
4.59900,110.272,0.332179E-01
4.59961,110.287,-0.187009E-01
4.60022,110.301,0.309133E-02
4.60083,110.316,-0.284742E-01
4.60144,110.331,0.849718E-01
4.60205,110.345,-0.111836E-01
4.60266,110.360,-0.310559E-03
4.60327,110.374,-0.376784E-01
4.60388,110.389,-0.126794
4.60449,110.404,-0.451549E-01
4.60510,110.418,0.812470E-01
4.60571,110.433,-0.625512E-01
4.60632,110.448,0.229989E-01
4.60693,110.462,0.267973E-02
4.60754,110.477,0.234404E-01
4.60815,110.492,0.596445E-01
4.60876,110.506,-0.791265E-01
4.60938,110.521,0.236579E-01
4.60999,110.535,-0.267474E-01
4.61060,110.550,0.108524E-01
4.61121,110.565,-0.884856E-02
4.61182,110.579,-0.141134E-01
4.61243,110.594,-0.478882E-01
4.61304,110.609,-0.508851E-02
4.61365,110.623,-0.774734E-02
4.61426,110.638,0.731844E-01
4.61487,110.653,-0.103837E-01
4.61548,110.667,-0.209003E-01
4.61609,110.682,0.903007E-01
4.61670,110.696,0.854849E-02
4.61731,110.711,-0.292457E-01
4.61792,110.726,0.100393E-01
4.61853,110.740,0.220923E-01
4.61914,110.755,-0.150841E-01
4.61975,110.770,0.119190E-02
4.62036,110.784,0.349304E-01
4.62097,110.799,0.146977
4.62158,110.813,-0.421877E-01
4.62219,110.828,0.263934E-01
4.62280,110.843,-0.105462E-01
4.62341,110.857,-0.286549E-01
4.62402,110.872,0.248324E-01
4.62463,110.887,0.724171E-02
4.62524,110.901,0.913359E-01
4.62585,110.916,0.517691E-01
4.62646,110.931,0.422435E-03
4.62708,110.945,0.174550E-01
4.62769,110.960,0.899813E-02
4.62830,110.974,0.825782E-01
4.62891,110.989,-0.342723E-04
4.62952,111.004,0.936881E-02
4.63013,111.018,0.222476E-01
4.63074,111.033,0.996369E-02
4.63135,111.048,-0.116458E-01
4.63196,111.062,0.207360E-01
4.63257,111.077,-0.884519E-01
4.63318,111.092,0.382947E-01
4.63379,111.106,-0.374586E-01
4.63440,111.121,0.172608
4.63501,111.135,0.193466E-01
4.63562,111.150,0.223615E-01
4.63623,111.165,-0.326440E-02
4.63684,111.179,-0.960971E-02
4.63745,111.194,0.800239E-01
4.63806,111.209,0.703124E-01
4.63867,111.223,0.327943E-01
4.63928,111.238,-0.402154E-02
4.63989,111.253,-0.489545E-01
4.64050,111.267,0.708162E-01
4.64111,111.282,-0.546222E-01
4.64172,111.296,0.236889E-01
4.64233,111.311,0.230156E-01
4.64294,111.326,0.418355E-01
4.64355,111.340,-0.277387E-01
4.64417,111.355,0.656157E-01
4.64478,111.370,0.734035E-01
4.64539,111.384,0.976819E-01
4.64600,111.399,0.603508E-01
4.64661,111.414,0.194426E-01
4.64722,111.428,0.352289E-02
4.64783,111.443,0.160491E-01
4.64844,111.457,-0.139423E-02
4.64905,111.472,-0.397912E-01
4.64966,111.487,0.341133E-01
4.65027,111.501,0.196404E-01
4.65088,111.516,0.163278E-01
4.65149,111.531,0.823848E-02
4.65210,111.545,0.721856E-01
4.65271,111.560,0.118297E-01
4.65332,111.574,0.156086E-01
4.65393,111.589,0.444703E-01
4.65454,111.604,0.895531E-02
4.65515,111.618,-0.319850E-02
4.65576,111.633,-0.723662E-01
4.65637,111.648,-0.127736
4.65698,111.662,-0.117941
4.65759,111.677,0.443583E-01
4.65820,111.692,0.753627E-03
4.65881,111.706,0.176636E-01
4.65942,111.721,-0.111988E-01
4.66003,111.735,0.433825E-01
4.66064,111.750,-0.313436E-01
4.66125,111.765,0.345037E-02
4.66187,111.779,-0.110945E-01
4.66248,111.794,0.669468E-01
4.66309,111.809,-0.578778E-01
4.66370,111.823,-0.536090E-01
4.66431,111.838,0.246787E-01
4.66492,111.853,0.312463E-01
4.66553,111.867,-0.160025E-01
4.66614,111.882,-0.111943E-01
4.66675,111.896,0.852426E-02
4.66736,111.911,-0.555799E-03
4.66797,111.926,0.129906
4.66858,111.940,0.477501E-01
4.66919,111.955,0.882069E-01
4.66980,111.970,-0.124707
4.67041,111.984,0.134889
4.67102,111.999,-0.218094E-01
4.67163,112.014,0.288825E-01
4.67224,112.028,-0.383229E-01
4.67285,112.043,-0.237452E-02
4.67346,112.057,0.620780E-01
4.67407,112.072,0.434065E-02
4.67468,112.087,-0.697978E-02
4.67529,112.101,-0.434077E-02
4.67590,112.116,0.689984E-01
4.67651,112.131,-0.136810
4.67712,112.145,-0.548383E-02
4.67773,112.160,-0.492319E-01
4.67834,112.175,-0.287777E-01
4.67896,112.189,0.404433E-02
4.67957,112.204,-0.460165E-01
4.68018,112.218,-0.745348E-02
4.68079,112.233,-0.613470E-01
4.68140,112.248,0.793042E-01
4.68201,112.262,-0.501672E-01
4.68262,112.277,-0.871785E-01
4.68323,112.292,0.544636E-01
4.68384,112.306,0.175502E-01
4.68445,112.321,-0.416055E-01
4.68506,112.335,0.178547E-01
4.68567,112.350,-0.356794E-01
4.68628,112.365,-0.358754E-01
4.68689,112.379,0.308548E-01
4.68750,112.394,0.399018E-01
4.68811,112.409,0.404155E-01
4.68872,112.423,0.141099E-01
4.68933,112.438,0.126406E-01
4.68994,112.453,0.263733E-01
4.69055,112.467,0.461635E-01
4.69116,112.482,-0.774656E-02
4.69177,112.496,-0.788643E-02
4.69238,112.511,0.114934
4.69299,112.526,-0.199116E-02
4.69360,112.540,-0.105555E-01
4.69421,112.555,-0.464490E-01
4.69482,112.570,-0.879051E-02
4.69543,112.584,-0.751387E-04
4.69604,112.599,0.156476E-01
4.69666,112.614,-0.830427E-02
4.69727,112.628,-0.107195E-01
4.69788,112.643,-0.957944E-02
4.69849,112.657,0.233000E-02
4.69910,112.672,0.784908E-01
4.69971,112.687,0.220786E-01
4.70032,112.701,0.222710E-01
4.70093,112.716,0.135668
4.70154,112.731,-0.100869E-01
4.70215,112.745,0.150326E-01
4.70276,112.760,-0.416871E-01
4.70337,112.775,-0.458127E-01
4.70398,112.789,0.147520E-01
4.70459,112.804,0.780144E-01
4.70520,112.818,-0.100047E-03
4.70581,112.833,-0.429926E-01
4.70642,112.848,0.707999E-01
4.70703,112.862,0.136366E-01
4.70764,112.877,0.381551E-01
4.70825,112.892,0.115308
4.70886,112.906,-0.336070E-01
4.70947,112.921,0.108491E-03
4.71008,112.936,0.157939E-01
4.71069,112.950,0.537934E-02
4.71130,112.965,0.400770E-01
4.71191,112.979,-0.316955E-01
4.71252,112.994,-0.109372E-01
4.71313,113.009,0.429359E-01
4.71375,113.023,-0.967885E-02
4.71436,113.038,0.225637E-01
4.71497,113.053,0.272564E-01
4.71558,113.067,-0.361870E-01
4.71619,113.082,0.505279E-03
4.71680,113.096,0.393573E-01
4.71741,113.111,0.651846E-02
4.71802,113.126,0.257731E-03
4.71863,113.140,0.466160E-01
4.71924,113.155,-0.760716E-01
4.71985,113.170,0.786530E-01
4.72046,113.184,0.297055E-01
4.72107,113.199,-0.957726E-04
4.72168,113.214,-0.167495E-01
4.72229,113.228,0.155456E-01
4.72290,113.243,0.194845E-02
4.72351,113.257,0.590263E-01
4.72412,113.272,0.122355
4.72473,113.287,0.675509E-01
4.72534,113.301,0.556271E-01
4.72595,113.316,0.423536E-01
4.72656,113.331,-0.202029
4.72717,113.345,-0.258106E-02
4.72778,113.360,-0.270522E-01
4.72839,113.375,0.999496E-01
4.72900,113.389,-0.104891
4.72961,113.404,0.152771E-01
4.73022,113.418,0.491878E-01
4.73083,113.433,-0.167128E-01
4.73145,113.448,-0.420403E-01
4.73206,113.462,0.153965E-01
4.73267,113.477,0.228495E-01
4.73328,113.492,-0.755618E-02
4.73389,113.506,-0.664315E-01
4.73450,113.521,0.374764E-01
4.73511,113.536,-0.940839E-02
4.73572,113.550,-0.171137E-01
4.73633,113.565,0.553252E-01
4.73694,113.579,0.205181E-01
4.73755,113.594,0.108403
4.73816,113.609,0.195414E-01
4.73877,113.623,-0.528812E-01
4.73938,113.638,0.183342E-01
4.73999,113.653,0.153306
4.74060,113.667,0.891352E-01
4.74121,113.682,0.136929
4.74182,113.697,-0.406403E-01
4.74243,113.711,0.427033E-01
4.74304,113.726,0.946551E-02
4.74365,113.740,0.340499E-01
4.74426,113.755,0.282119E-01
4.74487,113.770,-0.293442E-01
4.74548,113.784,-0.258214E-01
4.74609,113.799,-0.883774E-01
4.74670,113.814,-0.296252E-01
4.74731,113.828,0.549192E-02
4.74792,113.843,0.622034E-01
4.74854,113.857,0.311172E-02
4.74915,113.872,0.627320E-02
4.74976,113.887,0.182911E-01
4.75037,113.901,0.501204E-01
4.75098,113.916,-0.119960E-01
4.75159,113.931,0.217177E-01
4.75220,113.945,0.330308E-01
4.75281,113.960,-0.204080E-02
4.75342,113.975,-0.760385E-01
4.75403,113.989,-0.116454
4.75464,114.004,0.170184
4.75525,114.018,-0.551352E-01
4.75586,114.033,0.107155E-01
4.75647,114.048,-0.150762E-01
4.75708,114.062,-0.684222E-02
4.75769,114.077,0.373900E-01
4.75830,114.092,0.141972E-02
4.75891,114.106,0.370939E-02
4.75952,114.121,-0.305430E-01
4.76013,114.136,-0.891355E-01
4.76074,114.150,0.138772
4.76135,114.165,0.597117E-02
4.76196,114.179,-0.487516E-02
4.76257,114.194,-0.816067E-03
4.76318,114.209,-0.578872E-02
4.76379,114.223,-0.632401E-02
4.76440,114.238,0.631886E-01
4.76501,114.253,-0.519528E-01
4.76562,114.267,-0.118033
4.76624,114.282,-0.122951E-01
4.76685,114.297,0.119917
4.76746,114.311,0.174385E-01
4.76807,114.326,-0.184011E-01
4.76868,114.340,-0.388319E-01
4.76929,114.355,-0.950503E-01
4.76990,114.370,0.243099E-01
4.77051,114.384,0.219983E-02
4.77112,114.399,-0.232784E-01
4.77173,114.414,-0.179093E-02
4.77234,114.428,0.246954E-02
4.77295,114.443,0.571133E-01
4.77356,114.458,-0.789769E-01
4.77417,114.472,-0.917316E-02
4.77478,114.487,0.143866E-01
4.77539,114.501,0.529454E-01
4.77600,114.516,-0.934329E-01
4.77661,114.531,0.199331
4.77722,114.545,0.485797E-02
4.77783,114.560,0.341660E-01
4.77844,114.575,0.168973E-01
4.77905,114.589,0.523473E-01
4.77966,114.604,-0.233858E-01
4.78027,114.618,-0.281459E-01
4.78088,114.633,-0.116669
4.78149,114.648,0.156303E-01
4.78210,114.662,-0.223367E-01
4.78271,114.677,0.695401E-01
4.78333,114.692,-0.918359E-02
4.78394,114.706,0.969156E-01
4.78455,114.721,-0.457504E-01
4.78516,114.736,-0.204714E-01
4.78577,114.750,-0.135859E-01
4.78638,114.765,-0.162461
4.78699,114.779,-0.984961E-01
4.78760,114.794,-0.842042E-02
4.78821,114.809,0.140829E-01
4.78882,114.823,-0.304775E-01
4.78943,114.838,0.342948E-03
4.79004,114.853,-0.193354E-02
4.79065,114.867,0.695301E-02
4.79126,114.882,-0.169468E-02
4.79187,114.897,0.169793E-01
4.79248,114.911,0.904010E-03
4.79309,114.926,0.137956E-02
4.79370,114.940,-0.126341E-01
4.79431,114.955,-0.884993E-03
4.79492,114.970,-0.339465E-01
4.79553,114.984,0.535591E-01
4.79614,114.999,-0.165185E-01
4.79675,115.014,0.502668E-03
4.79736,115.028,0.100988
4.79797,115.043,-0.136626
4.79858,115.058,-0.469278E-03
4.79919,115.072,0.731469E-01
4.79980,115.087,0.720765E-02
4.80042,115.101,-0.153437
4.80103,115.116,0.672994E-01
4.80164,115.131,-0.117871E-01
4.80225,115.145,0.206046E-02
4.80286,115.160,-0.226069E-01
4.80347,115.175,-0.605584E-01
4.80408,115.189,0.440190E-02
4.80469,115.204,-0.732300E-01
4.80530,115.219,-0.656824E-01
4.80591,115.233,-0.128415
4.80652,115.248,-0.575694E-01
4.80713,115.262,-0.223737E-01
4.80774,115.277,0.546385E-01
4.80835,115.292,0.101300E-01
4.80896,115.306,-0.101948E-02
4.80957,115.321,-0.483949E-01
4.81018,115.336,0.748622E-01
4.81079,115.350,-0.223280E-01
4.81140,115.365,-0.155732E-01
4.81201,115.380,-0.803767E-01
4.81262,115.394,0.406604E-02
4.81323,115.409,0.170213
4.81384,115.423,0.152477E-01
4.81445,115.438,0.269565E-02
4.81506,115.453,-0.426515E-01
4.81567,115.467,-0.300134E-01
4.81628,115.482,-0.529748E-01
4.81689,115.497,0.264189E-01
4.81750,115.511,-0.349379E-03
4.81812,115.526,-0.127297E-03
4.81873,115.540,-0.155840E-01
4.81934,115.555,-0.470650E-02
4.81995,115.570,-0.160514E-01
4.82056,115.584,-0.363864
4.82117,115.599,0.782791E-02
4.82178,115.614,-0.995128E-01
4.82239,115.628,-0.210854E-01
4.82300,115.643,-0.209127E-01
4.82361,115.658,0.594760E-01
4.82422,115.672,0.530216E-01
4.82483,115.687,-0.488552E-01
4.82544,115.701,-0.133850
4.82605,115.716,0.203353E-01
4.82666,115.731,-0.637869E-01
4.82727,115.745,0.369851E-01
4.82788,115.760,0.656226E-02
4.82849,115.775,-0.239192E-02
4.82910,115.789,-0.197559E-01
4.82971,115.804,0.336753E-01
4.83032,115.819,-0.499847E-04
4.83093,115.833,0.235725E-01
4.83154,115.848,0.120820
4.83215,115.862,0.427850E-01
4.83276,115.877,-0.192235E-01
4.83337,115.892,0.324896E-01
4.83398,115.906,-0.724726E-02
4.83459,115.921,-0.116308E-01
4.83521,115.936,-0.121631E-02
4.83582,115.950,0.480567E-01
4.83643,115.965,0.568364E-01
4.83704,115.980,-0.212542E-02
4.83765,115.994,0.145049E-01
4.83826,116.009,0.219015E-01
4.83887,116.023,-0.216110E-01
4.83948,116.038,0.260768E-02
4.84009,116.053,0.103737E-01
4.84070,116.067,0.636217E-01
4.84131,116.082,0.178386E-01
4.84192,116.097,-0.102365E-01
4.84253,116.111,-0.197403E-01
4.84314,116.126,-0.287414E-03
4.84375,116.141,0.349526E-01
4.84436,116.155,0.177345E-01
4.84497,116.170,-0.507238E-01
4.84558,116.184,-0.337847E-03
4.84619,116.199,0.853116E-01
4.84680,116.214,-0.686219E-01
4.84741,116.228,-0.207814E-01
4.84802,116.243,-0.281152E-01
4.84863,116.258,0.221653E-01
4.84924,116.272,-0.163868E-01
4.84985,116.287,0.552597E-01
4.85046,116.301,0.623497E-01
4.85107,116.316,0.409763E-02
4.85168,116.331,0.273142E-01
4.85229,116.345,0.214883E-01
4.85291,116.360,0.724746E-01
4.85352,116.375,0.701900E-02
4.85413,116.389,0.612552E-01
4.85474,116.404,-0.881669E-01
4.85535,116.419,-0.370908E-01
4.85596,116.433,-0.330030E-01
4.85657,116.448,0.902779E-01
4.85718,116.462,-0.438756E-01
4.85779,116.477,0.559914E-03
4.85840,116.492,-0.507724E-01
4.85901,116.506,0.150244
4.85962,116.521,-0.260350E-01
4.86023,116.536,-0.191006E-01
4.86084,116.550,-0.641052E-01
4.86145,116.565,0.878015E-01
4.86206,116.580,0.429230E-02
4.86267,116.594,0.707668E-02
4.86328,116.609,-0.124917E-01
4.86389,116.623,-0.172802
4.86450,116.638,-0.120622
4.86511,116.653,-0.951783E-01
4.86572,116.667,0.111467E-03
4.86633,116.682,-0.659742E-01
4.86694,116.697,0.801042E-01
4.86755,116.711,-0.845741E-01
4.86816,116.726,-0.311672E-01
4.86877,116.741,0.473933E-01
4.86938,116.755,0.271304E-01
4.87000,116.770,0.303975E-01
4.87061,116.784,-0.278614E-01
4.87122,116.799,-0.835865E-01
4.87183,116.814,0.260712E-03
4.87244,116.828,-0.437994E-02
4.87305,116.843,0.138726E-01
4.87366,116.858,-0.139444E-01
4.87427,116.872,0.969610E-02
4.87488,116.887,0.425315E-02
4.87549,116.902,-0.129979E-01
4.87610,116.916,-0.185937E-01
4.87671,116.931,0.313998E-01
4.87732,116.945,-0.972983E-01
4.87793,116.960,0.143534E-01
4.87854,116.975,-0.364963E-01
4.87915,116.989,0.652126E-02
4.87976,117.004,0.395767E-01
4.88037,117.019,0.105348E-01
4.88098,117.033,-0.406615E-02
4.88159,117.048,0.228900E-01
4.88220,117.062,0.335932E-01
4.88281,117.077,0.126718E-01
4.88342,117.092,0.348480E-01
4.88403,117.106,-0.350390E-01
4.88464,117.121,0.912137E-02
4.88525,117.136,0.140235E-01
4.88586,117.150,-0.495340E-01
4.88647,117.165,0.140998
4.88708,117.180,-0.304040E-01
4.88770,117.194,0.173554E-01
4.88831,117.209,-0.377132E-01
4.88892,117.223,-0.769756E-01
4.88953,117.238,0.460900E-01
4.89014,117.253,0.235427E-02
4.89075,117.267,-0.256081E-01
4.89136,117.282,0.115137
4.89197,117.297,0.170065
4.89258,117.311,-0.439106E-01
4.89319,117.326,0.194582E-01
4.89380,117.341,0.226926E-01
4.89441,117.355,-0.499072E-01
4.89502,117.370,0.712004E-01
4.89563,117.384,0.122640E-01
4.89624,117.399,0.233841E-01
4.89685,117.414,-0.311911E-01
4.89746,117.428,0.110711E-01
4.89807,117.443,-0.840246E-02
4.89868,117.458,-0.410195E-01
4.89929,117.472,-0.420217E-02
4.89990,117.487,0.814982E-03
4.90051,117.502,-0.730409E-01
4.90112,117.516,0.335609E-01
4.90173,117.531,0.871365E-01
4.90234,117.545,-0.116468E-01
4.90295,117.560,0.398362E-01
4.90356,117.575,0.463250E-01
4.90417,117.589,-0.103193E-01
4.90479,117.604,-0.351191E-01
4.90540,117.619,-0.387487E-01
4.90601,117.633,0.357713
4.90662,117.648,-0.862081E-02
4.90723,117.663,0.101268E-01
4.90784,117.677,-0.419362E-01
4.90845,117.692,-0.880187E-01
4.90906,117.706,0.382739E-01
4.90967,117.721,0.122809E-02
4.91028,117.736,-0.205086E-01
4.91089,117.750,-0.125075E-01
4.91150,117.765,-0.452423E-01
4.91211,117.780,0.892581E-02
4.91272,117.794,-0.132508E-02
4.91333,117.809,-0.636224E-01
4.91394,117.823,0.283008E-01
4.91455,117.838,-0.386525E-01
4.91516,117.853,-0.812879E-01
4.91577,117.867,0.178738
4.91638,117.882,0.134788E-01
4.91699,117.897,0.336847E-01
4.91760,117.911,0.232239E-01
4.91821,117.926,0.229963E-01
4.91882,117.941,-0.230319E-01
4.91943,117.955,0.399219E-01
4.92004,117.970,-0.810840E-01
4.92065,117.984,-0.105450
4.92126,117.999,-0.113582
4.92188,118.014,-0.273240E-01
4.92249,118.028,-0.661485E-02
4.92310,118.043,0.387031E-01
4.92371,118.058,-0.306395E-01
4.92432,118.072,-0.107071E-01
4.92493,118.087,-0.599951E-01
4.92554,118.102,-0.572195E-01
4.92615,118.116,-0.210389
4.92676,118.131,-0.395166E-04
4.92737,118.145,-0.194103E-01
4.92798,118.160,0.326228E-01
4.92859,118.175,-0.375029E-01
4.92920,118.189,0.142140E-01
4.92981,118.204,0.268894E-01
4.93042,118.219,0.330189E-03
4.93103,118.233,0.425936E-01
4.93164,118.248,0.927736E-01
4.93225,118.263,-0.251267E-01
4.93286,118.277,-0.425323E-01
4.93347,118.292,-0.377624E-01
4.93408,118.306,0.720560E-02
4.93469,118.321,0.848518E-02
4.93530,118.336,0.576889E-01
4.93591,118.350,-0.171130E-01
4.93652,118.365,-0.540421E-01
4.93713,118.380,0.344348E-01
4.93774,118.394,-0.136252E-01
4.93835,118.409,-0.125824E-01
4.93896,118.424,-0.464955E-01
4.93958,118.438,0.519624E-01
4.94019,118.453,-0.111163
4.94080,118.467,0.313230E-02
4.94141,118.482,-0.700119E-02
4.94202,118.497,-0.249099E-01
4.94263,118.511,0.567573E-01
4.94324,118.526,-0.221827E-01
4.94385,118.541,0.140966E-01
4.94446,118.555,0.216596E-01
4.94507,118.570,-0.482461E-02
4.94568,118.584,-0.246254E-01
4.94629,118.599,0.514971E-01
4.94690,118.614,-0.265917E-02
4.94751,118.628,0.129943
4.94812,118.643,-0.247636E-01
4.94873,118.658,-0.713417E-01
4.94934,118.672,-0.190191E-01
4.94995,118.687,-0.141905
4.95056,118.702,0.510413E-01
4.95117,118.716,-0.174552E-01
4.95178,118.731,-0.461331E-01
4.95239,118.745,0.108861
4.95300,118.760,0.356043E-01
4.95361,118.775,0.147393
4.95422,118.789,-0.804586E-02
4.95483,118.804,0.143708E-01
4.95544,118.819,0.691200E-01
4.95605,118.833,-0.531888E-02
4.95667,118.848,0.260113E-01
4.95728,118.863,-0.882951E-01
4.95789,118.877,-0.966596E-01
4.95850,118.892,-0.155939E-01
4.95911,118.906,0.338795E-01
4.95972,118.921,0.190338E-01
4.96033,118.936,0.146603E-02
4.96094,118.950,0.798086E-01
4.96155,118.965,0.231356E-01
4.96216,118.980,0.408348E-01
4.96277,118.994,-0.114032E-01
4.96338,119.009,0.228864E-01
4.96399,119.024,-0.590229E-01
4.96460,119.038,-0.581777E-02
4.96521,119.053,0.292311E-01
4.96582,119.067,-0.198043E-01
4.96643,119.082,-0.160490E-01
4.96704,119.097,0.924200E-03
4.96765,119.111,-0.369026E-01
4.96826,119.126,-0.837310E-02
4.96887,119.141,0.190276E-01
4.96948,119.155,-0.191007E-01
4.97009,119.170,0.122819E-01
4.97070,119.185,-0.158033E-02
4.97131,119.199,0.235228E-01
4.97192,119.214,0.665862E-01
4.97253,119.228,-0.417359E-01
4.97314,119.243,0.349029E-01
4.97375,119.258,0.295873E-02
4.97437,119.272,0.283100E-01
4.97498,119.287,-0.905826E-01
4.97559,119.302,0.104395E-01
4.97620,119.316,0.255697E-01
4.97681,119.331,-0.116613
4.97742,119.345,-0.132671E-01
4.97803,119.360,-0.309118E-02
4.97864,119.375,-0.759338E-02
4.97925,119.389,0.154222
4.97986,119.404,0.935507E-02
4.98047,119.419,-0.329925E-01
4.98108,119.433,-0.360418E-01
4.98169,119.448,-0.271662E-01
4.98230,119.463,-0.139152
4.98291,119.477,-0.255255E-01
4.98352,119.492,-0.442207E-02
4.98413,119.506,-0.421541E-02
4.98474,119.521,-0.392154E-02
4.98535,119.536,-0.364943E-01
4.98596,119.550,0.109305
4.98657,119.565,-0.792633E-01
4.98718,119.580,0.385824E-01
4.98779,119.594,-0.997193E-01
4.98840,119.609,-0.624628E-02
4.98901,119.624,0.153780
4.98962,119.638,-0.276198E-01
4.99023,119.653,-0.219639E-02
4.99084,119.667,-0.135289E-01
4.99146,119.682,-0.871660E-03
4.99207,119.697,-0.679829E-01
4.99268,119.711,-0.753746E-01
4.99329,119.726,-0.287573E-01
4.99390,119.741,-0.119477E-01
4.99451,119.755,0.222151E-01
4.99512,119.770,-0.400636E-01
4.99573,119.785,0.335421E-02
4.99634,119.799,0.522631E-02
4.99695,119.814,0.423525E-02
4.99756,119.828,0.108039E-01
4.99817,119.843,-0.975359E-01
4.99878,119.858,-0.104972E-01
4.99939,119.872,0.399867E-02
5.00000,119.887,-0.295661E-02
